7 26 20 10 6 14 21 15 19 22 28 13 25 24 29 16 5 17 8 27 30 12 4 18 11 9 1 3 2 23
3 7 29 18 12 26 17 27 1 13 23 14 8 21 10 4 22 2 24 5 15 20 30 25 6 19 9 28 16 11
28 4 21 13 19 40 33 20 12 5 31 3 10 36 8 37 17 22 38 32 26 39 1 35 11 41 23 43 25 18 24 9 16 30 7 2 29 6 27 15 14 44 42 34
44 43 18 3 27 8 16 30 6 37 4 17 36 31 10 9 40 20 2 19 42 1 29 39 33 35 32 25 21 5 28 38 41 14 13 34 23 7 22 11 12 26 15 24
27 34 30 5 20 6 33 18 31 21 25 23 19 10 15 14 22 8 12 32 1 7 29 2 13 11 26 24 28 16 4 17 3 9
11 32 15 31 23 21 4 24 18 13 5 28 7 3 22 33 1 17 19 6 20 25 9 12 27 26 8 34 10 14 29 30 16 2
23 35 21 38 32 33 3 6 24 26 44 9 19 39 27 10 18 25 15 12 14 4 40 1 8 31 11 16 43 13 20 28 29 41 36 17 22 5 34 2 37 7 42 30
27 21 33 22 35 23 17 14 2 11 3 20 34 4 13 18 24 36 28 26 15 38 1 12 37 30 32 10 6 8 25 16 9 5 7 19 29 31
22 19 3 16 20 13 24 6 32 8 25 18 12 28 30 2 29 17 11 1 10 15 31 23 7 27 14 9 21 4 26 5
23 6 33 20 7 11 21 12 9 16 5 32 29 8 14 13 27 15 28 10 17 30 25 24 18 3 31 26 34 1 2 22 19 4
13 38 11 39 5 27 24 31 35 21 12 22 17 34 37 14 15 25 36 30 1 2 42 41 8 16 3 19 18 26 4 29 7 28 20 40 6 32 23 9 10 33
1 41 18 26 25 4 32 30 27 8 36 11 21 10 16 5 35 7 9 22 17 12 43 6 15 28 37 31 2 42 29 24 13 19 38 3 40 33 39 34 20 14 23 44
36 24 8 3 33 7 23 9 27 34 5 25 13 22 10 28 32 15 2 20 4 16 19 1 11 6 31 35 30 26 21 18 17 12 29 14
18 11 7 23 9 41 39 14 13 35 22 38 3 25 5 15 36 4 26 42 12 19 27 21 34 1 33 28 31 32 37 17 40 16 20 10 24 29 30 8 6 2
31 28 25 2 30 27 36 24 18 9 1 8 10 38 37 11 12 5 20 16 34 7 23 17 14 22 6 21 33 15 19 13 29 32 4 3 35 26
12 9 20 21 23 44 3 47 18 7 30 10 28 16 24 27 31 8 14 49 26 17 45 46 29 5 32 22 35 48 4 25 33 19 40 43 38 6 39 50 36 41 42 34 1 15 13 2 11 37
28 5 2 35 10 15 18 24 14 9 29 12 34 31 32 21 23 19 20 30 1 11 3 26 4 7 13 33 22 25 36 16 6 8 17 27
17 9 12 28 2 16 29 8 24 7 5 25 15 27 30 19 1 18 14 3 22 6 10 4 23 20 13 26 21 11
22 25 35 26 13 42 14 28 19 12 32 23 4 1 3 16 18 37 21 40 38 24 2 34 39 17 7 36 30 41 15 9 27 6 10 33 29 11 31 5 20 8
1 19 30 37 21 11 26 29 5 7 4 34 42 16 10 39 8 31 22 20 33 24 14 35 6 12 27 38 23 15 32 28 40 2 41 17 3 9 13 25 36 18
45 31 4 17 43 16 24 25 11 29 12 30 13 46 42 34 26 2 15 37 9 33 38 32 14 41 27 23 19 22 3 7 20 48 6 18 44 40 10 35 21 39 1 5 47 36 28 8
8 17 2 9 19 29 12 32 22 10 33 26 24 20 6 21 1 15 34 16 3 23 14 28 13 27 25 7 11 30 31 18 4 5
4 35 31 23 29 7 9 13 14 38 33 2 34 37 30 10 21 8 3 28 27 24 6 15 16 26 1 19 32 22 17 11 18 5 12 25 36 20
16 18 20 21 11 19 23 6 26 24 2 25 28 9 17 1 14 12 3 4 10 22 29 5 7 30 13 15 8 27
36 14 2 8 31 9 28 12 23 24 1 6 18 40 3 7 38 30 16 34 10 29 37 19 27 13 20 22 17 15 32 21 5 35 11 39 4 25 26 33
36 23 44 21 35 26 12 20 40 27 13 28 43 38 9 33 14 18 1 7 11 41 8 2 46 42 10 19 34 16 25 37 15 4 39 24 3 30 45 32 29 22 5 17 31 6
10 16 29 20 5 28 19 6 36 12 30 27 1 14 3 22 18 37 25 34 23 11 9 26 35 7 32 8 13 2 38 15 31 4 33 24 17 21
33 17 35 40 8 7 4 16 45 20 27 13 9 30 26 6 47 32 34 14 36 21 46 41 1 18 19 15 11 38 29 23 5 44 28 12 37 2 31 43 39 3 10 22 25 24 48 42
17 20 25 4 21 24 16 5 23 14 7 30 6 26 11 28 9 15 32 12 3 10 2 18 29 1 27 22 13 19 31 8
48 32 11 2 31 1 14 7 36 8 26 37 47 19 22 50 17 42 6 10 27 45 35 23 13 3 24 34 18 15 9 28 4 16 46 20 43 12 21 29 5 38 30 41 39 25 49 44 33 40
39 7 42 23 38 24 12 6 21 13 3 4 27 26 35 10 31 9 25 41 22 33 14 20 17 8 30 2 15 11 40 18 19 28 36 1 16 37 32 29 5 34
28 2 43 42 6 38 41 16 37 14 30 13 36 4 40 46 1 11 31 17 34 24 7 44 22 45 3 15 26 9 27 39 25 5 23 35 48 18 21 10 47 33 8 20 12 32 29 19
40 49 31 29 23 5 21 9 17 35 34 48 41 10 44 3 18 26 16 46 28 24 1 15 22 14 43 36 33 38 6 2 19 13 4 8 12 32 45 37 20 47 42 7 11 30 25 39 50 27
24 40 27 41 30 15 2 29 12 28 11 20 4 37 43 7 34 23 10 22 9 21 33 38 25 17 16 35 26 18 8 42 13 44 14 36 31 5 6 39 1 32 3 19
22 44 16 39 40 29 2 30 37 47 14 43 48 12 24 1 21 35 32 36 15 38 34 42 18 6 4 46 13 23 27 31 26 19 11 10 33 25 7 41 3 28 8 17 9 5 45 20
2 22 1 9 17 30 19 4 11 26 8 21 5 7 28 24 29 6 20 10 25 15 27 18 13 12 16 3 23 14
11 24 10 4 12 9 3 18 23 5 16 15 19 2 28 17 6 20 25 21 26 7 30 22 29 27 8 14 1 13
13 19 1 7 22 34 26 16 37 25 6 18 9 30 10 5 20 36 15 2 23 31 29 38 14 8 35 21 3 32 33 11 4 12 28 27 17 24
15 47 2 29 1 19 46 20 35 17 31 45 25 44 41 50 16 34 26 3 37 4 30 48 6 28 38 13 12 23 21 11 7 10 22 40 32 43 36 8 39 18 24 33 5 9 49 14 42 27
11 13 34 20 8 32 3 18 37 28 10 2 36 39 1 17 27 23 38 9 24 29 5 15 7 33 14 12 4 26 16 6 19 25 35 22 40 21 31 30
4 5 20 11 10 8 12 6 27 18 7 24 22 25 14 21 30 19 16 33 34 31 1 15 13 9 23 26 3 2 28 32 29 17
31 39 7 19 20 17 25 33 23 10 13 24 27 32 29 15 26 38 37 42 21 40 34 35 6 11 28 14 41 9 2 30 12 4 16 36 1 5 8 22 18 3
18 11 12 24 23 2 15 6 1 4 9 22 16 31 21 10 17 13 3 26 34 27 5 19 28 33 25 14 29 32 20 8 30 7
30 20 24 12 4 15 26 21 18 3 11 25 27 6 32 17 33 1 16 22 14 29 34 13 28 9 19 31 8 7 10 36 35 2 23 5
27 4 6 2 28 5 23 1 14 15 35 3 38 20 19 34 13 37 32 12 25 18 24 10 33 8 16 31 29 36 9 22 17 26 7 11 21 30
25 27 9 34 5 31 3 23 32 36 17 1 4 8 16 6 30 18 21 29 22 15 24 12 10 19 20 13 2 28 14 7 33 26 11 35
23 24 29 12 16 2 26 28 6 7 9 20 21 3 22 18 30 19 4 13 17 27 1 11 10 5 14 15 25 8
31 4 25 17 20 24 7 3 18 30 29 26 11 19 12 5 27 21 6 28 16 1 2 32 13 10 9 14 23 22 8 15
12 33 9 41 13 46 42 6 24 20 27 37 1 19 15 40 26 22 43 45 5 28 14 21 32 3 34 25 4 38 8 31 29 44 39 7 18 23 16 11 10 35 17 30 2 36
4 22 12 24 25 35 1 29 2 14 19 3 9 33 26 7 38 6 32 5 31 40 18 16 15 13 30 10 20 34 8 23 27 37 11 28 39 21 36 17
17 21 12 2 8 25 34 10 15 27 4 22 11 33 26 24 6 29 20 1 5 14 32 31 13 7 28 23 19 16 9 3 30 18
30 2 4 18 11 13 33 29 7 27 31 34 22 12 6 20 15 28 23 25 1 9 21 19 8 10 3 17 32 5 24 26 14 16
43 7 29 13 35 18 3 16 30 1 4 42 33 37 14 31 34 23 17 40 11 20 9 12 27 24 44 28 10 36 45 6 5 8 15 22 25 46 19 21 32 38 39 41 26 2
5 38 42 37 22 44 6 30 10 27 31 24 33 20 36 35 48 32 21 23 39 3 13 12 43 19 9 8 34 14 1 2 4 17 16 26 40 11 41 25 15 29 28 47 45 18 7 46
20 44 28 29 17 23 41 14 46 9 8 13 39 22 30 34 32 38 16 31 21 7 42 35 15 36 25 24 19 5 4 47 26 1 3 18 37 12 11 2 10 48 40 27 6 45 33 43
12 36 28 20 33 40 31 11 7 18 1 10 35 25 14 26 17 32 19 39 30 37 41 44 34 9 13 29 15 43 21 22 4 6 16 3 8 38 2 23 27 42 5 24
31 10 16 27 26 9 21 18 8 24 35 30 2 34 7 29 14 4 17 36 19 22 15 23 1 12 33 3 25 5 32 6 11 20 28 13
1 14 23 11 19 38 47 31 35 6 3 24 25 17 30 28 13 40 5 9 12 43 7 32 36 22 15 8 34 2 39 37 29 4 26 16 27 46 44 10 21 42 45 20 18 48 41 33
15 6 26 25 22 19 33 21 13 2 14 17 35 11 10 34 7 32 1 5 37 30 29 12 38 8 9 4 23 16 27 36 24 31 18 28 3 20
45 40 7 19 28 31 13 22 10 46 26 25 17 14 24 39 41 43 4 29 20 15 18 23 1 6 21 38 16 37 30 44 34 47 36 33 48 11 12 8 3 32 2 9 42 5 35 27
11 38 22 13 16 15 27 18 45 41 36 23 32 28 26 14 4 30 5 21 44 43 1 10 20 3 35 2 40 17 29 25 33 31 24 42 46 12 9 34 6 8 39 7 19 37
9 20 29 31 42 19 44 28 26 30 7 15 21 39 1 6 25 23 18 2 50 40 12 24 5 22 34 14 11 48 37 35 17 4 45 41 16 43 27 8 33 3 38 36 47 13 46 49 32 10
28 4 32 1 30 44 31 10 34 9 33 42 6 20 27 23 29 35 47 2 36 18 41 22 14 7 15 12 43 39 17 50 37 21 8 25 40 3 16 26 49 45 5 19 38 11 13 46 24 48
22 27 11 12 20 4 17 26 1 6 19 10 33 18 7 24 9 5 2 31 32 16 34 3 21 28 29 23 8 25 14 30 13 15
11 1 3 27 5 31 9 25 22 10 7 19 16 30 20 32 26 8 12 28 15 29 6 17 21 4 14 2 24 13 23 18
1 12 23 20 17 6 11 26 28 22 27 13 3 30 14 15 25 18 10 2 19 8 9 4 7 16 5 29 24 21
42 36 13 37 16 4 43 38 22 10 40 14 15 32 6 7 2 3 5 9 31 17 27 46 44 1 39 35 28 33 23 11 12 8 18 34 25 26 19 45 30 41 21 20 29 24
14 11 41 42 25 18 31 9 44 34 33 10 39 4 24 6 16 3 12 35 22 26 5 19 29 17 21 28 43 38 37 13 20 7 27 1 15 30 8 2 23 32 36 40
20 27 26 35 10 32 31 15 33 2 17 3 22 8 9 36 14 19 29 25 1 12 30 5 23 6 7 11 18 13 4 21 28 16 24 34
21 32 19 6 25 30 14 2 20 1 17 46 3 11 38 23 42 45 10 39 43 35 5 13 31 27 24 44 8 37 34 9 4 7 22 12 16 41 33 18 36 29 26 40 15 28
19 5 22 41 17 27 26 28 21 7 29 6 18 4 11 37 15 39 10 42 1 14 9 40 13 35 12 20 31 38 2 34 25 36 3 30 32 33 8 16 23 24
20 6 16 8 2 13 23 1 19 17 22 12 25 3 15 28 14 10 7 9 21 29 11 26 24 30 4 18 27 5
22 3 17 18 11 16 6 28 9 21 15 5 30 10 12 26 23 29 19 8 13 4 24 1 20 14 27 25 7 2
26 38 22 40 17 10 4 15 27 28 21 11 19 3 16 31 14 33 37 18 36 5 39 8 6 34 30 35 2 20 25 9 24 13 32 7 23 1 12 29
24 40 2 21 9 25 5 6 12 15 11 29 10 35 3 8 33 16 28 4 32 14 34 19 13 27 36 30 23 1 22 38 7 18 17 31 20 26 37 39
17 1 11 20 23 2 3 5 7 25 14 12 15 22 21 29 18 28 13 27 9 8 24 16 19 6 4 10 26 30
42 10 36 28 38 45 24 35 25 16 8 3 5 27 41 1 31 11 19 40 46 39 29 12 14 44 13 22 34 21 43 32 6 37 20 18 15 2 23 30 17 7 9 26 33 4
21 12 48 11 36 37 40 8 27 26 50 41 34 28 30 20 18 9 19 43 7 25 33 22 29 38 4 5 24 46 49 13 10 6 3 31 23 47 1 2 45 42 39 32 35 44 15 14 16 17
11 8 22 37 13 30 29 31 7 6 9 36 27 18 16 17 34 19 33 25 4 5 23 20 10 12 35 26 1 3 24 28 32 21 2 15 14 38
19 14 18 6 10 11 8 22 1 13 2 4 25 34 28 26 31 23 17 36 20 7 33 21 30 9 3 24 16 29 12 32 27 35 15 5
19 46 1 35 14 24 8 37 7 6 3 17 21 36 15 38 27 12 34 32 40 42 41 11 10 4 25 9 39 44 20 28 29 22 26 31 45 5 43 2 33 23 18 13 16 30
20 21 37 27 6 2 24 5 26 12 38 1 15 14 25 13 11 9 33 4 16 17 7 31 30 35 28 34 32 8 10 29 19 36 22 3 23 18
45 1 3 24 49 40 50 33 47 25 30 2 20 46 5 18 10 6 12 11 28 9 8 22 37 15 43 31 27 34 7 48 16 17 32 35 41 42 13 4 36 23 19 14 38 21 39 26 29 44
25 27 22 12 31 5 11 8 28 14 7 34 17 10 4 30 19 1 16 18 32 20 23 21 3 9 33 6 26 24 13 2 15 29
5 6 21 17 15 2 7 36 37 28 46 31 1 22 38 3 32 27 14 45 18 42 10 26 41 16 9 35 4 11 13 20 24 29 43 23 44 19 33 30 34 39 40 25 12 8
23 2 9 16 43 26 6 40 28 30 14 39 38 13 45 15 18 35 34 20 32 33 12 10 25 31 41 4 5 17 21 37 44 27 47 19 24 46 29 8 48 36 7 1 3 22 11 42
34 17 4 3 7 13 16 31 15 23 27 24 33 2 30 12 11 1 8 21 9 22 14 26 18 6 5 25 19 29 32 28 20 10
7 22 12 34 28 9 14 27 35 32 20 16 31 13 2 17 11 36 21 15 4 19 24 30 25 33 6 8 5 23 26 10 3 29 1 18
50 29 49 37 45 1 25 13 48 28 30 34 43 42 18 5 47 32 17 11 14 26 2 12 44 23 4 19 36 33 35 31 27 9 24 6 39 3 7 38 40 46 10 16 22 21 8 20 41 15
10 16 23 24 1 17 27 21 26 20 18 13 6 7 22 29 15 28 30 8 11 5 14 19 12 2 4 9 25 3
46 2 14 28 8 37 36 38 5 11 3 10 26 35 29 22 4 20 32 1 30 43 23 45 27 6 34 33 15 18 16 41 25 12 21 39 44 13 24 9 40 19 7 42 31 17
21 26 7 3 29 4 14 28 9 17 15 41 18 20 36 13 23 40 1 12 37 16 19 24 42 33 11 32 38 35 22 5 6 34 27 31 10 30 39 25 8 2
19 22 12 27 1 20 14 7 30 24 9 28 26 13 5 15 8 25 3 21 16 4 18 11 2 17 6 10 29 23
50 29 21 43 40 47 6 19 42 17 5 49 13 34 33 15 41 9 11 2 45 32 44 14 26 3 38 7 24 25 18 31 16 46 39 35 23 22 28 4 48 37 27 30 36 1 20 12 8 10
25 11 28 7 30 5 12 14 24 22 23 21 3 17 20 6 31 32 10 18 19 26 1 16 15 4 8 27 2 9 13 29
2 23 18 9 25 22 29 13 34 17 26 32 10 19 21 20 1 6 14 8 15 12 28 24 16 4 33 7 30 5 11 3 27 31
14 32 28 8 9 13 26 25 37 16 23 18 33 12 15 19 36 20 22 29 21 30 4 6 24 38 5 17 2 35 1 31 3 34 27 11 10 7
34 3 10 41 1 5 32 30 2 42 39 46 17 23 31 33 11 28 44 19 27 18 14 7 50 8 47 22 25 21 16 48 13 9 40 38 12 43 35 20 4 45 26 24 6 36 37 29 15 49
38 11 3 24 36 31 1 17 23 19 39 21 15 32 16 9 8 25 30 10 18 29 6 7 20 28 35 2 40 5 27 26 14 12 33 13 22 4 37 34
18 1 13 27 4 43 5 17 20 35 11 26 37 3 24 12 23 34 14 16 38 30 19 36 10 8 32 46 31 29 33 22 40 41 15 9 25 21 28 42 45 6 7 44 2 39
5 41 24 42 1 39 21 18 6 9 7 46 35 17 14 30 13 11 40 31 33 25 37 19 36 34 15 43 38 22 32 27 28 2 3 12 26 10 29 16 20 44 23 4 45 8
21 10 7 12 28 2 35 11 4 25 6 9 22 17 29 27 16 32 18 30 14 5 13 3 36 34 38 1 26 37 19 33 24 8 31 20 23 15
20 8 23 30 16 2 27 17 1 15 7 14 3 19 4 12 26 6 24 5 29 25 21 28 9 18 13 10 11 22
17 27 33 8 2 19 16 32 1 14 30 35 29 15 3 12 4 34 9 11 28 21 31 24 18 20 25 7 6 23 36 13 5 39 38 40 26 37 22 10
21 20 16 6 14 17 28 5 30 29 13 18 2 19 7 10 26 1 25 3 11 27 15 23 8 22 24 4 12 9
12 29 26 15 21 33 24 16 28 35 25 23 10 2 37 1 5 6 30 34 19 4 11 13 8 20 17 36 32 3 9 22 18 14 27 31 7 38
19 25 6 31 16 18 21 13 27 10 30 8 4 12 20 26 3 14 7 32 5 2 15 11 22 24 9 28 29 1 23 17
25 3 22 28 16 10 26 1 18 11 19 27 5 29 21 6 13 7 23 30 20 24 12 8 15 17 14 2 9 4
21 23 22 25 27 5 10 30 1 26 12 6 3 13 9 20 31 4 28 11 32 17 7 8 2 14 15 16 29 24 19 18
43 4 13 16 8 19 42 35 47 2 36 49 1 17 9 27 28 15 41 11 14 34 48 3 26 10 18 50 30 6 29 37 12 46 38 33 32 31 21 44 5 24 20 7 45 25 22 40 39 23
5 21 32 26 28 16 1 14 4 30 2 13 8 11 25 15 31 27 33 6 9 17 29 19 3 23 20 24 10 34 7 18 22 12
24 18 6 32 28 19 3 15 17 12 8 31 26 11 27 14 29 23 1 13 22 9 16 7 4 21 10 2 5 25 20 30
2 20 1 6 37 7 8 3 19 17 18 23 28 31 9 12 25 36 34 5 15 10 33 26 29 4 16 30 32 24 38 11 35 27 22 21 14 13
5 14 31 29 22 36 24 32 19 33 40 39 41 47 15 46 23 43 21 35 25 28 48 13 37 12 7 16 1 3 34 17 44 38 18 9 10 50 42 26 49 11 20 45 2 30 8 27 4 6
2 34 32 9 6 18 26 11 28 30 27 25 15 13 7 14 33 29 1 10 17 4 20 19 16 36 22 3 23 31 35 8 24 21 5 12
17 28 8 24 23 1 21 18 20 7 4 16 11 2 25 26 27 12 6 19 29 15 22 3 32 30 5 14 10 9 13 31
45 27 3 34 12 26 29 33 17 8 23 31 37 24 15 38 47 49 46 20 35 11 40 50 25 19 28 7 2 6 16 21 5 10 36 43 22 14 39 44 32 41 42 9 13 48 4 30 1 18
29 12 2 3 27 8 23 9 11 4 14 20 18 17 19 13 25 1 24 6 15 5 10 21 22 16 26 30 28 7
8 6 26 11 13 28 7 24 21 17 25 10 32 1 5 14 19 27 12 18 29 20 30 31 23 4 15 22 3 2 16 9
21 15 18 43 19 31 37 20 34 17 14 3 28 32 36 22 11 35 39 30 41 4 6 23 25 38 2 24 29 42 1 10 12 27 46 7 5 8 9 13 26 44 45 40 33 16
6 31 11 24 5 13 36 21 9 26 7 20 18 10 30 28 32 34 25 23 33 17 29 3 27 19 8 16 15 1 4 35 22 2 12 14
29 5 3 12 1 2 11 16 22 9 24 17 7 23 18 21 19 4 14 30 28 25 6 10 8 26 20 27 15 13
23 17 34 27 31 12 33 15 5 13 3 9 25 4 21 10 20 18 6 11 2 28 19 8 32 16 24 22 14 7 30 29 1 26
2 22 16 5 32 29 30 9 27 6 18 20 13 26 8 3 23 1 17 25 24 19 15 12 34 33 7 14 11 31 28 4 21 10
17 2 15 4 7 11 22 6 16 36 18 12 24 10 30 20 28 25 26 27 31 9 19 14 32 21 8 23 34 33 35 29 1 3 13 5
1 17 37 9 19 26 18 8 25 32 33 38 3 6 11 27 15 16 34 12 2 36 13 30 28 7 4 14 5 20 24 21 23 31 10 35 29 22
35 43 2 18 4 7 5 30 47 6 11 28 24 27 16 41 3 31 49 1 25 45 21 40 50 15 29 22 42 8 39 33 9 48 44 13 17 20 34 19 37 10 46 23 14 32 38 36 12 26
27 5 22 10 30 13 25 7 12 4 6 17 23 29 31 1 9 2 18 26 14 11 3 15 24 16 32 21 28 20 8 19
33 8 19 35 32 23 43 12 31 5 7 1 4 42 3 41 22 20 15 27 28 40 14 38 11 25 39 44 2 9 18 30 37 13 24 26 36 6 34 17 21 29 16 10
25 17 6 3 10 18 15 23 26 29 9 8 5 21 1 19 30 12 24 16 28 13 4 22 11 7 14 20 2 27
30 32 3 22 19 17 24 10 11 20 9 14 5 29 2 18 26 16 25 8 1 7 13 6 31 23 4 28 27 21 15 12
30 4 6 25 28 10 13 3 26 22 23 1 5 8 12 27 20 21 15 2 9 14 29 19 24 18 16 17 7 11
16 21 23 26 33 19 35 37 29 7 5 34 24 8 22 14 41 43 42 4 44 27 25 18 11 40 10 12 39 20 9 28 17 1 3 36 6 30 13 31 38 15 32 2
37 25 24 28 8 35 31 43 9 4 10 41 14 15 44 27 19 38 20 30 11 29 23 5 42 32 39 2 12 13 40 17 1 7 6 3 22 16 36 33 26 18 34 21
24 20 14 1 4 31 35 18 42 16 32 36 34 23 19 11 41 28 9 40 3 22 12 39 2 44 27 10 7 37 21 13 17 5 25 30 38 43 15 26 33 29 6 8
32 1 7 28 30 25 26 35 31 20 4 14 29 8 15 21 5 10 11 19 24 33 18 13 2 12 17 3 22 34 23 27 6 9 16 36
25 31 36 38 41 22 16 28 1 5 27 29 8 14 33 4 12 18 7 34 40 39 2 32 21 11 30 6 26 3 19 37 13 9 17 24 15 35 10 23 42 20
22 20 29 9 16 32 4 24 5 23 34 11 10 8 13 3 14 27 1 18 31 7 25 30 21 17 2 12 6 19 28 15 33 26
8 23 3 34 24 19 26 21 20 6 43 40 7 14 32 12 9 4 15 22 2 49 39 29 13 5 38 36 11 50 47 44 10 25 28 27 18 48 46 17 30 31 33 16 45 41 37 42 1 35
12 3 41 32 42 20 10 36 40 22 16 27 38 26 1 5 21 4 34 24 18 30 8 25 31 2 29 39 37 19 13 17 28 35 23 33 9 14 11 6 7 15
35 39 3 23 29 38 4 17 32 15 25 10 33 36 26 31 40 1 13 12 22 11 8 20 30 7 2 27 9 14 24 34 19 37 21 16 18 5 28 6
7 43 22 25 32 11 24 36 10 3 26 6 27 15 12 37 39 34 38 14 23 16 4 18 28 44 40 29 2 30 31 41 9 42 20 35 8 5 19 21 33 17 1 13
3 24 29 14 12 5 13 10 8 17 30 1 22 7 18 27 26 21 23 11 4 25 9 16 20 2 15 6 28 19
27 20 40 14 17 46 9 45 2 23 25 24 6 7 19 33 37 29 22 4 16 1 3 44 26 41 18 12 21 8 11 43 42 36 10 30 35 13 34 32 5 28 39 38 31 15
28 10 2 14 9 30 22 17 6 3 12 33 25 1 8 18 4 15 24 19 5 21 26 34 20 29 23 31 32 11 16 7 13 27
25 16 40 7 42 6 30 3 31 17 35 46 18 21 26 19 27 39 44 1 13 37 45 33 2 47 24 12 43 23 41 22 5 34 14 38 32 29 8 15 4 20 48 10 28 11 9 36
24 20 5 17 9 2 7 12 14 18 30 16 19 28 10 25 1 22 29 13 4 11 23 8 21 3 15 26 27 6
40 44 4 36 31 5 35 18 28 13 27 25 33 11 21 8 37 30 14 34 23 20 1 9 16 17 12 6 22 46 7 24 32 43 19 3 15 45 41 29 10 42 39 38 26 2
17 14 33 30 19 5 22 8 45 3 10 34 42 32 24 28 46 47 40 37 44 25 23 27 18 11 21 13 15 49 29 35 41 50 31 9 1 4 38 20 43 16 26 2 6 36 48 7 39 12
8 7 29 19 11 25 1 10 26 14 24 15 5 9 27 28 17 6 18 4 13 3 23 21 2 30 20 16 22 12
5 22 35 37 8 23 25 29 27 21 18 32 28 33 38 20 3 11 10 31 2 12 36 6 19 1 17 34 15 13 30 26 4 14 7 9 24 16
5 32 18 24 22 27 17 2 6 23 9 10 15 12 16 31 8 25 19 1 4 20 29 30 7 21 3 26 13 11 28 14
5 36 48 31 24 22 35 3 50 33 21 9 29 49 30 17 18 16 47 46 41 23 10 42 4 25 13 26 20 34 14 12 38 43 45 1 8 19 6 44 28 7 32 11 40 2 27 39 15 37
21 31 6 26 29 15 5 9 12 20 14 1 4 25 2 11 18 23 22 24 3 28 30 19 17 13 7 27 10 32 8 16
10 4 18 15 36 38 44 31 8 24 41 21 30 6 46 27 43 28 25 2 29 45 33 5 14 13 19 20 16 9 42 17 7 39 22 11 32 26 35 34 23 40 1 3 37 12
1 14 17 16 26 18 9 13 33 8 11 36 19 3 23 22 30 12 34 6 4 25 2 35 31 27 5 28 32 7 29 10 21 15 24 20
20 16 21 3 17 13 11 36 10 8 31 4 18 44 37 9 6 2 5 35 7 23 42 46 33 40 29 38 30 28 48 1 34 24 43 41 19 27 12 39 22 26 45 25 47 14 15 32
19 20 46 24 32 29 37 41 27 36 10 23 7 8 25 47 4 13 38 43 40 42 28 3 6 17 48 1 44 31 15 14 45 9 22 5 50 2 33 35 16 21 39 26 18 49 30 11 12 34
27 35 15 9 24 21 4 3 43 42 31 39 25 12 6 32 23 28 41 16 36 33 17 19 30 8 13 7 5 40 37 34 1 2 22 38 26 44 29 10 20 11 14 18
18 37 13 34 12 32 38 43 7 2 14 31 46 6 21 22 40 41 42 30 11 3 4 20 33 44 8 17 28 5 15 27 24 16 26 39 36 35 45 9 19 29 1 25 23 10
1 19 3 26 6 7 24 20 22 15 2 8 17 28 21 11 29 4 27 18 5 23 9 12 30 16 14 10 13 25
28 17 12 29 24 19 1 15 2 5 6 27 21 22 10 8 4 32 13 11 26 7 16 23 18 14 30 9 20 3 31 25
44 28 38 40 32 43 9 18 34 6 26 25 41 17 27 1 20 46 19 36 22 4 3 21 13 23 14 30 8 15 16 31 45 12 5 2 29 33 10 35 37 11 39 24 7 42
1 27 11 7 19 2 25 17 32 5 8 33 15 14 13 9 4 26 6 12 3 22 18 24 31 20 10 29 16 30 21 34 28 23
26 22 39 18 29 27 6 3 11 15 41 21 48 37 50 10 42 1 2 33 19 20 38 43 4 31 46 30 7 5 12 24 8 25 28 44 47 9 23 49 45 35 40 36 34 13 17 32 14 16
12 10 37 28 3 19 43 27 41 29 7 6 15 14 16 23 40 2 36 34 4 35 39 38 30 31 42 26 11 5 20 22 8 33 18 13 25 1 24 21 17 44 9 32
21 8 17 24 29 13 4 2 34 5 16 12 6 23 31 26 39 18 11 10 19 30 27 37 22 1 20 38 9 40 7 14 32 3 36 35 28 33 15 25
26 14 29 17 10 16 11 2 34 31 13 18 15 35 3 30 1 8 33 36 6 19 32 7 4 5 22 27 23 28 9 21 25 24 12 20
30 33 21 22 20 13 27 18 24 3 7 6 31 11 14 19 12 9 26 10 15 1 8 23 2 25 34 16 4 5 29 28 32 17
8 15 12 16 25 6 10 1 3 7 4 5 14 28 2 26 30 11 18 29 23 20 21 27 9 24 13 19 22 17
41 28 27 1 20 33 22 17 2 42 31 8 39 3 23 7 19 14 26 6 16 36 4 21 38 34 24 9 32 30 35 25 11 43 44 10 5 15 12 40 37 18 13 29
3 48 37 41 20 39 21 14 45 33 42 9 50 47 35 8 38 7 16 6 19 49 22 23 11 26 31 46 18 27 10 4 36 2 43 15 44 34 1 28 30 29 32 13 25 17 5 12 24 40
24 15 10 26 4 16 9 21 11 31 34 29 28 3 30 7 2 6 25 23 27 38 8 19 17 13 32 12 18 14 35 22 36 1 5 33 37 20
7 25 3 26 31 38 18 37 35 17 28 12 22 32 39 2 30 16 14 36 13 23 19 10 24 29 11 4 33 9 27 15 8 40 5 21 1 6 20 34
30 28 11 8 18 27 14 19 17 12 24 1 2 7 10 15 26 23 22 21 29 20 9 3 25 13 4 5 6 16
36 11 34 38 10 27 26 4 28 15 19 31 9 33 1 2 14 30 20 23 3 12 8 18 39 29 17 7 13 22 37 32 6 24 21 16 25 5 40 35
39 17 42 21 9 14 8 10 6 37 22 13 38 32 19 23 33 1 30 44 12 4 27 31 5 29 25 28 20 2 43 36 40 3 16 24 41 7 34 15 35 18 11 26
8 22 34 32 23 16 42 27 12 18 41 9 35 28 44 36 19 10 3 39 40 37 26 11 15 20 21 4 33 13 31 5 7 29 17 24 30 6 25 14 38 1 2 43
23 35 10 26 37 27 19 21 25 34 36 8 12 15 7 31 18 3 39 38 14 13 24 2 16 9 32 28 22 20 11 29 40 5 30 1 4 17 6 33
1 22 21 8 28 31 37 10 7 32 39 23 11 17 20 13 5 16 29 40 30 18 24 14 27 9 33 36 38 34 25 4 19 15 26 3 12 35 2 6
15 30 7 12 11 21 26 29 32 35 6 33 24 17 25 31 14 5 10 28 4 3 16 20 23 13 1 2 36 8 18 27 19 34 22 9
11 19 33 29 12 3 23 16 27 32 22 13 14 15 7 28 6 31 1 17 2 24 36 30 20 4 10 21 5 34 9 25 18 35 8 26
38 32 33 40 16 26 20 22 10 39 19 27 17 13 15 3 31 1 12 14 18 28 25 5 7 29 2 37 8 9 6 35 34 21 4 11 36 30 23 24
8 20 22 19 4 18 2 14 24 17 13 16 5 12 25 6 23 9 26 1 7 29 15 28 10 11 21 27 30 3
14 15 17 1 12 8 23 19 29 30 18 11 24 20 2 7 21 9 5 13 27 32 4 10 22 26 16 28 6 3 31 25
25 12 30 20 6 4 35 3 15 38 1 28 24 21 29 34 13 19 22 32 7 18 10 14 17 16 23 37 9 31 33 5 26 36 2 27 11 8
8 29 1 10 6 16 26 9 28 17 27 33 2 21 14 20 36 5 23 32 4 7 24 13 42 12 39 22 19 31 3 37 38 35 34 41 11 25 18 15 30 40
16 30 26 34 1 6 25 23 7 33 19 22 13 32 4 28 10 14 2 31 21 27 11 9 18 29 17 3 24 8 15 5 12 20
22 25 23 37 6 30 16 20 3 12 15 24 7 10 13 31 32 35 8 29 5 19 38 1 18 36 2 28 17 14 33 11 9 34 26 21 4 27
1 14 32 9 28 5 7 16 22 11 25 27 10 8 12 31 6 20 19 13 29 17 21 2 23 3 4 24 26 18 15 30
29 22 6 24 33 11 17 28 19 27 4 21 12 1 7 34 23 9 2 5 3 25 26 15 8 14 10 13 20 30 16 18 32 31
10 3 22 26 1 11 13 32 31 23 9 6 2 12 28 16 18 7 19 24 14 20 27 21 8 17 4 5 25 15 29 30
24 5 27 34 21 6 10 38 3 4 11 31 36 13 47 2 32 30 14 46 28 26 19 22 17 35 15 44 42 16 18 9 33 20 23 7 41 25 43 8 40 37 45 50 48 29 49 1 39 12
27 8 12 39 28 25 29 22 2 9 40 23 35 11 38 5 36 17 6 4 13 34 3 37 21 15 20 33 19 1 14 7 10 41 18 30 16 26 32 42 31 24
5 25 27 14 10 13 9 2 28 1 26 8 15 22 21 4 7 17 19 18 11 6 16 20 23 12 30 29 24 32 3 31
44 41 30 7 39 29 19 3 24 20 34 8 31 25 36 42 22 35 16 17 2 18 26 11 6 38 14 10 5 4 40 33 13 43 27 15 1 9 23 32 28 21 12 37
30 28 7 11 27 1 23 15 29 5 12 22 19 26 14 17 8 18 16 9 3 24 10 4 20 25 2 21 6 13
45 6 12 37 19 29 13 42 24 25 39 35 1 14 38 34 41 36 7 27 11 18 28 10 2 21 8 44 46 4 15 23 43 33 22 5 40 9 17 3 20 32 16 30 26 31
1 29 9 28 5 27 8 6 26 23 20 7 25 4 3 15 18 13 24 21 10 19 12 14 16 2 30 17 22 11
3 18 17 7 14 15 16 8 5 24 22 23 13 12 26 1 20 6 21 27 25 30 4 11 19 9 10 2 28 29
22 13 8 27 14 1 11 10 19 9 23 18 20 2 16 25 21 5 4 28 17 30 31 6 7 12 29 24 15 32 26 3
19 23 5 9 2 30 14 12 32 20 13 38 34 39 11 8 40 4 29 7 3 16 21 31 28 1 24 18 33 37 22 35 36 27 26 10 17 6 15 25
20 25 1 4 17 30 11 19 13 7 5 28 22 29 3 2 12 14 21 18 26 10 9 23 8 24 6 16 27 15
30 16 12 13 24 28 5 17 18 32 11 25 20 27 29 23 1 8 31 26 19 14 21 7 9 22 15 3 2 4 10 6
24 13 6 25 16 7 35 10 18 29 1 3 2 14 23 12 36 32 34 27 33 28 4 22 8 15 21 26 17 30 31 9 19 11 20 5
22 16 24 8 9 29 33 35 39 36 4 14 17 19 7 27 10 25 13 11 30 37 31 26 23 18 3 5 38 40 34 28 6 21 12 15 32 1 2 20
13 12 9 19 5 18 14 1 2 6 4 3 22 23 26 17 16 27 11 8 10 30 25 15 20 24 28 29 7 21
35 41 2 37 18 31 3 15 7 33 34 39 21 22 19 6 9 8 24 26 23 28 38 4 20 40 11 32 30 5 10 17 14 29 25 36 12 27 42 1 13 16
9 12 13 27 7 16 17 2 20 11 15 28 22 24 6 30 21 32 1 19 26 3 5 29 18 14 4 8 10 25 23 31
18 6 29 2 13 7 30 16 3 27 5 17 11 24 19 9 20 25 1 14 10 28 23 26 21 22 4 12 15 8
44 39 9 50 1 37 34 36 27 6 10 5 46 3 41 47 16 22 17 14 2 11 20 13 29 38 33 49 23 21 45 24 42 32 15 12 48 35 4 43 19 25 31 28 18 8 26 7 40 30
21 1 17 18 4 2 26 29 23 20 16 8 6 9 28 11 27 12 13 3 25 22 24 19 7 10 5 15 14 30
3 20 21 33 1 28 26 14 13 4 10 25 17 32 5 15 2 8 22 12 9 23 27 7 34 18 6 31 19 24 11 29 16 30
44 37 12 27 28 41 3 19 1 18 17 14 39 43 31 29 20 22 32 40 11 4 35 24 26 33 15 6 7 34 30 8 13 23 25 36 10 38 5 21 9 16 2 42
12 38 27 10 8 14 28 20 7 22 3 9 23 4 5 31 35 6 29 25 16 39 15 18 24 26 17 36 34 11 33 40 13 1 2 30 19 32 21 37
14 36 24 16 5 28 27 1 8 13 9 12 7 22 31 2 21 17 25 30 3 29 11 33 15 23 26 34 4 10 20 6 32 18 19 35
21 32 8 27 37 17 33 3 10 42 9 39 1 13 45 31 43 7 16 41 19 12 23 25 14 36 22 35 38 28 5 40 29 34 20 24 30 46 4 11 15 2 44 26 18 6
24 3 11 25 21 5 37 23 29 31 36 1 14 26 41 19 44 35 13 18 12 4 16 33 10 40 9 2 30 6 34 38 17 15 7 8 27 32 39 20 42 28 22 43
9 30 6 32 1 22 34 36 20 18 49 12 10 40 7 14 47 26 17 24 3 4 2 42 13 37 23 43 5 44 11 29 8 25 28 21 15 41 19 46 45 38 50 16 33 35 48 31 27 39
30 11 16 6 3 26 4 25 29 23 9 12 24 13 8 15 21 2 27 14 20 28 10 18 1 5 19 7 22 17
32 3 10 29 21 17 20 14 1 4 5 11 27 28 30 2 23 18 12 25 26 7 19 6 9 31 24 15 8 16 22 13
1 31 18 8 25 34 21 22 33 5 7 9 13 20 3 24 16 30 4 10 2 29 14 28 26 35 17 19 11 27 6 36 15 23 12 32
18 34 12 16 26 15 11 9 5 4 3 2 32 10 17 8 29 22 7 14 25 23 6 30 13 24 21 31 1 27 33 35 20 28 19 36
25 21 22 19 32 31 36 35 34 29 6 30 24 11 12 4 17 5 37 3 10 13 42 7 23 15 39 40 1 20 8 38 18 16 28 26 2 27 14 33 41 9
22 26 6 11 14 13 8 3 33 1 10 15 18 21 31 34 17 28 12 2 23 25 5 20 32 24 9 30 27 16 4 7 19 29
16 2 35 11 34 13 4 50 38 22 25 32 41 8 3 26 21 37 42 33 6 46 39 40 36 28 31 7 17 23 27 49 47 9 5 20 10 15 29 45 18 48 14 30 12 19 43 1 24 44
40 12 8 15 23 45 39 22 28 34 38 32 25 6 17 18 21 29 47 2 9 19 26 20 30 3 5 4 11 49 1 31 16 37 41 50 27 14 42 36 46 33 10 44 35 43 13 7 24 48
22 13 18 1 6 12 23 4 30 14 9 3 29 25 16 8 11 20 10 24 19 28 5 26 2 27 15 17 7 21
24 19 31 21 40 26 20 7 3 8 1 2 18 17 32 37 25 13 33 9 14 16 38 34 30 39 4 11 22 35 6 23 27 5 10 28 12 36 15 29
22 19 3 40 14 15 39 38 50 49 28 47 29 30 32 7 33 10 6 43 8 24 17 46 16 45 41 9 42 21 37 31 26 34 48 2 4 35 11 13 18 25 44 1 12 27 36 20 5 23
25 16 21 12 19 18 9 28 27 8 2 24 11 22 31 20 1 13 30 15 14 10 7 29 5 6 23 26 17 4 32 3
9 7 14 18 11 4 15 13 5 28 29 8 3 10 22 19 20 26 12 30 1 25 31 23 32 21 17 24 6 27 16 2
22 14 34 29 24 28 30 13 12 25 6 10 26 23 9 11 7 5 32 15 4 8 3 31 33 27 18 1 2 20 21 16 17 19
34 1 3 30 26 31 7 32 22 25 33 24 4 10 29 28 15 27 5 20 6 19 35 14 21 36 8 12 13 11 17 18 2 23 9 16
23 19 28 48 31 38 40 32 34 46 3 9 44 2 20 6 27 8 24 1 5 30 12 36 41 47 22 45 15 21 37 7 25 42 11 29 16 39 13 43 17 10 35 4 33 18 14 26
20 24 31 2 39 4 35 47 46 1 13 23 29 27 22 15 30 10 11 19 6 44 16 12 3 18 43 45 5 32 48 41 36 14 42 21 33 28 26 9 34 17 40 37 38 7 25 8
12 43 37 14 42 2 18 6 5 38 31 19 9 36 32 25 22 23 40 21 11 13 26 4 33 41 10 8 44 24 39 27 7 20 1 16 15 35 17 3 28 30 29 34
12 25 19 28 3 4 33 9 10 32 16 30 11 22 6 21 31 5 13 1 8 26 20 27 14 2 23 34 18 29 7 24 15 17
8 29 24 22 9 13 4 28 17 25 32 2 31 5 30 26 20 1 7 12 14 6 10 19 23 15 21 27 3 16 11 18
47 48 37 34 31 21 17 33 1 22 4 9 6 3 43 19 11 40 23 25 15 46 45 39 29 2 30 20 38 5 35 36 42 18 41 10 16 13 24 14 7 8 44 32 27 26 12 28
37 45 3 30 1 28 32 33 36 44 35 5 39 18 2 9 22 4 26 29 21 13 10 17 40 25 43 24 31 42 14 16 11 8 34 20 12 23 6 46 7 19 27 38 15 41
5 4 8 9 14 32 1 10 13 11 30 19 24 18 16 15 12 29 22 17 2 31 23 20 25 27 26 6 28 3 7 21
47 37 42 27 14 39 21 13 5 1 2 15 7 44 23 12 36 25 30 3 45 20 8 46 31 9 48 6 19 4 16 35 24 22 41 26 34 33 17 40 38 29 43 10 11 18 32 28
3 20 12 40 37 34 2 4 29 44 24 46 14 6 30 43 32 7 33 25 18 39 16 11 41 19 36 8 23 13 21 27 42 9 26 15 22 17 5 31 45 1 35 28 10 38
39 36 26 33 3 31 30 34 40 20 12 7 17 25 21 29 18 35 41 44 43 8 42 14 37 38 5 24 16 19 4 13 6 22 32 23 15 9 11 2 28 1 10 27
30 29 32 20 16 4 7 28 1 13 24 14 2 23 15 17 5 12 19 11 26 9 6 3 8 10 27 21 25 22 18 31
28 31 22 21 13 11 7 3 2 6 32 25 29 20 12 19 17 23 14 26 5 10 18 1 16 27 4 9 8 15 30 24
29 25 24 20 30 11 27 2 14 6 16 15 5 26 7 4 8 9 10 19 18 21 17 28 1 3 12 23 13 22
4 9 2 31 17 18 27 19 28 12 16 23 30 15 11 13 22 3 14 10 29 8 7 6 26 20 25 32 1 5 24 21
3 2 32 11 27 23 22 20 48 18 9 16 26 33 15 19 39 30 17 50 46 35 34 43 45 38 44 1 31 21 14 40 47 37 13 41 36 29 24 25 49 12 42 7 28 8 6 4 5 10
3 19 16 1 8 5 22 35 40 14 9 27 13 18 11 4 38 6 25 23 15 28 21 29 34 32 10 33 12 37 24 30 39 31 36 2 26 7 20 17
6 13 48 37 7 5 21 34 24 18 14 3 35 43 25 29 31 30 4 33 10 41 44 45 32 9 36 1 15 19 38 26 46 23 16 22 2 47 28 20 42 17 8 27 11 39 12 40
28 30 29 12 10 21 23 32 27 37 9 15 26 16 8 36 34 33 1 11 14 13 6 7 35 24 2 20 38 22 17 4 19 25 5 3 18 31
36 32 20 23 30 1 25 37 19 21 18 6 8 16 24 33 12 7 3 11 17 10 2 41 28 35 14 29 9 39 22 40 27 4 38 34 5 31 26 42 13 15
30 5 18 29 16 24 1 22 28 25 7 26 31 21 11 19 20 14 27 13 6 2 32 4 9 10 17 3 12 8 23 15
27 7 35 1 26 41 2 12 22 11 29 21 20 10 5 34 40 30 31 3 14 36 42 23 8 16 4 44 25 13 38 24 37 9 15 19 43 33 28 39 17 18 6 32
25 33 2 16 21 46 14 47 1 44 7 17 22 43 35 45 19 23 37 5 13 9 20 3 31 6 36 30 15 34 48 12 32 38 26 4 40 8 11 41 39 24 29 10 28 42 18 27
42 34 19 32 24 9 20 18 25 6 37 3 15 28 22 39 41 33 12 31 13 5 29 23 36 27 35 7 4 40 10 26 1 16 2 11 17 38 21 8 14 30
22 35 30 16 13 2 12 3 17 10 24 7 14 15 38 29 20 4 11 36 33 1 31 9 34 21 5 28 26 32 8 25 23 27 19 6 18 37
5 40 10 16 17 38 4 20 19 9 28 21 35 14 8 36 26 13 37 33 18 2 23 25 11 7 24 1 22 29 30 15 27 31 12 39 32 6 34 3
30 23 14 22 31 38 16 17 34 12 32 28 36 27 37 26 15 3 7 24 40 19 33 39 29 6 2 20 11 18 4 8 25 21 10 13 1 5 35 9
29 19 22 35 21 13 5 40 31 39 15 32 46 4 16 47 43 44 38 3 14 20 45 28 24 6 11 26 36 25 37 34 8 33 30 2 27 41 9 48 17 12 23 18 42 1 10 7
31 34 12 14 30 2 7 21 10 4 13 6 36 8 35 18 26 28 32 19 11 37 24 22 27 3 16 23 9 20 17 5 29 38 1 25 15 33
12 16 6 9 19 14 21 17 30 13 5 1 4 22 11 28 26 23 3 29 27 2 18 10 8 24 15 7 25 20
29 13 4 5 22 20 26 16 7 24 23 19 18 2 21 6 14 11 27 8 17 28 9 3 10 15 30 1 25 12
37 41 35 9 5 27 26 21 20 25 13 42 31 44 48 30 24 34 32 2 7 16 46 40 39 33 4 19 43 18 47 12 3 29 8 17 23 22 28 11 45 1 15 6 36 10 14 38
39 22 10 37 7 38 15 14 46 35 6 13 16 8 20 36 12 11 41 1 27 18 19 30 9 21 5 42 4 32 2 17 34 29 28 40 44 45 43 33 26 31 3 23 25 24
6 5 32 15 13 22 24 26 12 14 21 4 25 1 2 9 18 10 19 11 28 23 3 29 30 17 20 8 31 7 16 27
9 22 43 26 36 1 13 8 6 31 37 18 38 39 3 24 40 10 16 23 32 20 4 7 5 29 41 17 14 2 19 12 33 25 11 21 27 35 34 28 30 42 44 15
28 23 8 20 31 25 19 13 29 11 21 17 18 32 33 4 7 27 30 16 2 6 15 22 14 1 10 5 9 12 3 24 26 34
9 11 30 14 19 10 31 34 18 5 25 6 33 27 2 13 8 17 15 21 3 35 22 4 20 24 23 36 16 32 7 26 1 12 29 28
31 19 27 21 1 3 7 20 11 8 22 17 29 23 10 25 14 28 24 12 32 16 18 36 33 13 4 2 15 30 6 9 35 5 26 34
32 10 22 36 38 3 24 28 5 30 7 14 15 4 13 33 29 35 16 37 31 17 18 8 12 11 2 27 9 6 26 20 21 25 34 1 19 23
22 46 35 42 31 15 27 19 20 26 1 13 12 44 8 23 48 29 17 3 25 7 21 11 5 18 6 9 39 41 30 38 36 47 33 2 16 34 28 43 37 32 45 24 4 40 14 10
28 38 19 34 37 35 21 44 36 17 27 45 3 33 32 4 11 25 22 8 12 1 9 30 16 23 10 18 24 2 7 6 14 29 20 42 39 15 43 26 46 5 13 31 40 41
2 6 26 20 16 28 29 19 22 23 27 9 11 8 7 24 15 5 3 12 4 30 1 25 21 14 10 18 13 17
19 7 13 18 22 1 8 12 6 30 23 16 27 14 5 20 9 24 26 29 2 15 21 11 28 3 10 25 4 17
5 13 17 19 23 36 32 16 11 34 1 12 9 8 27 35 31 22 26 33 30 21 24 10 20 4 2 18 7 6 29 15 28 25 14 3
7 30 24 5 2 29 16 27 15 32 12 6 26 34 31 21 22 10 19 11 17 25 18 1 14 8 23 4 28 3 13 20 9 33
28 6 4 30 26 12 5 25 13 21 7 22 15 1 2 14 23 9 16 18 17 19 3 29 20 8 27 10 24 11
47 43 10 33 2 26 9 24 41 19 8 1 4 40 29 30 45 16 35 36 38 11 37 25 21 39 32 22 23 12 13 17 27 15 3 42 48 44 18 14 31 5 20 46 28 34 6 7
46 34 19 13 38 17 33 21 22 28 16 10 8 15 23 48 5 27 2 9 31 7 29 37 49 12 45 40 42 25 24 39 30 20 1 6 44 4 32 41 36 11 18 3 50 47 43 35 14 26
25 18 16 9 6 5 3 22 29 14 27 13 21 26 28 11 15 20 32 8 31 24 19 30 23 1 2 17 4 12 7 10
14 48 40 8 39 23 43 44 42 36 27 21 38 41 35 15 11 2 33 46 32 12 34 24 25 4 31 45 29 18 13 22 7 26 6 19 47 5 16 3 17 20 1 9 30 37 28 10
26 20 12 18 23 6 29 7 15 32 19 17 27 2 16 5 9 8 28 1 10 33 30 4 11 24 21 3 25 34 13 14 22 31
33 12 2 7 32 19 22 14 39 41 25 3 38 35 24 13 28 5 8 4 23 15 20 29 30 42 40 6 34 17 26 21 1 11 36 9 18 31 16 37 27 10
11 19 17 29 20 6 30 18 15 28 7 32 26 34 14 13 31 24 1 5 10 4 16 3 8 23 21 22 2 27 33 12 9 25
22 39 24 15 14 18 21 32 10 13 35 6 43 9 37 20 26 12 36 25 7 29 19 33 1 4 38 27 11 40 16 30 42 5 31 41 8 45 17 46 34 28 3 44 23 2
36 23 14 11 24 10 16 28 30 27 15 37 13 21 17 8 32 6 2 39 40 31 18 26 20 22 35 19 25 7 33 38 4 12 34 5 29 1 3 9
25 45 5 46 10 40 6 21 4 9 32 48 3 13 36 33 29 15 30 17 7 22 19 8 23 20 11 34 26 28 38 47 12 14 44 2 42 43 41 37 16 27 18 24 39 35 1 31
31 27 5 20 30 12 33 10 25 14 22 9 1 8 32 24 3 15 19 6 34 26 2 7 18 4 21 11 28 13 16 29 17 23
31 11 7 25 2 29 1 19 9 20 21 6 30 16 28 8 13 12 27 23 26 34 5 32 14 15 10 24 22 4 17 18 3 33
7 4 24 12 28 10 36 1 21 35 31 16 6 5 14 19 20 29 13 30 3 38 8 2 17 15 11 37 26 32 33 9 25 18 27 22 23 34
31 15 20 32 4 7 16 22 17 35 14 5 25 6 3 33 21 36 8 28 34 24 11 23 19 18 27 2 26 29 12 13 30 1 10 9
39 30 43 25 14 13 6 34 42 22 26 23 19 24 4 32 8 41 31 18 36 2 5 11 21 28 20 10 27 40 16 3 35 17 38 12 37 1 9 33 44 15 7 29
13 33 48 39 29 11 5 22 9 36 23 18 1 14 16 2 38 42 32 19 35 27 43 25 40 10 46 31 30 45 4 12 24 8 20 47 6 41 17 3 34 44 7 26 28 15 37 21
1 19 15 26 2 5 24 36 10 31 9 21 6 38 27 29 11 34 32 23 13 4 3 14 17 7 8 40 30 20 33 28 12 25 22 16 35 18 37 39
8 25 10 34 3 4 24 46 44 38 32 27 19 13 31 23 45 36 41 40 33 1 21 6 12 29 16 26 35 14 17 20 5 11 28 37 39 22 42 18 9 30 7 43 15 2
9 11 13 32 30 27 22 24 23 21 7 29 6 1 2 20 17 14 31 15 8 5 3 16 12 25 4 28 19 10 26 18
21 26 16 31 23 11 28 42 35 12 9 20 18 43 41 33 7 48 40 44 14 50 2 25 5 10 29 39 22 46 19 8 30 15 49 1 47 36 32 13 45 27 34 6 17 3 24 37 38 4
40 3 26 6 9 8 34 4 25 38 21 36 14 13 20 30 11 24 5 16 22 31 27 29 35 17 2 15 28 10 32 37 39 1 7 18 33 19 23 12
13 25 6 34 28 40 30 12 33 15 19 3 20 31 16 42 22 14 38 46 11 27 48 44 45 37 21 43 26 35 17 39 10 2 32 8 4 24 5 49 47 9 41 18 7 36 1 29 23 50
35 30 4 17 12 6 8 14 22 31 32 23 20 11 16 24 36 29 21 25 7 38 28 26 19 15 5 37 1 34 9 10 2 33 3 18 13 27
20 15 14 11 2 34 9 18 12 25 30 5 32 21 3 13 26 33 8 16 17 22 36 31 29 27 7 6 10 23 19 35 1 4 28 24
23 21 5 25 12 10 31 28 36 14 7 32 2 34 16 17 1 11 30 9 3 20 26 27 24 4 22 15 18 13 19 35 8 29 6 33
6 24 23 7 36 33 39 26 15 14 32 9 16 37 10 31 25 11 40 3 2 19 17 35 27 8 13 18 1 5 30 38 12 4 34 29 28 21 20 22
31 28 32 33 21 16 34 13 9 10 38 25 1 7 14 24 30 20 27 23 37 3 8 29 4 12 5 26 18 22 19 17 6 35 11 36 15 2
47 12 20 40 30 28 11 9 14 33 22 38 17 39 31 42 3 46 5 37 24 43 23 21 29 1 27 36 6 10 18 44 49 50 41 45 13 4 19 15 25 16 2 8 34 32 48 35 7 26
17 20 33 34 23 5 42 24 11 22 3 30 29 37 43 12 10 16 25 2 38 8 41 15 6 31 27 26 18 28 35 13 39 4 44 36 1 19 46 14 9 7 40 21 45 32
23 33 12 5 11 24 21 19 22 34 13 38 37 40 17 14 30 35 29 7 20 15 18 28 2 10 4 26 1 16 3 32 31 27 39 36 25 6 8 9
25 23 11 9 27 28 34 36 20 37 21 32 5 24 38 13 4 18 29 35 15 10 31 3 19 6 12 16 8 14 2 22 26 30 1 7 17 33
19 6 4 7 31 15 11 8 32 16 30 10 1 3 17 36 5 37 9 2 24 29 25 34 33 38 22 26 18 40 35 27 21 13 12 23 14 28 39 20
2 26 27 23 16 25 15 31 6 37 49 29 32 1 19 41 34 44 33 50 47 12 18 22 35 11 39 14 38 42 7 17 4 3 48 21 8 40 30 43 36 10 9 20 28 24 13 46 45 5
33 1 19 20 35 21 10 37 11 44 16 34 24 49 36 18 30 50 22 15 42 31 9 32 8 14 2 40 28 5 25 7 17 26 45 47 6 39 48 13 3 38 12 29 23 27 41 4 43 46
29 12 15 21 10 26 4 17 23 28 7 9 14 25 6 27 20 18 19 11 13 2 3 30 16 24 1 5 22 8
31 32 10 12 7 29 2 6 19 8 25 23 30 1 13 20 28 16 21 27 14 22 5 9 11 4 17 18 3 24 26 15
9 8 12 19 29 10 36 22 7 3 5 33 14 28 20 35 2 18 32 13 21 26 17 15 4 6 16 1 11 25 31 27 30 24 23 34
22 29 21 18 8 2 10 7 19 26 12 27 25 14 34 37 15 33 35 4 13 23 17 16 28 30 24 5 31 9 40 1 36 39 6 38 20 3 32 11
12 33 27 23 31 39 1 32 13 2 35 34 26 3 41 9 16 21 36 11 18 29 38 19 25 17 24 5 42 14 10 22 37 7 8 30 40 28 4 20 6 15
29 6 20 36 4 42 47 28 11 5 49 25 26 15 17 45 14 50 35 40 10 7 33 8 19 41 23 18 3 12 34 2 13 27 43 1 9 31 48 44 21 22 16 30 37 46 38 32 39 24
31 10 5 7 9 47 37 49 16 17 24 48 33 12 26 21 11 20 23 19 34 38 43 1 2 18 46 32 3 13 50 14 44 41 25 40 29 15 22 36 8 42 30 28 35 27 39 45 6 4
25 40 41 13 29 19 14 24 34 27 39 23 12 17 2 38 18 3 4 20 10 21 15 36 11 37 5 16 26 7 42 30 1 22 6 33 32 35 8 9 28 31
27 7 6 37 31 4 11 39 40 30 20 24 5 18 12 35 1 21 8 9 36 23 3 17 19 38 10 29 15 2 32 22 34 26 14 25 13 16 33 28
23 16 4 25 28 37 15 30 2 14 20 21 39 36 38 18 11 26 9 19 6 13 3 10 5 27 33 32 12 34 22 41 1 17 8 7 31 35 24 29 40 42
12 16 2 11 10 18 35 34 4 24 1 17 8 28 14 30 3 9 38 6 32 20 26 42 23 44 31 33 25 40 5 27 41 19 37 29 22 13 43 15 7 36 21 39
1 30 21 31 46 43 49 27 6 44 3 37 47 33 29 48 32 15 7 36 42 50 38 12 8 39 14 10 13 19 18 22 25 5 45 34 41 4 2 24 11 23 26 20 16 28 35 40 17 9
25 1 21 10 26 23 5 15 24 17 2 12 19 30 27 8 29 14 22 16 6 3 20 13 11 18 28 7 9 4
9 19 10 24 21 14 33 8 16 7 30 20 17 28 31 13 23 26 6 12 32 5 4 25 22 11 3 29 18 27 34 15 1 2
24 27 35 1 16 28 21 6 12 18 9 20 34 33 5 41 4 10 3 23 39 17 15 11 38 29 25 19 36 14 42 30 31 40 26 7 22 37 8 2 13 32
3 2 13 23 18 17 32 33 1 11 30 35 37 28 10 16 9 14 27 19 8 7 34 25 22 24 26 31 4 38 15 36 6 12 21 5 20 29
8 12 11 30 21 4 15 1 7 28 10 6 29 16 24 25 22 23 9 31 19 14 32 5 18 13 27 26 3 20 17 2
25 1 21 15 10 23 7 11 3 14 27 19 26 13 8 28 4 16 20 29 18 30 22 9 5 2 17 12 24 6
7 32 22 28 10 27 23 31 16 8 36 15 2 6 20 17 5 24 1 11 38 4 26 9 34 30 12 29 35 37 13 19 25 18 14 3 21 33
31 4 41 3 32 18 25 42 17 28 5 20 16 34 38 40 13 30 2 33 14 8 21 12 1 10 24 35 26 37 36 15 7 11 39 23 22 6 9 29 19 27
41 31 15 35 42 39 43 21 25 11 32 36 45 19 14 26 5 37 13 2 6 4 23 27 20 24 9 10 3 34 46 17 29 40 1 12 7 22 28 38 44 18 30 33 16 8
20 22 26 27 19 32 11 6 2 17 30 12 16 4 8 9 34 1 21 15 3 18 13 29 10 5 23 31 33 14 28 24 25 7
9 16 27 14 21 29 7 17 26 18 12 10 20 13 3 5 25 22 8 4 19 28 30 1 2 11 23 24 6 15
31 28 17 24 7 38 35 37 23 34 15 21 13 12 25 22 9 5 33 11 3 6 29 19 18 8 26 36 14 16 4 27 10 1 2 30 32 20
3 16 24 33 34 31 32 20 8 12 19 7 30 1 4 37 18 35 10 14 38 36 13 28 2 11 5 15 22 6 26 23 21 27 29 9 17 25
9 11 17 23 6 4 2 13 29 24 8 10 34 28 22 30 12 32 18 19 21 1 3 36 25 16 14 33 26 35 20 5 31 27 15 7
19 1 5 26 13 8 3 4 28 20 10 17 15 29 24 7 22 11 23 25 9 18 27 21 12 14 16 2 6 30
31 4 27 9 28 26 30 21 24 32 12 14 13 7 20 10 19 6 5 23 1 11 15 3 29 16 22 8 2 17 25 18
20 32 10 22 7 17 6 43 13 31 18 35 21 28 25 8 3 23 12 37 24 26 38 34 1 16 33 14 19 4 41 44 11 42 5 29 27 15 2 39 40 30 36 9
9 4 17 21 28 30 1 13 23 20 19 12 14 15 32 3 25 26 2 29 10 22 8 11 7 31 24 27 18 6 5 16
34 11 21 1 2 40 44 27 12 18 22 16 29 33 25 35 17 37 32 9 20 5 41 10 3 42 24 23 28 8 6 38 13 43 7 36 19 30 4 15 14 39 26 31
5 31 8 22 7 27 24 25 10 20 9 3 30 28 1 26 18 17 13 29 11 32 23 33 6 21 34 2 19 15 16 14 4 12
15 12 34 20 22 27 45 1 14 9 46 28 35 33 16 38 36 11 32 6 7 30 31 42 19 41 18 29 10 37 23 13 3 2 26 4 39 21 25 43 40 8 5 24 44 17
44 38 14 35 11 26 32 13 4 21 31 43 9 24 27 45 34 22 3 16 2 39 20 10 5 12 8 18 7 23 19 41 25 30 36 29 37 42 28 33 46 15 1 6 40 17
29 34 24 10 20 1 18 3 28 33 37 39 7 12 25 15 30 9 13 19 26 5 23 35 16 41 17 11 32 36 42 22 31 27 2 40 38 14 6 8 4 21
14 33 11 20 30 25 34 7 26 36 31 19 9 29 4 27 35 6 24 21 15 3 10 22 13 18 17 5 32 2 28 1 23 8 16 12
33 34 15 21 22 5 29 11 23 27 39 35 36 12 17 6 20 14 19 44 26 1 10 25 42 43 41 3 38 9 40 13 2 30 37 8 24 4 32 7 18 28 16 31
22 4 2 15 14 28 18 25 36 6 34 32 3 5 33 11 20 12 7 10 23 19 35 8 17 30 13 1 9 24 31 16 29 27 26 21
23 17 9 3 24 32 12 10 6 19 4 13 28 21 20 27 11 26 1 8 7 25 14 31 18 15 22 16 30 5 2 29
11 25 4 46 42 21 19 15 3 16 32 30 35 12 44 34 27 50 37 20 7 18 41 49 9 33 5 31 43 1 13 36 24 39 14 26 45 23 47 8 28 38 48 29 17 22 10 40 6 2
27 21 32 30 20 36 4 5 3 24 1 15 9 28 31 12 13 25 18 14 17 23 19 33 11 8 6 10 16 22 29 26 35 34 2 7
27 24 18 20 14 28 11 31 13 6 2 10 8 12 23 19 21 25 17 30 29 15 9 4 32 22 3 16 1 7 26 5
5 12 32 19 18 16 40 48 46 47 37 23 13 30 17 33 43 36 34 38 10 26 1 2 31 45 6 35 41 15 7 50 27 39 14 49 21 22 4 11 8 42 28 25 29 20 3 9 24 44
21 22 14 42 20 5 23 10 12 25 36 37 35 38 32 13 4 34 7 30 18 39 2 15 31 6 41 29 3 40 28 27 24 16 26 9 11 19 17 1 8 33
5 26 12 34 29 20 24 23 8 7 32 13 15 19 30 31 27 1 10 6 2 18 17 4 9 14 3 21 25 16 28 22 11 33
21 17 22 24 10 6 36 25 15 3 30 12 34 32 8 28 19 18 35 13 2 20 16 23 14 33 1 31 9 26 29 11 7 27 4 5
41 1 14 17 40 30 43 12 10 11 33 13 28 21 16 35 7 44 3 34 15 20 5 27 22 2 36 42 23 24 39 19 18 8 32 9 6 29 37 31 25 38 4 26
8 4 10 16 1 3 25 22 26 12 32 34 6 18 17 23 7 29 11 13 30 2 27 19 15 24 28 5 31 20 33 21 14 9
38 19 35 9 33 39 23 13 16 44 6 25 29 3 41 37 36 18 30 32 17 20 24 26 10 11 43 2 27 21 12 7 40 15 4 14 1 8 34 28 22 42 31 5
1 13 6 30 21 3 26 19 27 5 23 17 20 31 25 18 9 2 4 8 22 11 14 29 12 32 16 28 15 24 7 10
10 45 43 22 39 19 5 14 9 24 36 32 28 17 6 31 27 2 49 20 42 47 44 48 35 16 8 3 33 7 4 21 15 38 18 23 41 1 34 13 12 46 30 11 37 29 40 25 26 50
30 32 14 21 24 15 5 26 29 31 33 20 10 12 4 25 7 17 28 23 18 6 11 13 27 2 9 16 3 34 19 22 1 8
29 18 10 15 8 14 11 16 24 26 1 13 17 5 7 22 4 9 6 30 20 23 25 3 21 2 12 19 28 27
25 12 30 7 18 13 2 29 16 1 8 22 14 19 27 15 5 11 10 21 9 26 23 24 3 28 4 6 20 17
5 18 1 13 14 7 33 38 35 31 23 42 4 26 24 12 10 37 40 39 30 9 21 8 2 32 6 17 27 16 22 25 19 15 36 28 20 11 41 34 3 29
7 11 35 10 33 25 32 28 16 30 36 8 34 15 19 5 14 22 9 31 20 13 2 6 1 4 29 27 21 12 3 18 24 17 26 23
1 24 26 21 3 2 4 29 12 11 18 10 23 13 15 8 31 17 27 25 16 34 33 32 5 7 6 20 22 9 14 30 19 28
10 14 13 1 3 28 4 25 29 38 20 2 31 36 34 8 35 24 33 19 30 21 18 27 32 23 6 7 5 17 26 22 9 16 12 11 37 15
21 2 27 25 13 31 15 30 26 4 6 3 7 32 28 20 19 11 23 18 14 8 5 12 22 33 9 17 24 34 29 1 10 16
22 6 7 4 2 19 3 17 18 32 10 27 25 21 31 15 14 24 1 11 28 23 26 8 13 33 34 9 29 20 12 5 30 16
11 37 39 33 23 42 32 38 27 24 15 4 18 30 16 20 25 21 7 26 14 17 29 8 31 5 40 35 34 1 9 12 36 13 41 22 3 2 6 28 10 19
2 12 38 17 13 20 33 30 4 25 1 21 36 34 37 7 40 39 8 23 6 14 24 19 22 9 26 35 15 18 31 11 3 28 16 27 5 29 10 32
39 40 30 4 19 12 36 20 14 35 38 5 16 2 7 26 8 11 41 32 10 21 34 44 13 27 25 1 18 33 43 42 22 15 31 3 28 17 37 23 9 24 29 6
6 26 27 20 4 39 42 2 3 30 34 17 32 23 9 40 10 31 37 43 8 28 22 36 44 24 33 38 12 21 13 16 19 29 15 18 11 14 1 5 7 25 41 35
1 19 17 5 15 14 2 22 23 20 3 28 31 26 25 11 4 7 29 30 18 8 9 13 12 21 32 10 24 16 6 27
16 12 37 1 35 29 25 24 28 33 7 38 23 39 3 15 14 34 41 27 22 2 10 18 5 4 21 31 40 8 9 11 17 36 32 20 19 26 6 42 13 30
10 29 28 3 2 23 24 16 21 31 13 26 17 1 11 32 5 19 44 8 48 42 4 38 37 39 20 34 40 43 15 36 46 12 45 35 6 14 7 27 18 25 9 47 22 33 30 41
13 17 12 15 9 34 22 31 14 20 10 18 21 2 30 16 24 25 29 8 6 3 32 7 26 28 19 27 23 4 11 33 1 5
13 25 16 42 1 39 26 12 33 35 2 41 31 4 20 36 40 19 32 29 21 7 30 27 3 24 5 17 14 18 38 10 22 8 37 34 11 15 6 28 23 9
2 8 21 39 18 33 14 7 3 25 17 35 30 29 1 13 6 24 32 5 16 23 12 41 37 27 28 10 31 42 20 38 34 40 26 9 4 19 22 11 15 36
28 34 10 35 11 29 38 20 22 6 40 45 4 32 7 8 43 17 13 44 23 31 46 25 21 36 9 16 12 19 39 14 3 37 18 15 42 27 2 24 41 33 1 26 5 30
13 19 22 18 12 6 34 40 1 20 16 36 23 8 21 41 2 3 7 42 39 38 26 27 9 5 25 30 10 33 37 15 17 31 24 32 11 35 28 29 14 4
19 8 14 18 16 36 7 9 17 11 5 32 3 20 15 1 12 35 27 22 4 34 21 31 37 13 39 6 38 2 33 29 10 24 23 26 25 30 28 40
13 6 17 27 33 32 14 18 12 16 34 39 9 38 8 42 28 2 4 43 1 11 23 10 41 19 35 44 29 21 31 3 20 7 40 26 25 37 22 24 5 36 15 30
26 20 19 12 11 29 28 30 7 2 4 24 13 25 16 5 27 1 22 9 23 21 10 18 15 6 14 3 8 17
1 11 24 19 30 33 28 23 10 17 6 5 12 3 15 22 8 25 16 34 20 27 31 14 21 9 18 13 7 32 2 4 26 29
42 39 20 27 47 21 46 23 40 6 10 19 44 35 26 3 43 2 11 28 4 38 14 8 16 18 24 33 45 48 25 37 1 5 9 12 31 32 7 30 17 41 15 22 29 36 13 34
12 23 28 20 16 14 8 10 22 19 6 29 26 1 2 13 9 25 7 15 18 5 24 27 4 30 17 21 11 3
2 22 19 4 42 40 23 21 15 6 36 24 20 27 8 34 29 3 26 7 10 28 14 32 17 41 11 30 33 39 38 37 5 31 16 13 18 35 25 1 9 12
18 41 10 15 4 14 26 23 22 25 39 42 8 30 27 37 33 19 24 3 12 29 35 31 16 17 40 6 13 28 7 21 11 20 9 36 2 38 1 34 32 5
22 5 9 37 40 3 18 14 16 12 35 25 24 19 1 15 4 39 11 36 13 43 28 10 34 41 48 21 8 32 6 17 46 20 2 47 7 31 30 42 29 44 26 23 33 45 27 38
39 29 9 21 38 6 25 22 30 5 11 16 24 36 15 1 3 18 26 14 34 4 17 12 2 28 10 35 32 40 27 31 33 7 13 23 19 8 37 20
10 17 27 18 24 2 26 13 9 7 4 20 5 22 16 30 25 11 28 6 21 8 12 29 1 19 23 14 3 15
29 20 28 17 31 13 4 21 5 32 22 2 40 37 1 27 18 24 15 30 8 16 3 26 33 23 12 6 10 9 34 25 14 39 11 7 38 19 35 36
44 1 20 17 34 29 41 12 7 28 6 31 13 30 39 33 2 50 35 8 47 46 21 22 37 40 24 16 48 14 15 10 3 11 18 25 45 32 43 49 27 4 9 42 5 36 26 19 23 38
23 21 14 5 24 1 2 13 11 25 17 35 10 27 12 30 28 34 16 18 22 20 8 36 15 9 31 7 26 32 6 3 4 19 33 29
9 2 40 18 41 21 38 12 30 10 14 24 31 7 17 15 23 11 42 37 19 25 8 16 32 5 33 4 27 28 26 3 39 6 22 29 34 36 1 20 35 13
33 49 34 17 43 23 22 24 38 13 35 1 32 3 31 27 10 5 9 36 8 19 29 47 4 28 6 20 15 48 12 14 40 44 21 2 30 45 50 11 18 25 7 42 41 46 37 16 26 39
21 12 23 24 22 14 27 8 3 30 1 29 20 26 25 11 16 6 5 10 4 7 17 19 18 28 15 9 2 13
13 1 10 5 27 26 11 19 22 12 2 3 29 23 24 25 6 20 21 8 4 18 30 16 7 17 14 15 9 28
32 14 12 11 34 26 16 13 15 25 24 31 30 2 8 20 33 9 3 10 28 19 29 1 5 17 7 4 27 22 23 18 6 21
13 4 7 15 2 24 14 8 22 12 5 31 25 18 11 21 28 29 34 17 30 9 27 33 23 38 1 10 32 26 16 20 19 36 37 3 35 6
9 15 28 40 7 27 42 3 5 26 4 2 22 32 13 21 38 25 33 1 12 36 17 39 34 16 10 35 18 20 30 29 41 37 14 8 31 24 11 6 19 23
2 3 14 32 25 34 6 18 10 16 30 7 23 8 15 9 31 28 13 33 11 27 22 26 4 19 5 17 12 24 21 29 1 20
16 22 18 32 36 27 25 5 21 11 41 12 38 28 15 13 37 46 39 43 8 33 44 35 34 2 31 3 17 40 42 45 19 29 24 1 4 26 23 9 14 7 6 30 10 20
35 24 46 39 34 18 29 33 27 4 31 30 21 44 38 40 23 28 3 6 42 22 26 45 8 14 5 16 43 11 37 12 2 17 15 32 25 7 41 9 20 19 1 13 10 36
4 12 21 18 25 7 8 31 19 17 15 29 11 26 6 24 20 27 5 2 14 9 32 3 10 22 13 30 28 23 1 16
33 14 18 31 25 1 17 4 19 3 20 26 24 32 5 23 28 29 34 22 13 11 9 30 7 27 2 15 6 12 16 10 8 21
20 18 33 19 7 29 32 1 11 34 16 17 15 22 13 27 2 9 24 4 36 31 5 8 10 23 3 14 25 12 28 26 35 6 21 30
18 19 21 35 46 15 45 40 5 17 20 22 16 2 29 4 33 8 30 42 12 27 32 7 38 25 11 28 31 36 39 6 14 1 3 34 41 23 26 13 24 37 43 9 44 10
7 38 13 5 19 10 28 31 12 25 18 30 27 36 42 26 44 37 3 33 24 9 34 41 2 29 15 14 39 35 43 17 6 23 32 22 16 8 1 4 45 46 40 11 20 21
25 47 7 1 6 13 32 39 22 27 41 18 35 3 46 28 21 33 31 14 29 34 16 40 4 2 15 8 11 17 10 20 19 44 26 12 9 24 43 5 42 48 38 30 36 37 45 23
5 16 4 34 7 35 39 2 8 22 32 40 31 25 12 30 6 10 17 1 3 15 23 26 9 18 14 24 28 37 21 19 27 38 11 36 33 29 13 20
19 21 34 28 15 17 31 38 42 16 39 37 18 14 44 20 4 7 26 13 10 3 9 36 40 33 29 41 25 22 30 12 43 6 1 5 24 8 11 27 32 2 23 35
23 17 25 24 28 9 10 5 21 3 22 6 31 12 29 18 11 26 20 30 15 32 2 16 13 8 27 4 14 19 1 7
32 4 48 40 29 5 34 49 35 38 31 41 23 46 44 3 26 1 15 21 18 25 19 13 7 17 20 36 45 22 47 9 24 27 14 8 6 16 10 28 30 11 33 39 2 50 12 37 42 43
1 4 21 18 28 25 12 6 16 8 3 34 36 7 27 19 24 26 20 35 14 10 15 11 37 30 32 22 29 13 38 2 23 31 33 9 5 17
36 21 18 38 34 42 32 44 33 17 6 39 37 30 22 40 25 10 9 5 14 41 19 35 13 24 11 26 1 3 31 8 16 12 15 28 43 7 23 29 2 4 27 20
38 45 1 32 15 37 18 10 3 46 20 44 5 24 25 28 17 49 21 39 33 8 36 31 42 26 22 9 23 14 16 34 27 2 48 6 29 50 4 19 11 12 47 40 13 35 43 41 7 30
13 27 33 18 23 31 29 16 25 1 22 10 14 20 21 24 7 28 12 19 6 32 11 2 5 3 34 8 30 15 26 17 9 4
7 27 20 6 33 13 1 8 19 29 3 26 4 14 32 34 23 12 9 28 10 16 11 15 2 22 18 24 25 31 30 17 5 21
25 23 21 30 29 26 8 19 7 22 9 15 16 6 1 2 14 24 20 18 11 12 28 5 3 4 10 27 13 17
6 3 16 23 35 25 9 12 10 24 29 5 17 37 1 14 30 38 28 20 19 31 7 11 4 26 36 13 27 8 18 22 2 32 33 15 21 34
7 20 26 43 4 30 42 12 15 9 40 5 2 36 48 10 45 19 37 28 46 17 39 24 34 8 35 3 18 47 23 33 22 31 16 29 32 25 38 14 6 11 44 41 27 21 1 13
24 1 22 8 33 11 26 4 27 13 12 28 9 34 2 31 15 23 3 18 7 10 16 5 14 29 19 25 20 21 30 32 6 17
18 30 27 21 24 12 37 41 19 5 3 14 20 13 9 35 17 16 4 23 15 10 36 11 31 25 8 42 29 2 6 34 1 32 22 7 26 28 38 33 40 39
34 32 19 8 22 35 15 23 24 36 17 14 7 21 25 33 12 9 11 6 4 38 29 13 10 37 18 30 28 1 5 16 3 27 31 20 26 2
8 27 3 14 30 26 13 2 34 31 1 22 7 4 23 29 20 9 12 11 28 5 19 24 18 10 15 32 6 21 17 33 16 25
23 19 13 3 18 29 30 20 32 8 15 22 17 10 24 11 6 5 7 28 26 21 25 31 27 16 1 12 4 2 9 14
20 14 27 26 5 6 30 17 13 1 4 23 28 8 24 16 10 2 3 29 25 19 21 18 9 7 15 22 11 12
7 29 13 21 8 19 1 2 32 30 23 28 3 25 16 5 24 6 26 9 14 15 31 20 4 18 10 22 11 12 27 17
20 16 25 14 46 28 9 40 48 12 18 30 29 26 11 45 34 6 39 2 27 8 31 33 21 7 43 32 13 15 10 24 35 44 23 37 47 5 4 36 1 19 22 41 3 17 38 42
2 20 14 12 19 4 17 29 11 23 5 15 28 27 8 36 6 24 21 34 18 13 30 10 7 26 3 35 32 16 33 31 22 25 1 9
23 8 6 9 13 10 14 29 31 16 24 15 18 39 26 22 33 37 36 12 5 32 40 27 19 3 28 1 25 34 21 4 2 38 30 35 7 11 20 17
10 1 3 5 11 23 19 36 38 31 12 21 8 20 15 13 22 17 34 25 4 6 28 27 26 9 2 32 7 37 16 14 29 30 33 18 35 24
25 10 34 8 18 47 1 29 24 48 36 14 26 4 22 16 49 46 27 3 15 38 45 35 6 19 50 43 33 17 41 30 13 21 39 31 7 11 42 23 32 37 28 5 9 40 20 12 44 2
13 38 23 33 26 30 5 14 21 37 1 31 32 17 2 27 7 29 15 4 8 11 10 19 12 22 25 36 35 9 16 34 28 24 39 40 6 20 3 42 18 41
30 21 2 22 24 13 23 28 16 26 1 9 19 17 6 4 27 18 10 8 25 20 3 14 15 12 5 11 7 29
11 5 31 19 32 2 37 33 34 16 13 14 35 36 3 7 23 6 20 22 1 10 4 25 30 26 8 9 28 17 21 24 29 15 38 27 12 18
24 14 46 42 30 1 15 23 36 50 20 38 18 44 12 49 7 47 25 4 26 33 40 32 21 3 39 10 41 28 5 27 34 31 11 8 17 29 43 37 6 16 19 2 22 13 35 9 45 48
12 10 25 29 13 1 11 19 33 17 27 3 24 26 22 32 20 21 30 31 14 7 5 6 15 16 28 8 9 4 2 18 23 34
31 9 40 16 25 29 36 2 32 23 6 11 10 22 8 37 43 33 1 21 7 42 45 38 34 18 35 13 3 30 19 24 46 14 15 17 5 28 39 27 20 12 4 44 26 41
42 11 28 29 39 35 16 7 40 32 6 14 8 38 37 20 2 15 25 36 4 22 23 43 18 17 27 3 10 30 13 5 33 44 34 41 19 1 9 21 26 12 24 31
24 5 9 3 32 25 31 18 10 37 33 2 8 6 12 11 34 7 4 35 27 29 38 15 36 26 19 21 28 30 16 20 13 17 22 23 1 14
34 6 35 27 11 13 36 5 16 17 32 1 29 14 18 24 23 28 2 26 7 3 21 33 15 9 25 22 31 10 12 20 30 8 4 19
7 26 1 4 30 6 37 34 22 13 12 5 14 27 2 11 18 9 16 3 31 8 25 32 19 33 17 35 28 39 38 36 23 10 20 24 21 29 15 40
6 2 10 5 18 7 11 29 27 1 25 30 15 14 12 17 8 24 26 3 22 21 23 28 16 9 19 13 20 4
1 4 34 16 42 10 22 7 35 13 26 20 11 36 33 38 30 12 40 21 18 19 6 27 28 3 29 23 9 8 31 37 15 39 25 2 5 41 32 17 24 14
35 21 30 27 11 26 13 17 12 6 25 23 18 10 28 16 24 2 31 15 7 36 19 38 22 3 4 20 34 14 8 5 37 9 32 33 1 29
12 41 26 23 35 2 16 39 9 4 40 27 7 32 31 37 5 33 42 29 25 10 21 22 3 19 1 18 17 38 13 14 30 24 11 36 20 15 34 8 28 6
2 11 15 25 29 14 30 31 20 34 28 4 27 16 12 7 1 6 24 21 8 22 35 5 26 13 23 10 17 3 18 33 32 9 36 19
11 23 22 21 29 25 6 13 30 8 20 10 15 19 14 5 2 28 4 16 7 17 24 18 1 3 27 9 12 26
19 28 7 30 5 33 25 23 2 11 15 4 32 18 31 22 8 14 27 16 29 1 26 6 10 12 17 20 9 21 3 24 13 34
21 1 16 7 29 30 6 4 33 13 27 15 24 9 2 18 32 8 22 5 11 34 17 31 10 36 26 12 35 14 23 28 3 19 20 25
21 26 1 14 49 33 39 29 46 48 17 12 35 43 28 50 44 23 5 42 20 27 7 36 32 18 19 22 47 45 25 6 2 3 15 9 8 24 10 11 4 16 41 34 30 13 40 37 31 38
20 7 16 8 22 32 28 11 23 24 10 30 3 18 25 2 27 31 14 5 34 21 6 26 1 4 33 13 29 15 19 12 9 17
15 20 17 33 24 23 3 12 29 22 31 5 35 28 36 6 9 10 8 27 18 45 37 26 21 32 42 44 25 4 40 7 34 46 30 41 43 16 19 11 39 14 38 13 1 2
19 32 25 13 28 27 31 29 15 20 5 24 12 17 2 23 14 16 26 1 8 11 6 30 10 9 22 4 3 7 21 18
27 21 1 12 19 2 11 29 26 13 23 15 30 24 4 14 7 22 28 6 5 17 3 20 8 25 10 16 18 9
1 5 37 14 31 16 23 34 48 12 29 26 18 11 44 30 42 19 27 15 10 41 25 28 7 38 33 46 47 3 24 39 40 4 35 2 43 9 36 45 8 20 21 32 17 13 6 22
25 19 10 6 11 9 17 18 12 5 7 2 8 15 4 28 26 24 30 27 16 3 23 20 14 22 29 1 21 13
37 4 42 21 46 34 29 8 3 23 31 6 17 12 47 40 1 27 36 7 39 18 9 15 14 35 43 26 11 22 10 41 32 38 5 48 25 24 28 19 45 20 44 16 2 13 30 33
19 4 18 27 21 3 2 33 39 11 32 28 30 1 9 23 14 40 6 35 16 5 8 34 24 37 41 26 31 42 25 38 17 36 13 10 29 12 20 22 7 15
5 17 10 16 25 18 6 28 11 31 2 20 7 24 8 27 30 4 15 9 29 14 13 26 21 1 3 12 23 22 32 19
6 15 7 21 11 22 20 30 17 16 4 18 5 13 14 24 19 12 28 1 9 2 32 25 26 31 3 23 29 10 27 8
16 21 6 39 20 22 31 1 3 8 30 17 2 10 40 28 26 32 18 27 29 37 34 24 9 15 25 4 12 36 35 19 14 7 5 23 38 33 11 13
7 24 42 25 41 13 50 6 37 33 9 17 30 49 47 27 22 28 23 44 10 48 14 45 36 3 21 43 19 8 12 20 18 5 31 29 32 1 26 35 39 16 11 34 15 2 40 38 46 4
13 32 11 25 29 36 10 18 1 7 30 9 22 16 4 35 33 17 23 12 24 20 2 19 38 8 28 14 37 3 6 27 21 34 31 15 26 5
4 38 34 16 24 12 11 5 31 2 23 35 25 17 14 22 28 21 15 10 7 3 8 33 13 9 27 1 18 6 20 19 36 26 30 29 32 37
14 30 3 28 11 10 27 19 23 24 12 8 13 22 2 9 32 15 26 6 29 21 16 20 1 17 7 5 18 4 25 31
21 2 11 29 35 34 10 6 25 17 43 39 26 23 28 27 13 40 14 24 42 16 36 41 8 38 37 46 48 5 18 4 47 30 33 45 31 20 44 32 3 15 19 22 1 12 9 7
25 3 33 34 31 42 6 19 1 8 10 43 30 16 23 14 22 4 27 17 41 40 9 35 11 39 18 7 5 2 29 44 12 28 24 26 21 38 36 15 20 13 32 37
39 26 10 30 23 28 38 24 16 12 34 36 25 29 44 42 7 1 5 20 13 9 40 22 6 35 3 21 19 2 15 32 17 8 33 31 37 43 11 18 4 27 14 41
23 18 14 32 9 17 10 34 19 35 6 27 2 30 13 25 36 28 11 31 24 4 21 5 29 7 33 22 8 26 1 12 15 20 16 3
19 6 32 15 20 26 33 1 12 3 27 40 29 44 7 5 9 35 17 42 13 31 8 39 28 23 25 18 21 41 24 10 34 38 43 37 4 2 22 16 30 36 14 11
38 36 10 50 1 34 44 14 20 23 22 16 7 45 48 17 12 41 13 19 27 3 33 46 21 8 9 25 32 43 11 5 4 6 24 37 42 39 35 47 40 28 29 49 26 15 31 18 2 30
2 7 29 5 30 15 6 4 9 14 35 1 21 22 33 18 11 17 12 28 20 25 23 8 27 34 3 24 32 31 13 19 16 26 36 10
19 21 27 4 32 13 17 22 6 29 11 30 24 25 3 10 20 8 14 28 1 7 23 16 12 26 15 2 5 9 31 18
48 9 12 33 16 11 13 38 3 18 41 5 19 8 14 26 35 25 21 29 17 28 23 15 49 32 10 39 42 1 27 30 31 6 22 7 20 44 34 4 2 40 36 37 24 45 46 43 50 47
2 20 21 16 26 8 13 29 19 3 5 9 7 15 31 4 6 10 17 27 1 25 18 22 30 12 14 24 32 23 11 28
24 5 6 15 16 28 27 30 8 7 32 2 11 13 26 22 19 23 1 20 4 10 3 31 18 9 25 12 21 17 29 14
37 23 19 39 12 35 10 6 42 16 48 17 21 5 8 4 13 31 41 45 22 24 47 9 11 40 1 30 15 43 18 32 29 14 25 2 33 20 44 26 27 36 3 38 46 34 7 28
23 7 25 10 13 30 1 9 19 21 29 4 6 8 15 2 3 5 14 26 12 17 20 27 22 16 18 11 28 24
7 41 36 26 37 13 22 32 6 8 40 28 9 34 3 39 4 10 29 19 27 5 30 35 21 15 11 1 2 12 25 16 17 38 31 14 18 33 24 20 42 23
33 1 5 22 31 17 14 28 9 12 6 23 2 29 4 8 11 26 3 30 16 19 34 15 21 18 32 25 24 7 36 10 13 27 35 20
26 4 11 7 18 19 27 3 8 5 30 32 25 17 24 23 13 10 21 15 29 1 20 16 14 2 31 28 6 12 22 9
16 38 37 12 4 26 8 18 19 30 28 24 10 13 34 31 23 3 29 22 2 36 1 9 6 17 20 21 11 7 27 32 14 25 35 5 33 15
30 6 38 12 15 22 39 26 32 50 24 35 14 49 10 40 1 4 27 44 33 29 21 47 31 43 48 46 16 37 42 25 23 34 5 20 17 2 36 3 41 45 11 9 19 28 8 7 13 18
31 16 22 30 2 10 11 14 8 33 26 5 13 17 23 3 20 19 7 6 28 15 4 21 32 25 27 12 29 1 9 34 24 18
33 29 44 12 3 41 31 35 17 43 15 21 40 2 37 36 20 6 16 24 28 25 23 14 32 30 22 19 9 10 42 1 11 34 8 13 18 26 27 38 5 7 4 39
14 37 5 39 21 41 2 7 28 44 34 42 1 17 3 38 8 4 6 31 49 43 26 32 15 35 23 11 40 16 33 29 47 9 36 18 12 22 45 20 50 10 30 46 48 25 13 27 24 19
14 42 35 7 25 1 9 24 38 21 12 37 15 30 3 11 4 22 28 44 8 29 32 13 26 6 18 19 10 33 17 41 40 2 36 27 23 5 31 16 20 43 39 34
33 45 26 8 41 6 21 10 42 23 29 4 2 37 38 24 40 25 16 30 27 18 32 17 31 13 15 36 9 44 46 1 43 7 34 22 28 12 5 3 19 11 39 35 20 14
13 20 38 27 6 3 9 5 33 29 1 8 28 26 17 18 23 37 31 10 35 14 30 12 15 34 19 24 16 32 4 22 21 11 25 40 36 2 39 7
11 5 18 48 12 34 41 31 28 7 30 10 39 17 8 16 44 43 38 37 3 25 13 27 46 1 4 40 19 2 23 32 20 33 6 36 45 22 9 26 35 29 14 24 21 47 42 15
1 10 7 6 23 30 2 21 4 3 20 29 8 24 22 25 12 13 15 11 26 19 28 18 14 17 16 9 27 5
26 5 18 27 15 11 3 6 28 2 14 24 13 21 22 30 20 25 9 29 7 19 23 8 10 1 4 17 12 16
6 15 20 29 30 14 4 36 25 5 22 18 9 19 2 7 39 31 12 34 21 32 27 33 26 37 13 16 35 28 24 1 17 40 10 11 38 23 3 8
12 26 23 34 1 7 13 32 16 24 27 22 28 2 18 25 15 10 21 14 30 17 31 11 6 3 9 4 5 8 29 33 20 19
22 20 10 24 4 31 9 26 6 16 19 14 18 25 3 17 8 30 1 11 27 2 29 23 21 32 13 5 28 12 15 7
5 28 14 17 11 25 20 8 23 13 7 15 22 32 9 21 10 12 1 2 18 4 31 19 6 16 26 30 27 3 24 29
35 21 28 10 2 3 32 31 7 12 34 17 30 37 11 36 19 6 18 38 14 25 39 15 4 5 26 9 24 29 33 1 22 27 13 40 20 16 23 8
25 8 5 12 31 13 29 22 33 24 27 10 6 14 30 7 32 20 34 9 21 17 16 28 23 11 4 1 3 19 18 2 15 26
1 28 14 3 33 18 30 4 35 31 34 17 5 13 11 9 8 10 20 29 25 12 26 19 37 21 6 22 36 16 2 15 38 7 32 24 27 23
10 29 33 3 34 14 36 1 4 2 24 32 25 37 19 8 11 38 5 12 28 6 16 7 22 35 17 26 13 9 18 30 23 15 31 21 20 27
31 28 21 15 3 30 26 11 14 10 27 12 6 16 13 24 25 29 18 9 5 19 23 1 22 4 7 2 32 20 17 8
13 14 19 5 7 30 17 23 24 3 2 32 10 35 36 8 33 21 29 12 18 6 26 27 16 34 28 1 11 25 31 22 9 20 15 4
28 34 5 8 24 11 29 7 17 18 2 3 14 32 26 10 6 15 16 4 33 30 21 9 31 23 1 22 20 25 12 27 13 19
8 9 4 19 32 17 36 2 6 26 27 24 3 31 20 16 12 5 25 30 14 33 35 34 1 28 21 29 11 18 7 23 37 38 15 13 10 22
12 16 23 28 17 9 29 19 7 38 37 33 6 25 8 18 32 21 22 10 1 5 27 2 31 4 30 11 14 13 39 26 20 34 36 3 40 24 15 35
14 6 5 17 32 29 1 15 46 9 2 27 11 21 43 4 44 10 36 33 34 31 24 45 23 30 40 48 42 37 28 38 18 13 7 20 50 16 49 41 39 35 8 26 12 47 19 3 22 25
22 19 28 31 13 6 14 24 18 26 11 25 1 23 17 5 33 8 21 12 16 3 10 9 15 2 29 27 30 20 34 7 32 4
5 31 2 33 20 8 15 39 16 12 40 41 4 23 24 42 14 44 30 27 32 1 29 18 22 26 13 34 37 28 17 43 7 3 11 38 25 9 35 10 6 19 21 36
26 15 23 34 14 13 31 18 41 38 35 1 4 8 10 29 32 37 24 25 11 3 33 27 22 21 12 16 36 40 7 17 6 2 42 28 30 9 39 20 5 19
25 6 15 49 19 16 30 34 17 20 42 13 41 35 18 8 37 40 14 44 21 38 7 9 32 10 43 31 33 5 12 1 4 47 26 29 27 39 23 45 2 28 11 22 24 36 50 46 48 3
13 3 29 26 24 41 25 9 2 19 40 14 27 21 35 17 22 18 39 20 6 23 28 8 33 7 10 5 37 34 32 15 44 4 11 42 12 38 30 16 36 43 1 31
1 16 10 14 6 25 13 31 32 28 5 21 7 26 30 27 19 17 23 3 8 22 18 4 12 20 15 9 29 24 33 34 11 2
25 17 36 29 11 39 19 34 1 22 12 30 10 13 37 18 3 27 40 33 6 7 16 32 8 31 15 2 26 20 38 23 28 21 24 35 5 14 4 9
26 7 10 30 29 22 31 23 6 17 25 16 32 4 28 13 9 24 20 3 21 27 15 18 2 11 8 12 19 14 1 5
10 27 2 39 44 16 36 29 26 14 33 40 34 15 5 31 23 28 47 4 46 21 43 9 3 7 13 30 25 1 8 17 20 45 37 42 22 24 11 41 19 18 35 6 38 12 32 48
22 17 13 15 20 10 25 3 26 32 21 14 18 33 1 28 8 19 30 9 34 27 16 31 12 4 23 24 5 11 6 2 29 7
18 28 6 11 12 36 10 25 4 23 33 31 1 27 22 14 17 13 30 16 8 5 32 24 29 9 35 38 7 34 2 26 37 3 20 21 15 19
8 28 35 26 17 23 22 9 20 24 4 21 40 10 41 16 37 34 14 6 2 7 19 1 12 36 11 29 18 15 33 39 3 38 31 25 27 32 30 42 5 13
38 8 19 16 24 42 35 40 9 39 12 37 29 26 10 33 28 23 30 44 36 41 5 34 46 1 45 4 15 32 21 18 3 6 31 48 22 14 2 25 43 20 17 11 47 13 7 27
44 33 10 5 31 37 7 40 13 36 17 45 4 26 46 34 28 6 9 23 14 11 43 35 42 47 49 25 12 15 1 3 41 48 18 19 30 16 32 27 20 24 29 38 50 39 2 8 21 22
23 25 14 15 29 13 5 10 2 28 8 3 30 20 24 7 35 31 32 36 6 19 18 4 12 21 40 37 33 9 38 22 16 11 17 27 34 1 26 39
2 24 5 33 23 18 26 22 17 37 39 14 12 9 4 7 34 25 6 19 36 35 1 30 31 3 16 40 10 21 20 8 32 13 28 38 27 29 15 11
23 2 11 33 29 16 5 13 37 32 8 31 21 15 12 38 19 28 35 10 18 17 26 20 27 36 7 30 34 9 3 4 14 25 22 1 6 24
20 19 29 26 32 15 3 6 25 5 9 17 22 21 12 24 11 2 10 27 8 33 7 31 34 30 4 13 16 1 14 18 23 28
2 17 20 5 23 36 19 31 3 22 9 25 13 27 24 15 14 30 18 34 28 21 4 10 6 26 1 7 33 16 8 32 11 12 29 35
6 16 41 5 27 48 9 13 19 18 8 17 7 20 34 23 37 30 39 28 40 21 14 12 35 47 15 10 44 4 46 1 38 3 22 25 26 36 33 43 11 45 32 2 24 29 31 42
19 13 21 20 6 7 34 36 12 41 22 39 25 10 29 32 4 33 28 30 40 27 38 14 5 16 37 15 24 31 35 23 18 11 42 9 26 17 1 8 3 2
6 15 31 9 38 16 36 18 26 35 1 13 10 11 3 19 34 21 27 24 33 28 30 20 5 23 12 29 25 7 4 22 2 17 32 37 14 8
21 2 26 25 16 12 27 31 33 15 8 30 6 7 13 23 9 19 22 5 4 28 1 17 11 32 3 18 34 14 10 20 29 24
22 28 23 25 13 20 17 10 34 44 7 37 16 19 4 33 42 8 43 39 9 21 11 12 3 1 2 35 5 41 26 32 27 31 18 24 6 38 14 36 29 30 15 40
1 12 29 4 21 2 18 37 11 22 38 19 24 3 33 20 8 13 40 14 26 27 41 17 35 10 31 23 16 39 25 34 5 7 6 15 28 30 9 42 32 36
16 15 14 26 24 6 32 37 10 36 5 22 7 4 27 25 33 9 31 8 29 21 12 34 39 28 35 3 17 30 1 2 13 38 23 19 20 18 11 40
25 30 14 28 1 8 32 6 17 16 12 13 24 19 31 7 23 21 29 26 2 11 3 15 20 22 5 4 9 10 27 18
14 19 6 4 37 33 9 29 28 25 12 8 30 18 47 22 34 5 38 20 36 2 35 23 32 7 11 48 27 43 39 45 31 15 44 3 17 10 24 13 21 26 40 41 1 16 42 46
33 38 43 34 26 20 9 25 13 14 17 42 44 2 30 19 1 11 7 23 22 12 36 6 15 40 27 3 24 10 32 18 29 4 35 31 16 5 37 28 21 41 8 39
21 15 30 17 28 32 29 7 31 9 4 8 18 6 16 26 22 3 11 25 24 14 27 23 1 12 19 10 2 5 20 13
5 33 23 18 27 14 24 25 26 21 11 16 31 13 9 32 10 29 2 15 8 17 7 6 12 37 38 4 30 19 22 34 1 20 3 28 35 36
23 14 16 36 31 29 28 7 33 17 6 37 21 32 10 38 3 34 9 26 13 30 11 20 5 27 25 1 22 19 24 8 18 12 15 35 4 2
4 17 19 3 2 14 16 5 12 15 6 9 23 13 26 22 1 10 21 27 11 30 20 24 8 7 25 18 28 29
18 13 17 5 30 33 15 16 1 4 6 31 27 19 23 25 28 3 2 29 8 12 9 22 14 21 34 32 10 26 24 7 20 11
15 1 8 28 31 2 13 41 3 7 40 6 38 39 5 26 35 48 27 36 22 43 17 29 19 37 20 25 16 14 23 42 44 12 30 47 34 45 24 21 33 46 9 18 11 4 10 32
8 11 13 5 4 16 6 21 20 30 25 27 33 34 28 32 35 36 31 29 12 15 40 10 38 14 18 19 3 42 22 39 2 23 17 9 24 7 26 41 1 37
23 6 39 1 32 12 41 16 19 26 42 28 9 40 2 34 36 14 29 18 5 4 30 37 33 20 25 27 24 11 15 13 17 21 38 7 3 22 8 10 31 35
9 11 18 34 1 25 33 2 27 3 12 6 14 19 16 32 28 10 15 17 22 8 30 31 29 20 24 5 26 4 13 21 7 23
25 29 37 8 34 16 20 10 28 22 31 42 17 14 19 1 12 23 39 24 11 33 6 3 13 18 7 2 32 35 30 5 26 27 15 21 36 9 40 41 4 38
3 21 28 31 18 33 22 23 25 15 2 14 5 20 9 17 10 27 29 34 6 11 19 26 4 24 1 7 16 32 13 30 8 12
18 13 41 37 34 11 15 25 32 20 10 9 33 24 28 30 40 17 12 7 35 29 31 16 1 6 26 14 19 2 8 42 4 39 38 5 22 3 21 23 36 27
20 31 35 40 30 44 6 39 1 2 17 15 19 27 29 42 34 4 8 36 10 26 12 28 38 18 16 25 9 7 41 21 3 11 33 24 32 22 5 37 14 43 23 13
20 2 7 17 27 4 30 21 32 23 6 15 11 31 1 26 24 29 12 25 14 22 5 19 3 18 13 28 8 10 9 16
