50
0 46 35 18 98 51 44 11 47 10 29 31 16 100 52 95 88 59 89 72 3 32 12 86 89 41 17 24 23 39 41 62 59 29 53 79 71 28 38 44 87 59 19 27 52 36 1 98 38 31 
46 0 4 45 17 57 98 36 21 66 97 35 71 26 2 16 45 11 37 30 84 20 76 64 31 68 93 41 35 78 72 50 27 55 46 65 60 13 53 1 53 77 45 5 15 26 35 39 84 72 
35 4 0 20 88 52 18 18 45 25 29 43 54 30 94 63 60 85 19 18 73 62 98 55 64 96 63 13 30 67 94 69 47 37 63 1 77 37 52 80 99 31 40 40 96 61 93 44 27 52 
18 45 20 0 27 6 87 56 20 93 46 88 93 45 92 42 87 30 40 80 1 62 22 89 75 78 19 86 62 94 82 88 38 43 43 59 72 5 5 36 40 62 2 61 72 31 33 97 38 28 
98 17 88 27 0 11 53 17 57 86 30 65 43 69 20 62 95 16 32 62 79 74 72 36 81 92 20 34 61 78 51 83 97 74 25 20 6 5 45 37 4 43 4 38 45 75 83 6 43 39 
51 57 52 6 11 0 66 87 81 12 89 3 24 20 55 42 17 46 92 59 63 59 37 24 38 41 92 21 22 9 17 59 45 26 70 23 51 77 4 4 68 81 18 35 21 85 50 26 17 48 
44 98 18 87 53 66 0 77 50 28 77 19 36 2 75 14 29 26 82 96 69 94 64 78 51 46 15 86 74 74 27 85 54 2 94 72 23 64 10 49 45 52 31 70 36 15 56 83 32 48 
11 36 18 56 17 87 77 0 82 9 61 74 19 72 43 61 13 48 21 81 90 86 30 45 88 26 96 21 79 22 2 91 73 29 64 34 86 85 41 17 77 87 9 71 5 93 13 77 8 29 
47 21 45 20 57 81 50 82 0 56 49 79 18 6 42 51 48 32 9 71 54 91 11 52 12 63 3 67 45 70 56 50 59 39 75 74 26 47 39 22 91 35 70 66 33 57 95 3 100 67 
10 66 25 93 86 12 28 9 56 0 39 47 85 81 20 9 100 83 84 99 3 97 10 4 69 71 53 80 74 28 42 4 86 7 87 8 56 53 81 90 94 79 72 8 46 73 67 59 15 2 
29 97 29 46 30 89 77 61 49 39 0 67 71 98 28 90 38 64 53 19 67 29 60 44 3 31 7 72 48 83 74 69 17 100 91 71 15 40 64 46 28 1 33 47 52 81 55 100 42 79 
31 35 43 88 65 3 19 74 79 47 67 0 67 32 72 37 23 76 33 86 77 91 36 31 40 28 22 30 35 89 13 50 68 63 17 28 82 27 29 46 79 58 85 67 11 98 45 35 76 91 
16 71 54 93 43 24 36 19 18 85 71 67 0 13 51 7 77 27 41 11 31 34 24 35 72 25 30 50 78 11 82 19 94 86 66 38 20 70 63 32 1 65 86 13 57 70 47 0 96 97 
100 26 30 45 69 20 2 72 6 81 98 32 13 0 97 78 30 25 67 32 79 10 11 94 16 76 63 35 67 1 72 5 7 32 29 7 27 99 10 74 53 100 47 86 47 64 75 92 73 76 
52 2 94 92 20 55 75 43 42 20 28 72 51 97 0 33 41 50 40 5 72 55 70 53 43 53 66 56 57 23 96 71 94 93 2 82 48 14 67 48 62 49 6 87 77 23 72 6 76 46 
95 16 63 42 62 42 14 61 51 9 90 37 7 78 33 0 91 18 47 60 62 29 61 95 13 34 54 10 36 37 63 67 9 63 4 6 34 20 4 89 37 19 17 67 36 84 18 70 3 3 
88 45 60 87 95 17 29 13 48 100 38 23 77 30 41 91 0 61 27 45 98 34 47 30 95 24 25 33 94 27 59 34 53 3 1 24 49 34 94 12 1 6 18 46 85 5 73 27 26 0 
59 11 85 30 16 46 26 48 32 83 64 76 27 25 50 18 61 0 83 14 15 8 58 42 71 76 28 39 48 73 22 41 25 27 76 45 18 50 24 71 75 27 24 19 0 5 46 0 4 13 
89 37 19 40 32 92 82 21 9 84 53 33 41 67 40 47 27 83 0 41 16 48 68 66 34 50 27 84 4 10 63 64 52 75 21 15 25 27 100 41 93 41 49 50 30 31 17 12 3 32 
72 30 18 80 62 59 96 81 71 99 19 86 11 32 5 60 45 14 41 0 28 44 8 68 54 95 39 62 60 87 41 21 6 71 17 19 64 16 56 37 27 55 96 48 12 20 40 19 8 97 
3 84 73 1 79 63 69 90 54 3 67 77 31 79 72 62 98 15 16 28 0 66 96 22 41 96 9 1 17 33 1 27 94 75 28 39 49 50 35 55 59 58 74 57 96 33 38 64 82 55 
32 20 62 62 74 59 94 86 91 97 29 91 34 10 55 29 34 8 48 44 66 0 46 43 15 62 91 53 8 25 88 35 45 23 86 26 87 70 68 93 99 96 49 27 71 27 95 6 70 75 
12 76 98 22 72 37 64 30 11 10 60 36 24 11 70 61 47 58 68 8 96 46 0 68 86 72 0 78 8 50 22 52 21 51 100 84 32 96 18 0 26 51 14 73 54 90 35 27 91 50 
86 64 55 89 36 24 78 45 52 4 44 31 35 94 53 95 30 42 66 68 22 43 68 0 94 10 18 69 86 24 77 44 40 94 14 53 65 21 59 56 23 54 62 13 85 61 8 74 75 88 
89 31 64 75 81 38 51 88 12 69 3 40 72 16 43 13 95 71 34 54 41 15 86 94 0 61 13 88 92 31 17 65 35 60 65 93 9 9 25 50 93 76 94 44 21 90 95 84 52 69 
41 68 96 78 92 41 46 26 63 71 31 28 25 76 53 34 24 76 50 95 96 62 72 10 61 0 1 6 73 31 9 55 86 36 90 78 27 2 80 17 21 96 46 51 8 93 39 77 64 5 
17 93 63 19 20 92 15 96 3 53 7 22 30 63 66 54 25 28 27 39 9 91 0 18 13 1 0 65 15 52 81 32 22 92 27 78 16 90 28 39 92 78 0 66 80 55 65 78 94 66 
24 41 13 86 34 21 86 21 67 80 72 30 50 35 56 10 33 39 84 62 1 53 78 69 88 6 65 0 43 21 25 12 44 84 55 11 59 26 22 87 7 97 37 73 10 77 64 15 50 57 
23 35 30 62 61 22 74 79 45 74 48 35 78 67 57 36 94 48 4 60 17 8 8 86 92 73 15 43 0 84 21 63 65 21 42 59 98 67 35 77 97 65 35 88 93 87 92 61 13 47 
39 78 67 94 78 9 74 22 70 28 83 89 11 1 23 37 27 73 10 87 33 25 50 24 31 31 52 21 84 0 9 47 52 18 60 17 32 0 78 60 58 82 41 43 27 25 11 29 36 7 
41 72 94 82 51 17 27 2 56 42 74 13 82 72 96 63 59 22 63 41 1 88 22 77 17 9 81 25 21 9 0 48 5 7 74 7 67 80 100 100 3 41 18 47 94 6 82 14 55 19 
62 50 69 88 83 59 85 91 50 4 69 50 19 5 71 67 34 41 64 21 27 35 52 44 65 55 32 12 63 47 48 0 4 80 27 83 40 95 81 12 27 32 37 29 35 41 40 2 12 49 
59 27 47 38 97 45 54 73 59 86 17 68 94 7 94 9 53 25 52 6 94 45 21 40 35 86 22 44 65 52 5 4 0 20 23 23 88 43 24 94 76 35 69 62 19 66 50 62 19 84 
29 55 37 43 74 26 2 29 39 7 100 63 86 32 93 63 3 27 75 71 75 23 51 94 60 36 92 84 21 18 7 80 20 0 9 5 35 64 16 47 55 49 46 29 24 24 39 24 75 89 
53 46 63 43 25 70 94 64 75 87 91 17 66 29 2 4 1 76 21 17 28 86 100 14 65 90 27 55 42 60 74 27 23 9 0 52 32 95 87 59 8 83 56 31 18 79 50 46 60 25 
79 65 1 59 20 23 72 34 74 8 71 28 38 7 82 6 24 45 15 19 39 26 84 53 93 78 78 11 59 17 7 83 23 5 52 0 3 76 87 48 45 87 57 37 70 58 20 48 75 42 
71 60 77 72 6 51 23 86 26 56 15 82 20 27 48 34 49 18 25 64 49 87 32 65 9 27 16 59 98 32 67 40 88 35 32 3 0 30 46 71 48 31 6 14 96 44 20 56 50 7 
28 13 37 5 5 77 64 85 47 53 40 27 70 99 14 20 34 50 27 16 50 70 96 21 9 2 90 26 67 0 80 95 43 64 95 76 30 0 20 66 22 37 87 4 36 82 38 16 85 54 
38 53 52 5 45 4 10 41 39 81 64 29 63 10 67 4 94 24 100 56 35 68 18 59 25 80 28 22 35 78 100 81 24 16 87 87 46 20 0 20 6 4 93 90 42 30 75 7 98 72 
44 1 80 36 37 4 49 17 22 90 46 46 32 74 48 89 12 71 41 37 55 93 0 56 50 17 39 87 77 60 100 12 94 47 59 48 71 66 20 0 47 13 100 3 61 62 22 72 84 93 
87 53 99 40 4 68 45 77 91 94 28 79 1 53 62 37 1 75 93 27 59 99 26 23 93 21 92 7 97 58 3 27 76 55 8 45 48 22 6 47 0 74 88 26 49 26 82 72 12 86 
59 77 31 62 43 81 52 87 35 79 1 58 65 100 49 19 6 27 41 55 58 96 51 54 76 96 78 97 65 82 41 32 35 49 83 87 31 37 4 13 74 0 88 92 66 94 24 96 68 67 
19 45 40 2 4 18 31 9 70 72 33 85 86 47 6 17 18 24 49 96 74 49 14 62 94 46 0 37 35 41 18 37 69 46 56 57 6 87 93 100 88 88 0 37 2 56 14 8 96 22 
27 5 40 61 38 35 70 71 66 8 47 67 13 86 87 67 46 19 50 48 57 27 73 13 44 51 66 73 88 43 47 29 62 29 31 37 14 4 90 3 26 92 37 0 55 30 24 27 62 30 
52 15 96 72 45 21 36 5 33 46 52 11 57 47 77 36 85 0 30 12 96 71 54 85 21 8 80 10 93 27 94 35 19 24 18 70 96 36 42 61 49 66 2 55 0 42 19 30 62 27 
36 26 61 31 75 85 15 93 57 73 81 98 70 64 23 84 5 5 31 20 33 27 90 61 90 93 55 77 87 25 6 41 66 24 79 58 44 82 30 62 26 94 56 30 42 0 74 91 97 56 
1 35 93 33 83 50 56 13 95 67 55 45 47 75 72 18 73 46 17 40 38 95 35 8 95 39 65 64 92 11 82 40 50 39 50 20 20 38 75 22 82 24 14 24 19 74 0 42 38 18 
98 39 44 97 6 26 83 77 3 59 100 35 0 92 6 70 27 0 12 19 64 6 27 74 84 77 78 15 61 29 14 2 62 24 46 48 56 16 7 72 72 96 8 27 30 91 42 0 1 7 
38 84 27 38 43 17 32 8 100 15 42 76 96 73 76 3 26 4 3 8 82 70 91 75 52 64 94 50 13 36 55 12 19 75 60 75 50 85 98 84 12 68 96 62 62 97 38 1 0 36 
31 72 52 28 39 48 48 29 67 2 79 91 97 76 46 3 0 13 32 97 55 75 50 88 69 5 66 57 47 7 19 49 84 89 25 42 7 54 72 93 86 67 22 30 27 56 18 7 36 0 
RRBRBBBBRBRRBRRRRBBBRRBRRBRBRRBRBRBBRRRBRBBRBBBRBB
