50
0 37 18 17 92 31 45 75 40 36 93 98 64 46 39 19 15 39 26 0 20 55 90 66 74 88 95 89 58 45 17 74 66 59 28 77 40 41 65 70 26 26 6 25 37 86 80 20 53 85 
37 0 28 85 19 73 60 7 0 37 47 55 4 19 95 76 26 65 3 84 90 6 23 72 40 21 71 65 9 9 12 18 52 6 11 45 65 28 25 76 10 31 0 27 86 67 53 45 49 6 
18 28 0 70 90 4 15 18 21 72 7 32 100 51 14 13 70 83 57 19 13 81 97 83 83 21 25 48 53 76 17 14 52 51 55 85 51 82 61 94 99 36 47 47 45 55 53 25 72 55 
17 85 70 0 32 11 61 84 39 12 61 100 28 20 56 72 83 59 27 86 72 96 84 91 32 81 89 45 87 95 37 99 40 92 74 66 51 23 83 69 91 6 49 100 14 36 15 28 74 70 
92 19 90 32 0 21 51 18 23 38 7 47 34 70 9 23 26 27 3 65 51 59 63 2 97 31 46 39 87 28 22 97 91 5 52 0 12 97 20 79 13 85 1 35 1 24 77 21 67 68 
31 73 4 11 21 0 61 44 80 48 53 66 0 30 63 15 36 1 51 75 74 42 76 9 67 42 93 40 55 71 52 15 56 60 83 70 25 11 97 27 5 73 96 92 0 17 71 7 37 10 
45 60 15 61 51 61 0 92 43 84 95 96 8 36 46 100 11 78 24 77 44 0 52 91 80 49 0 35 73 76 61 5 51 82 20 20 52 24 14 6 70 93 56 4 69 31 55 12 95 36 
75 7 18 84 18 44 92 0 38 98 95 26 22 3 33 4 90 26 20 73 38 22 27 81 11 80 70 72 32 66 54 24 81 84 43 46 48 2 98 24 89 88 70 49 51 8 76 44 19 24 
40 0 21 39 23 80 43 38 0 75 53 18 51 100 80 34 74 11 68 52 18 0 65 94 60 82 84 98 58 5 26 52 84 10 91 99 14 71 36 95 26 49 68 51 49 57 73 77 64 92 
36 37 72 12 38 48 84 98 75 0 77 60 11 54 4 30 38 66 88 14 68 15 55 50 89 17 17 74 26 26 6 17 33 98 69 2 84 12 17 18 97 25 5 49 97 57 56 76 19 24 
93 47 7 61 7 53 95 95 53 77 0 0 85 35 94 57 9 27 23 12 97 69 18 63 64 66 27 18 82 27 100 38 82 42 3 36 91 35 53 68 76 1 65 81 26 19 46 77 93 49 
98 55 32 100 47 66 96 26 18 60 0 0 85 46 42 48 76 28 12 29 53 97 1 54 44 42 71 34 19 48 5 79 54 41 4 98 53 27 22 51 24 90 71 10 26 25 81 34 97 25 
64 4 100 28 34 0 8 22 51 11 85 85 0 29 14 30 86 77 67 86 46 16 31 65 64 90 43 66 79 33 29 28 33 13 81 68 69 25 76 49 48 93 87 78 0 98 59 85 30 56 
46 19 51 20 70 30 36 3 100 54 35 46 29 0 63 52 23 54 62 82 87 42 10 39 67 98 75 47 96 10 100 46 86 85 6 42 92 85 10 26 68 97 93 22 25 20 88 61 82 99 
39 95 14 56 9 63 46 33 80 4 94 42 14 63 0 22 62 27 23 71 66 41 87 52 63 27 74 53 71 46 63 56 67 85 0 49 85 57 3 49 25 88 35 86 46 50 65 90 40 61 
19 76 13 72 23 15 100 4 34 30 57 48 30 52 22 0 76 33 4 19 87 62 35 96 2 1 56 25 82 2 18 32 3 66 66 11 39 30 42 33 81 54 65 25 23 15 30 66 60 67 
15 26 70 83 26 36 11 90 74 38 9 76 86 23 62 76 0 1 14 81 94 77 75 33 77 8 53 37 66 29 70 94 98 54 23 88 54 83 97 59 27 47 5 50 98 70 85 54 56 20 
39 65 83 59 27 1 78 26 11 66 27 28 77 54 27 33 1 0 50 72 37 12 38 30 17 54 67 41 4 88 78 13 90 35 31 59 51 52 43 23 98 56 5 23 84 54 38 84 50 29 
26 3 57 27 3 51 24 20 68 88 23 12 67 62 23 4 14 50 0 24 94 21 49 96 98 75 34 71 31 52 72 34 6 41 41 61 83 5 79 98 83 3 46 99 65 85 42 48 68 37 
0 84 19 86 65 75 77 73 52 14 12 29 86 82 71 19 81 72 24 0 54 11 82 6 69 17 37 29 79 57 59 4 0 76 87 72 98 36 76 62 80 26 57 75 29 62 82 64 48 9 
20 90 13 72 51 74 44 38 18 68 97 53 46 87 66 87 94 37 94 54 0 63 81 69 95 47 29 5 44 47 16 93 5 91 17 47 51 3 12 79 18 80 67 75 73 9 10 68 61 69 
55 6 81 96 59 42 0 22 0 15 69 97 16 42 41 62 77 12 21 11 63 0 44 88 92 65 80 60 92 32 35 88 4 39 69 75 14 60 50 90 41 2 34 11 74 19 7 46 63 11 
90 23 97 84 63 76 52 27 65 55 18 1 31 10 87 35 75 38 49 82 81 44 0 56 52 97 88 2 80 49 17 67 16 64 23 36 53 23 21 40 21 42 46 30 27 22 13 33 2 74 
66 72 83 91 2 9 91 81 94 50 63 54 65 39 52 96 33 30 96 6 69 88 56 0 12 75 62 48 44 40 89 49 68 93 63 8 4 46 48 46 93 19 46 25 79 21 3 21 93 20 
74 40 83 32 97 67 80 11 60 89 64 44 64 67 63 2 77 17 98 69 95 92 52 12 0 10 49 73 89 6 33 61 85 77 6 37 65 33 5 82 20 32 83 51 19 91 2 40 26 62 
88 21 21 81 31 42 49 80 82 17 66 42 90 98 27 1 8 54 75 17 47 65 97 75 10 0 79 70 34 100 24 42 93 69 49 70 32 47 94 95 90 77 44 31 9 9 96 76 29 11 
95 71 25 89 46 93 0 70 84 17 27 71 43 75 74 56 53 67 34 37 29 80 88 62 49 79 0 73 9 45 0 1 1 40 61 54 35 42 58 21 0 72 33 20 73 23 86 81 11 78 
89 65 48 45 39 40 35 72 98 74 18 34 66 47 53 25 37 41 71 29 5 60 2 48 73 70 73 0 63 13 4 98 84 95 69 21 65 64 20 29 89 95 7 52 29 85 1 48 39 57 
58 9 53 87 87 55 73 32 58 26 82 19 79 96 71 82 66 4 31 79 44 92 80 44 89 34 9 63 0 83 75 83 24 0 97 66 64 41 58 90 32 33 98 49 24 9 26 49 41 22 
45 9 76 95 28 71 76 66 5 26 27 48 33 10 46 2 29 88 52 57 47 32 49 40 6 100 45 13 83 0 96 40 76 35 38 71 72 31 88 36 50 16 75 83 26 72 90 21 76 17 
17 12 17 37 22 52 61 54 26 6 100 5 29 100 63 18 70 78 72 59 16 35 17 89 33 24 0 4 75 96 0 63 36 79 78 32 43 80 49 19 47 69 55 33 97 100 30 36 41 86 
74 18 14 99 97 15 5 24 52 17 38 79 28 46 56 32 94 13 34 4 93 88 67 49 61 42 1 98 83 40 63 0 10 96 47 86 52 24 88 91 27 65 28 88 65 72 26 74 11 17 
66 52 52 40 91 56 51 81 84 33 82 54 33 86 67 3 98 90 6 0 5 4 16 68 85 93 1 84 24 76 36 10 0 5 98 73 76 83 75 57 38 5 74 97 49 11 81 75 65 26 
59 6 51 92 5 60 82 84 10 98 42 41 13 85 85 66 54 35 41 76 91 39 64 93 77 69 40 95 0 35 79 96 5 0 73 1 63 30 38 18 15 19 51 7 40 43 94 72 86 45 
28 11 55 74 52 83 20 43 91 69 3 4 81 6 0 66 23 31 41 87 17 69 23 63 6 49 61 69 97 38 78 47 98 73 0 85 19 12 12 52 91 86 47 35 1 32 98 42 2 17 
77 45 85 66 0 70 20 46 99 2 36 98 68 42 49 11 88 59 61 72 47 75 36 8 37 70 54 21 66 71 32 86 73 1 85 0 13 13 16 46 57 48 98 0 77 99 100 26 11 51 
40 65 51 51 12 25 52 48 14 84 91 53 69 92 85 39 54 51 83 98 51 14 53 4 65 32 35 65 64 72 43 52 76 63 19 13 0 61 34 9 38 71 22 91 100 83 12 82 58 33 
41 28 82 23 97 11 24 2 71 12 35 27 25 85 57 30 83 52 5 36 3 60 23 46 33 47 42 64 41 31 80 24 83 30 12 13 61 0 78 46 62 63 6 96 94 36 93 87 50 90 
65 25 61 83 20 97 14 98 36 17 53 22 76 10 3 42 97 43 79 76 12 50 21 48 5 94 58 20 58 88 49 88 75 38 12 16 34 78 0 55 4 62 64 2 81 10 61 5 70 93 
70 76 94 69 79 27 6 24 95 18 68 51 49 26 49 33 59 23 98 62 79 90 40 46 82 95 21 29 90 36 19 91 57 18 52 46 9 46 55 0 75 85 33 82 61 35 90 69 20 13 
26 10 99 91 13 5 70 89 26 97 76 24 48 68 25 81 27 98 83 80 18 41 21 93 20 90 0 89 32 50 47 27 38 15 91 57 38 62 4 75 0 51 13 30 49 69 3 50 35 38 
26 31 36 6 85 73 93 88 49 25 1 90 93 97 88 54 47 56 3 26 80 2 42 19 32 77 72 95 33 16 69 65 5 19 86 48 71 63 62 85 51 0 89 93 100 98 13 64 4 35 
6 0 47 49 1 96 56 70 68 5 65 71 87 93 35 65 5 5 46 57 67 34 46 46 83 44 33 7 98 75 55 28 74 51 47 98 22 6 64 33 13 89 0 4 34 1 22 93 50 29 
25 27 47 100 35 92 4 49 51 49 81 10 78 22 86 25 50 23 99 75 75 11 30 25 51 31 20 52 49 83 33 88 97 7 35 0 91 96 2 82 30 93 4 0 41 10 86 38 8 44 
37 86 45 14 1 0 69 51 49 97 26 26 0 25 46 23 98 84 65 29 73 74 27 79 19 9 73 29 24 26 97 65 49 40 1 77 100 94 81 61 49 100 34 41 0 1 8 48 50 25 
86 67 55 36 24 17 31 8 57 57 19 25 98 20 50 15 70 54 85 62 9 19 22 21 91 9 23 85 9 72 100 72 11 43 32 99 83 36 10 35 69 98 1 10 1 0 49 28 80 20 
80 53 53 15 77 71 55 76 73 56 46 81 59 88 65 30 85 38 42 82 10 7 13 3 2 96 86 1 26 90 30 26 81 94 98 100 12 93 61 90 3 13 22 86 8 49 0 94 44 18 
20 45 25 28 21 7 12 44 77 76 77 34 85 61 90 66 54 84 48 64 68 46 33 21 40 76 81 48 49 21 36 74 75 72 42 26 82 87 5 69 50 64 93 38 48 28 94 0 96 91 
53 49 72 74 67 37 95 19 64 19 93 97 30 82 40 60 56 50 68 48 61 63 2 93 26 29 11 39 41 76 41 11 65 86 2 11 58 50 70 20 35 4 50 8 50 80 44 96 0 81 
85 6 55 70 68 10 36 24 92 24 49 25 56 99 61 67 20 29 37 9 69 11 74 20 62 11 78 57 22 17 86 17 26 45 17 51 33 90 93 13 38 35 29 44 25 20 18 91 81 0 
RRRBRBBBBBBRRRBBRBRBRBBRRRRBBBBRRBRBRRBRRBBBRRBBRR
