46
0 45 81 71 92 34 91 3 8 98 86 24 29 4 6 100 60 19 24 42 36 80 73 41 77 40 10 90 9 15 46 19 58 65 33 63 96 54 75 89 25 94 12 28 8 53 
45 0 11 64 69 23 22 79 75 50 75 43 94 25 27 59 61 28 44 64 25 28 93 29 61 45 23 39 93 21 26 94 57 66 77 16 20 77 9 49 68 8 2 51 20 30 
81 11 0 69 63 38 54 43 35 72 9 50 90 30 28 21 88 93 54 28 60 42 60 29 97 16 27 18 98 58 81 5 20 21 24 27 4 32 9 85 61 72 42 100 93 55 
71 64 69 0 10 1 58 32 85 32 10 39 51 27 67 4 70 43 1 13 52 84 22 89 14 96 2 3 59 98 48 91 11 96 3 22 93 2 22 47 95 76 62 46 51 80 
92 69 63 10 0 79 26 39 9 3 100 38 25 11 48 62 32 12 97 3 4 72 37 9 2 32 75 12 73 67 63 9 46 72 28 38 63 39 80 46 1 94 66 35 69 29 
34 23 38 1 79 0 75 21 47 72 7 32 90 11 62 23 81 94 70 4 32 55 82 62 94 84 99 48 91 56 98 84 25 44 55 36 11 96 40 28 50 88 10 21 92 67 
91 22 54 58 26 75 0 34 41 22 71 80 97 88 95 84 11 18 45 93 71 97 7 20 54 50 75 31 1 85 73 22 45 6 31 1 72 67 67 14 56 9 50 51 44 16 
3 79 43 32 39 21 34 0 22 33 17 84 91 78 98 5 20 51 27 92 90 79 74 21 56 34 52 89 97 6 47 33 80 38 80 41 7 23 46 13 15 80 40 93 53 33 
8 75 35 85 9 47 41 22 0 85 54 84 41 32 2 6 34 93 60 3 56 0 51 20 31 2 93 43 58 27 55 0 59 88 22 44 14 92 24 35 83 53 97 27 19 28 
98 50 72 32 3 72 22 33 85 0 7 67 42 20 27 72 83 76 36 43 78 88 3 50 79 66 24 94 55 79 8 25 54 76 43 82 29 55 73 25 39 98 34 69 5 93 
86 75 9 10 100 7 71 17 54 7 0 53 34 18 75 76 56 7 53 28 80 35 38 89 88 79 27 79 82 36 66 12 72 12 5 73 95 58 39 56 32 8 77 3 55 96 
24 43 50 39 38 32 80 84 84 67 53 0 36 96 0 26 66 86 55 9 97 80 36 45 0 1 68 96 35 49 37 49 5 87 24 27 67 74 92 95 31 16 64 67 25 43 
29 94 90 51 25 90 97 91 41 42 34 36 0 85 28 36 28 72 26 5 93 23 35 63 3 53 70 52 67 66 6 18 11 62 39 97 67 90 5 9 9 31 95 80 23 1 
4 25 30 27 11 11 88 78 32 20 18 96 85 0 62 97 75 67 56 24 84 61 18 9 26 42 83 91 55 20 96 52 86 14 89 51 9 98 19 44 36 23 80 52 94 63 
6 27 28 67 48 62 95 98 2 27 75 0 28 62 0 7 54 64 78 74 65 33 95 44 17 32 77 11 61 7 12 92 82 1 90 56 14 20 74 89 53 43 31 88 9 78 
100 59 21 4 62 23 84 5 6 72 76 26 36 97 7 0 77 38 58 76 5 8 39 92 78 58 48 86 29 5 10 21 26 66 10 54 44 28 34 97 59 14 60 30 49 13 
60 61 88 70 32 81 11 20 34 83 56 66 28 75 54 77 0 67 18 89 90 43 67 62 71 92 100 85 49 24 97 77 12 42 94 55 79 12 33 99 77 60 7 21 65 2 
19 28 93 43 12 94 18 51 93 76 7 86 72 67 64 38 67 0 61 83 46 5 40 80 34 18 57 16 24 43 38 36 68 52 9 26 34 4 16 23 52 28 26 28 24 46 
24 44 54 1 97 70 45 27 60 36 53 55 26 56 78 58 18 61 0 43 49 43 26 29 76 17 84 7 44 61 98 56 91 20 68 63 7 92 68 20 5 3 54 71 92 64 
42 64 28 13 3 4 93 92 3 43 28 9 5 24 74 76 89 83 43 0 6 64 100 15 55 93 50 20 16 58 44 26 70 6 71 23 26 100 63 71 37 49 81 57 28 18 
36 25 60 52 4 32 71 90 56 78 80 97 93 84 65 5 90 46 49 6 0 29 99 4 86 82 89 49 41 32 31 38 93 65 31 79 2 87 7 30 94 11 90 42 28 72 
80 28 42 84 72 55 97 79 0 88 35 80 23 61 33 8 43 5 43 64 29 0 2 100 39 21 25 32 45 1 1 84 41 100 79 67 16 100 78 86 8 41 49 88 33 77 
73 93 60 22 37 82 7 74 51 3 38 36 35 18 95 39 67 40 26 100 99 2 0 9 100 8 5 70 57 58 48 59 66 88 22 18 2 87 45 29 97 79 25 96 97 79 
41 29 29 89 9 62 20 21 20 50 89 45 63 9 44 92 62 80 29 15 4 100 9 0 12 100 39 73 99 19 46 22 59 62 35 70 33 57 4 88 79 76 62 97 5 84 
77 61 97 14 2 94 54 56 31 79 88 0 3 26 17 78 71 34 76 55 86 39 100 12 0 97 29 23 72 52 29 0 52 57 59 91 11 90 76 29 99 72 1 69 17 36 
40 45 16 96 32 84 50 34 2 66 79 1 53 42 32 58 92 18 17 93 82 21 8 100 97 0 15 34 5 77 13 92 51 74 97 77 40 87 95 85 97 1 3 36 94 94 
10 23 27 2 75 99 75 52 93 24 27 68 70 83 77 48 100 57 84 50 89 25 5 39 29 15 0 0 70 32 87 71 3 100 43 33 17 66 89 63 21 97 99 70 5 88 
90 39 18 3 12 48 31 89 43 94 79 96 52 91 11 86 85 16 7 20 49 32 70 73 23 34 0 0 92 27 37 64 42 74 14 40 48 75 68 29 29 89 98 96 37 51 
9 93 98 59 73 91 1 97 58 55 82 35 67 55 61 29 49 24 44 16 41 45 57 99 72 5 70 92 0 36 72 92 32 78 62 18 50 97 19 35 10 65 39 21 50 84 
15 21 58 98 67 56 85 6 27 79 36 49 66 20 7 5 24 43 61 58 32 1 58 19 52 77 32 27 36 0 82 28 55 44 98 76 36 28 18 60 21 30 2 59 94 81 
46 26 81 48 63 98 73 47 55 8 66 37 6 96 12 10 97 38 98 44 31 1 48 46 29 13 87 37 72 82 0 43 36 92 91 63 48 38 30 35 50 20 50 84 33 16 
19 94 5 91 9 84 22 33 0 25 12 49 18 52 92 21 77 36 56 26 38 84 59 22 0 92 71 64 92 28 43 0 39 61 61 85 81 1 36 70 48 94 65 35 76 82 
58 57 20 11 46 25 45 80 59 54 72 5 11 86 82 26 12 68 91 70 93 41 66 59 52 51 3 42 32 55 36 39 0 83 33 68 24 47 37 8 10 70 82 25 28 14 
65 66 21 96 72 44 6 38 88 76 12 87 62 14 1 66 42 52 20 6 65 100 88 62 57 74 100 74 78 44 92 61 83 0 79 94 18 71 24 50 78 52 82 77 30 56 
33 77 24 3 28 55 31 80 22 43 5 24 39 89 90 10 94 9 68 71 31 79 22 35 59 97 43 14 62 98 91 61 33 79 0 25 4 10 68 35 38 65 46 79 23 38 
63 16 27 22 38 36 1 41 44 82 73 27 97 51 56 54 55 26 63 23 79 67 18 70 91 77 33 40 18 76 63 85 68 94 25 0 8 86 26 4 49 84 44 0 29 34 
96 20 4 93 63 11 72 7 14 29 95 67 67 9 14 44 79 34 7 26 2 16 2 33 11 40 17 48 50 36 48 81 24 18 4 8 0 29 63 9 35 29 2 60 27 51 
54 77 32 2 39 96 67 23 92 55 58 74 90 98 20 28 12 4 92 100 87 100 87 57 90 87 66 75 97 28 38 1 47 71 10 86 29 0 25 94 67 51 52 42 81 8 
75 9 9 22 80 40 67 46 24 73 39 92 5 19 74 34 33 16 68 63 7 78 45 4 76 95 89 68 19 18 30 36 37 24 68 26 63 25 0 96 98 7 87 47 8 12 
89 49 85 47 46 28 14 13 35 25 56 95 9 44 89 97 99 23 20 71 30 86 29 88 29 85 63 29 35 60 35 70 8 50 35 4 9 94 96 0 25 33 53 63 38 84 
25 68 61 95 1 50 56 15 83 39 32 31 9 36 53 59 77 52 5 37 94 8 97 79 99 97 21 29 10 21 50 48 10 78 38 49 35 67 98 25 0 18 44 48 12 65 
94 8 72 76 94 88 9 80 53 98 8 16 31 23 43 14 60 28 3 49 11 41 79 76 72 1 97 89 65 30 20 94 70 52 65 84 29 51 7 33 18 0 57 52 86 26 
12 2 42 62 66 10 50 40 97 34 77 64 95 80 31 60 7 26 54 81 90 49 25 62 1 3 99 98 39 2 50 65 82 82 46 44 2 52 87 53 44 57 0 89 34 32 
28 51 100 46 35 21 51 93 27 69 3 67 80 52 88 30 21 28 71 57 42 88 96 97 69 36 70 96 21 59 84 35 25 77 79 0 60 42 47 63 48 52 89 0 39 47 
8 20 93 51 69 92 44 53 19 5 55 25 23 94 9 49 65 24 92 28 28 33 97 5 17 94 5 37 50 94 33 76 28 30 23 29 27 81 8 38 12 86 34 39 0 97 
53 30 55 80 29 67 16 33 28 93 96 43 1 63 78 13 2 46 64 18 72 77 79 84 36 94 88 51 84 81 16 82 14 56 38 34 51 8 12 84 65 26 32 47 97 0 
BBBRRBRBBRBBRBRBRRBBBRRRBBRRBRBBRBRRBRRBRRBRBR
