36
0 46 51 87 86 80 36 99 30 16 59 97 26 74 69 27 45 19 73 61 95 19 85 42 51 100 14 29 61 16 22 59 75 50 61 70 
46 0 27 52 65 48 32 51 8 18 66 82 5 66 19 88 7 94 78 87 53 87 26 26 21 19 70 77 16 65 14 61 45 43 83 45 
51 27 0 34 54 90 15 86 49 84 21 54 85 27 50 47 22 28 67 93 52 3 67 79 36 14 64 41 4 23 80 16 33 34 15 84 
87 52 34 0 15 36 18 20 55 75 80 88 40 1 5 88 35 76 80 1 92 94 92 83 97 8 34 92 59 90 26 88 74 98 45 61 
86 65 54 15 0 80 99 86 100 15 25 1 93 66 39 74 3 72 93 40 16 50 62 43 84 31 34 58 29 41 51 57 86 14 64 41 
80 48 90 36 80 0 66 34 54 2 78 4 51 9 80 12 93 72 56 71 67 98 48 1 24 72 92 54 91 1 34 28 50 16 7 14 
36 32 15 18 99 66 0 42 73 28 7 50 92 100 68 71 65 11 76 69 91 19 17 52 30 18 87 0 16 59 43 35 81 72 11 17 
99 51 86 20 86 34 42 0 98 70 99 0 6 43 59 93 99 24 67 59 62 17 4 70 85 34 63 3 2 12 65 45 98 15 94 39 
30 8 49 55 100 54 73 98 0 92 79 62 50 32 53 88 9 43 48 51 72 35 84 67 79 19 86 89 92 56 67 58 62 0 35 75 
16 18 84 75 15 2 28 70 92 0 81 87 40 82 77 50 86 39 44 48 36 64 1 45 28 90 99 7 17 91 54 97 11 49 70 15 
59 66 21 80 25 78 7 99 79 81 0 48 23 60 85 96 36 65 58 87 45 19 11 86 25 60 95 15 49 86 90 24 91 9 37 25 
97 82 54 88 1 4 50 0 62 87 48 0 39 42 36 41 64 92 60 98 33 53 78 45 17 14 5 0 40 65 38 52 37 91 95 91 
26 5 85 40 93 51 92 6 50 40 23 39 0 83 88 9 27 2 84 7 69 26 19 36 14 83 69 5 36 51 50 89 14 29 93 53 
74 66 27 1 66 9 100 43 32 82 60 42 83 0 13 93 90 4 91 2 30 79 90 59 57 47 91 50 28 90 47 78 89 18 62 58 
69 19 50 5 39 80 68 59 53 77 85 36 88 13 0 71 64 91 4 27 64 14 73 87 6 31 15 1 72 63 62 7 21 74 99 42 
27 88 47 88 74 12 71 93 88 50 96 41 9 93 71 0 17 94 33 55 3 64 68 41 50 62 57 87 4 56 21 21 8 88 85 35 
45 7 22 35 3 93 65 99 9 86 36 64 27 90 64 17 0 15 61 26 30 71 24 22 42 15 70 3 22 19 77 50 74 16 34 72 
19 94 28 76 72 72 11 24 43 39 65 92 2 4 91 94 15 0 78 70 73 80 42 90 4 4 83 96 64 63 11 65 27 47 71 94 
73 78 67 80 93 56 76 67 48 44 58 60 84 91 4 33 61 78 0 96 48 61 72 61 87 33 97 4 43 90 90 81 16 74 95 67 
61 87 93 1 40 71 69 59 51 48 87 98 7 2 27 55 26 70 96 0 74 25 81 56 81 81 40 50 7 69 26 73 15 36 75 17 
95 53 52 92 16 67 91 62 72 36 45 33 69 30 64 3 30 73 48 74 0 77 56 87 67 86 29 36 60 74 74 8 81 80 60 6 
19 87 3 94 50 98 19 17 35 64 19 53 26 79 14 64 71 80 61 25 77 0 13 48 82 48 79 73 7 38 32 31 52 43 3 54 
85 26 67 92 62 48 17 4 84 1 11 78 19 90 73 68 24 42 72 81 56 13 0 59 85 17 29 16 25 3 8 15 80 32 82 100 
42 26 79 83 43 1 52 70 67 45 86 45 36 59 87 41 22 90 61 56 87 48 59 0 44 38 84 99 53 21 54 70 77 62 15 63 
51 21 36 97 84 24 30 85 79 28 25 17 14 57 6 50 42 4 87 81 67 82 85 44 0 51 84 43 4 51 88 93 15 56 19 12 
100 19 14 8 31 72 18 34 19 90 60 14 83 47 31 62 15 4 33 81 86 48 17 38 51 0 17 32 35 63 81 90 60 98 83 6 
14 70 64 34 34 92 87 63 86 99 95 5 69 91 15 57 70 83 97 40 29 79 29 84 84 17 0 51 65 46 85 46 87 53 9 97 
29 77 41 92 58 54 0 3 89 7 15 0 5 50 1 87 3 96 4 50 36 73 16 99 43 32 51 0 54 49 73 15 15 18 76 65 
61 16 4 59 29 91 16 2 92 17 49 40 36 28 72 4 22 64 43 7 60 7 25 53 4 35 65 54 0 51 5 0 23 91 15 69 
16 65 23 90 41 1 59 12 56 91 86 65 51 90 63 56 19 63 90 69 74 38 3 21 51 63 46 49 51 0 49 3 8 14 36 85 
22 14 80 26 51 34 43 65 67 54 90 38 50 47 62 21 77 11 90 26 74 32 8 54 88 81 85 73 5 49 0 55 18 89 41 55 
59 61 16 88 57 28 35 45 58 97 24 52 89 78 7 21 50 65 81 73 8 31 15 70 93 90 46 15 0 3 55 0 46 3 21 80 
75 45 33 74 86 50 81 98 62 11 91 37 14 89 21 8 74 27 16 15 81 52 80 77 15 60 87 15 23 8 18 46 0 73 85 88 
50 43 34 98 14 16 72 15 0 49 9 91 29 18 74 88 16 47 74 36 80 43 32 62 56 98 53 18 91 14 89 3 73 0 29 2 
61 83 15 45 64 7 11 94 35 70 37 95 93 62 99 85 34 71 95 75 60 3 82 15 19 83 9 76 15 36 41 21 85 29 0 71 
70 45 84 61 41 14 17 39 75 15 25 91 53 58 42 35 72 94 67 17 6 54 100 63 12 6 97 65 69 85 55 80 88 2 71 0 
BBBBBRBBBRBBBRRRRRBBBRBRBRBRRRRRRRRB
