36
0 2 77 54 8 100 10 92 84 82 95 57 25 31 95 15 38 61 30 33 40 70 99 18 18 43 4 49 45 76 87 62 98 74 97 63 
2 0 94 9 22 82 59 6 61 71 96 16 13 60 48 16 87 21 32 63 49 83 25 3 35 36 19 100 48 19 86 83 26 9 45 39 
77 94 0 66 50 36 34 35 44 64 24 83 82 20 81 66 51 14 57 36 20 94 77 7 13 87 35 26 22 8 24 64 40 0 32 40 
54 9 66 0 58 25 9 86 79 45 15 69 41 74 11 22 78 48 14 34 75 86 12 6 63 41 68 77 52 94 47 91 65 65 1 78 
8 22 50 58 0 67 29 82 27 66 83 38 44 32 56 13 38 95 99 22 47 22 44 2 95 77 15 57 89 51 54 34 92 54 70 84 
100 82 36 25 67 0 77 92 19 42 94 34 28 60 20 44 46 4 73 69 24 82 47 46 35 54 52 56 65 92 62 52 78 51 31 83 
10 59 34 9 29 77 0 0 56 24 63 89 56 69 82 74 70 4 74 2 56 46 23 38 4 67 24 68 65 11 50 84 55 97 64 11 
92 6 35 86 82 92 0 0 14 41 8 66 23 52 18 83 50 54 51 81 29 13 26 95 85 75 86 42 7 38 77 73 0 11 73 73 
84 61 44 79 27 19 56 14 0 20 99 98 85 21 51 26 94 77 80 12 33 92 45 28 27 22 6 54 99 95 76 54 37 50 72 11 
82 71 64 45 66 42 24 41 20 0 30 9 53 66 22 63 43 57 88 96 100 46 33 64 18 70 26 61 91 69 7 85 5 69 56 100 
95 96 24 15 83 94 63 8 99 30 0 76 13 29 80 26 14 71 92 100 20 8 92 22 96 28 92 57 49 57 86 13 95 53 70 2 
57 16 83 69 38 34 89 66 98 9 76 0 40 36 20 53 1 73 14 36 52 36 11 29 86 84 59 96 37 21 37 90 39 85 40 44 
25 13 82 41 44 28 56 23 85 53 13 40 0 30 89 41 70 98 64 47 25 31 14 19 91 74 88 41 21 30 47 18 12 96 51 65 
31 60 20 74 32 60 69 52 21 66 29 36 30 0 14 100 62 45 36 16 67 59 50 43 75 5 58 85 54 56 85 81 92 99 17 0 
95 48 81 11 56 20 82 18 51 22 80 20 89 14 0 92 99 0 13 8 86 42 83 35 21 89 55 28 89 96 3 51 84 55 95 58 
15 16 66 22 13 44 74 83 26 63 26 53 41 100 92 0 31 12 66 79 39 47 49 20 58 55 57 56 44 28 88 72 9 9 73 81 
38 87 51 78 38 46 70 50 94 43 14 1 70 62 99 31 0 86 31 24 73 95 28 24 100 51 86 96 62 67 19 80 33 73 10 66 
61 21 14 48 95 4 4 54 77 57 71 73 98 45 0 12 86 0 12 46 37 62 80 83 36 84 78 50 46 24 60 19 53 74 57 58 
30 32 57 14 99 73 74 51 80 88 92 14 64 36 13 66 31 12 0 63 63 78 2 53 5 54 85 95 57 28 30 68 6 28 9 37 
33 63 36 34 22 69 2 81 12 96 100 36 47 16 8 79 24 46 63 0 82 51 48 19 70 40 75 77 70 67 69 93 2 19 24 21 
40 49 20 75 47 24 56 29 33 100 20 52 25 67 86 39 73 37 63 82 0 50 68 4 100 47 56 82 62 24 20 51 2 48 48 26 
70 83 94 86 22 82 46 13 92 46 8 36 31 59 42 47 95 62 78 51 50 0 39 96 91 53 89 87 90 85 94 61 5 81 31 1 
99 25 77 12 44 47 23 26 45 33 92 11 14 50 83 49 28 80 2 48 68 39 0 31 13 83 40 60 27 59 25 83 88 77 87 95 
18 3 7 6 2 46 38 95 28 64 22 29 19 43 35 20 24 83 53 19 4 96 31 0 56 84 33 41 52 20 35 6 38 58 69 78 
18 35 13 63 95 35 4 85 27 18 96 86 91 75 21 58 100 36 5 70 100 91 13 56 0 30 87 14 57 64 14 43 48 98 32 82 
43 36 87 41 77 54 67 75 22 70 28 84 74 5 89 55 51 84 54 40 47 53 83 84 30 0 29 1 86 10 24 95 35 46 37 30 
4 19 35 68 15 52 24 86 6 26 92 59 88 58 55 57 86 78 85 75 56 89 40 33 87 29 0 95 100 19 35 59 40 82 58 95 
49 100 26 77 57 56 68 42 54 61 57 96 41 85 28 56 96 50 95 77 82 87 60 41 14 1 95 0 72 92 49 50 9 32 34 39 
45 48 22 52 89 65 65 7 99 91 49 37 21 54 89 44 62 46 57 70 62 90 27 52 57 86 100 72 0 67 6 70 63 27 68 49 
76 19 8 94 51 92 11 38 95 69 57 21 30 56 96 28 67 24 28 67 24 85 59 20 64 10 19 92 67 0 30 20 12 69 66 96 
87 86 24 47 54 62 50 77 76 7 86 37 47 85 3 88 19 60 30 69 20 94 25 35 14 24 35 49 6 30 0 48 98 23 3 96 
62 83 64 91 34 52 84 73 54 85 13 90 18 81 51 72 80 19 68 93 51 61 83 6 43 95 59 50 70 20 48 0 24 35 86 34 
98 26 40 65 92 78 55 0 37 5 95 39 12 92 84 9 33 53 6 2 2 5 88 38 48 35 40 9 63 12 98 24 0 55 87 66 
74 9 0 65 54 51 97 11 50 69 53 85 96 99 55 9 73 74 28 19 48 81 77 58 98 46 82 32 27 69 23 35 55 0 85 33 
97 45 32 1 70 31 64 73 72 56 70 40 51 17 95 73 10 57 9 24 48 31 87 69 32 37 58 34 68 66 3 86 87 85 0 36 
63 39 40 78 84 83 11 73 11 100 2 44 65 0 58 81 66 58 37 21 26 1 95 78 82 30 95 39 49 96 96 34 66 33 36 0 
RRBBBRBRBRRBBRBRBRRRRBRRBRBBBBBRBRBR
