42
0 68 60 89 48 98 0 0 86 75 38 3 99 64 38 30 77 62 65 12 68 14 33 21 71 85 47 4 86 8 10 39 31 23 64 21 27 67 19 41 7 28 
68 0 33 36 42 63 32 31 33 85 49 63 40 76 19 85 6 9 76 3 97 71 77 8 25 94 96 10 52 92 36 8 7 14 37 53 42 51 22 100 98 85 
60 33 0 5 63 3 49 10 98 2 76 30 69 61 31 99 27 30 74 28 71 90 84 43 11 53 37 29 55 46 93 22 13 82 85 46 28 75 95 64 85 99 
89 36 5 0 78 69 96 6 3 29 55 71 89 2 76 88 4 27 85 91 67 95 20 42 26 65 70 14 43 31 98 76 80 64 71 42 78 18 76 8 55 78 
48 42 63 78 0 92 81 78 57 43 94 91 95 27 44 19 93 21 92 96 42 10 6 46 43 90 46 40 39 47 29 52 10 63 68 79 21 30 58 4 69 95 
98 63 3 69 92 0 62 35 47 56 21 29 13 55 32 7 82 45 54 36 42 75 16 77 18 28 43 47 56 1 81 39 2 14 76 97 57 3 67 62 23 75 
0 32 49 96 81 62 0 16 27 81 92 88 95 27 48 79 76 53 67 1 33 5 4 74 94 60 41 92 78 86 18 30 96 1 67 47 82 71 38 94 2 96 
0 31 10 6 78 35 16 0 100 55 74 96 19 64 45 49 5 32 43 38 71 10 52 93 37 12 5 84 59 20 34 39 62 92 44 31 56 36 83 39 46 52 
86 33 98 3 57 47 27 100 0 33 0 96 28 9 52 19 65 95 18 63 59 41 54 14 5 74 77 91 37 42 93 41 91 82 93 71 10 32 65 12 89 14 
75 85 2 29 43 56 81 55 33 0 14 16 71 28 98 26 47 72 9 29 10 54 78 70 22 37 93 70 49 22 43 93 26 42 92 26 75 54 5 34 37 40 
38 49 76 55 94 21 92 74 0 14 0 19 40 78 42 42 61 97 4 52 15 98 69 89 74 57 12 99 90 9 87 11 69 42 78 27 81 37 53 30 72 70 
3 63 30 71 91 29 88 96 96 16 19 0 62 2 72 6 49 27 86 100 74 8 35 19 3 60 53 27 35 82 70 75 32 52 60 28 61 38 41 52 44 81 
99 40 69 89 95 13 95 19 28 71 40 62 0 25 35 23 62 73 52 98 55 92 80 37 10 44 25 52 14 96 9 30 14 12 67 34 44 79 52 46 4 27 
64 76 61 2 27 55 27 64 9 28 78 2 25 0 27 75 10 98 41 38 9 16 0 64 82 90 66 40 89 89 58 83 15 88 32 80 74 59 37 14 66 90 
38 19 31 76 44 32 48 45 52 98 42 72 35 27 0 87 98 46 97 63 84 64 28 20 55 25 86 25 66 59 86 62 5 36 47 58 31 32 48 57 36 14 
30 85 99 88 19 7 79 49 19 26 42 6 23 75 87 0 10 63 40 96 42 15 11 89 76 97 63 92 61 80 85 64 88 96 88 93 58 45 1 88 30 26 
77 6 27 4 93 82 76 5 65 47 61 49 62 10 98 10 0 20 11 66 68 69 8 14 27 10 95 42 22 27 95 32 47 9 85 13 65 6 39 23 65 52 
62 9 30 27 21 45 53 32 95 72 97 27 73 98 46 63 20 0 14 79 14 56 60 20 80 73 63 12 88 79 75 25 83 1 25 57 43 33 11 46 96 60 
65 76 74 85 92 54 67 43 18 9 4 86 52 41 97 40 11 14 0 55 9 47 6 37 16 62 52 85 3 63 21 30 63 67 11 90 41 11 12 21 13 96 
12 3 28 91 96 36 1 38 63 29 52 100 98 38 63 96 66 79 55 0 26 11 86 81 95 96 25 10 34 34 91 54 16 70 82 78 43 65 33 72 61 78 
68 97 71 67 42 42 33 71 59 10 15 74 55 9 84 42 68 14 9 26 0 21 23 29 13 32 59 59 24 51 4 86 74 99 67 43 77 29 40 56 52 96 
14 71 90 95 10 75 5 10 41 54 98 8 92 16 64 15 69 56 47 11 21 0 89 92 93 25 12 22 62 35 53 4 83 35 85 85 31 45 79 68 75 36 
33 77 84 20 6 16 4 52 54 78 69 35 80 0 28 11 8 60 6 86 23 89 0 36 30 4 10 76 12 88 4 49 41 89 56 18 36 9 93 50 40 43 
21 8 43 42 46 77 74 93 14 70 89 19 37 64 20 89 14 20 37 81 29 92 36 0 67 69 75 42 82 28 2 24 77 54 75 85 80 70 57 18 23 83 
71 25 11 26 43 18 94 37 5 22 74 3 10 82 55 76 27 80 16 95 13 93 30 67 0 0 58 13 20 55 46 40 95 32 31 0 32 30 61 38 8 16 
85 94 53 65 90 28 60 12 74 37 57 60 44 90 25 97 10 73 62 96 32 25 4 69 0 0 63 38 16 72 62 5 75 54 41 84 33 65 52 16 29 89 
47 96 37 70 46 43 41 5 77 93 12 53 25 66 86 63 95 63 52 25 59 12 10 75 58 63 0 9 64 61 32 52 43 59 31 74 23 8 86 31 59 48 
4 10 29 14 40 47 92 84 91 70 99 27 52 40 25 92 42 12 85 10 59 22 76 42 13 38 9 0 55 98 52 82 30 1 27 4 92 79 85 4 33 59 
86 52 55 43 39 56 78 59 37 49 90 35 14 89 66 61 22 88 3 34 24 62 12 82 20 16 64 55 0 96 46 89 42 70 67 80 45 48 49 7 26 15 
8 92 46 31 47 1 86 20 42 22 9 82 96 89 59 80 27 79 63 34 51 35 88 28 55 72 61 98 96 0 28 36 71 58 22 14 23 88 80 20 97 77 
10 36 93 98 29 81 18 34 93 43 87 70 9 58 86 85 95 75 21 91 4 53 4 2 46 62 32 52 46 28 0 84 89 90 40 23 74 89 18 99 3 54 
39 8 22 76 52 39 30 39 41 93 11 75 30 83 62 64 32 25 30 54 86 4 49 24 40 5 52 82 89 36 84 0 27 53 100 82 15 20 66 89 95 16 
31 7 13 80 10 2 96 62 91 26 69 32 14 15 5 88 47 83 63 16 74 83 41 77 95 75 43 30 42 71 89 27 0 55 22 33 58 42 43 50 18 27 
23 14 82 64 63 14 1 92 82 42 42 52 12 88 36 96 9 1 67 70 99 35 89 54 32 54 59 1 70 58 90 53 55 0 44 8 31 10 26 82 37 76 
64 37 85 71 68 76 67 44 93 92 78 60 67 32 47 88 85 25 11 82 67 85 56 75 31 41 31 27 67 22 40 100 22 44 0 23 78 69 76 77 94 19 
21 53 46 42 79 97 47 31 71 26 27 28 34 80 58 93 13 57 90 78 43 85 18 85 0 84 74 4 80 14 23 82 33 8 23 0 4 56 18 35 29 3 
27 42 28 78 21 57 82 56 10 75 81 61 44 74 31 58 65 43 41 43 77 31 36 80 32 33 23 92 45 23 74 15 58 31 78 4 0 86 24 82 80 10 
67 51 75 18 30 3 71 36 32 54 37 38 79 59 32 45 6 33 11 65 29 45 9 70 30 65 8 79 48 88 89 20 42 10 69 56 86 0 67 15 88 59 
19 22 95 76 58 67 38 83 65 5 53 41 52 37 48 1 39 11 12 33 40 79 93 57 61 52 86 85 49 80 18 66 43 26 76 18 24 67 0 57 79 31 
41 100 64 8 4 62 94 39 12 34 30 52 46 14 57 88 23 46 21 72 56 68 50 18 38 16 31 4 7 20 99 89 50 82 77 35 82 15 57 0 78 92 
7 98 85 55 69 23 2 46 89 37 72 44 4 66 36 30 65 96 13 61 52 75 40 23 8 29 59 33 26 97 3 95 18 37 94 29 80 88 79 78 0 13 
28 85 99 78 95 75 96 52 14 40 70 81 27 90 14 26 52 60 96 78 96 36 43 83 16 89 48 59 15 77 54 16 27 76 19 3 10 59 31 92 13 0 
RRRBRRBRRBBRBBBRRBBRRBBRRBRBBRBRBBBBRRRBRB
