34
0 96 49 4 36 34 12 61 75 97 47 76 15 25 35 78 100 13 43 97 89 80 82 74 10 96 48 78 79 10 73 62 63 54 
96 0 69 16 65 68 30 2 13 51 82 72 43 32 92 76 27 37 57 21 48 8 74 62 75 7 54 16 53 46 81 24 30 32 
49 69 0 36 78 26 49 37 10 92 87 71 29 86 68 59 51 4 36 67 3 58 66 1 92 47 38 11 5 82 98 42 52 9 
4 16 36 0 45 62 97 75 95 49 37 17 64 69 10 47 40 43 77 93 100 65 1 74 14 35 42 2 58 69 43 29 5 41 
36 65 78 45 0 9 53 23 16 89 49 96 50 1 63 26 26 34 7 56 61 94 10 100 19 45 67 80 22 0 93 24 99 2 
34 68 26 62 9 0 4 20 78 36 68 18 64 1 25 64 66 81 92 68 81 92 84 10 9 77 95 25 34 84 94 93 85 43 
12 30 49 97 53 4 0 73 21 100 80 74 48 36 42 49 19 97 40 30 86 87 35 41 36 53 59 82 94 78 52 52 52 30 
61 2 37 75 23 20 73 0 3 82 35 30 79 51 54 40 54 36 4 42 89 74 81 85 36 49 80 33 6 33 91 89 1 66 
75 13 10 95 16 78 21 3 0 15 39 64 73 40 42 98 58 59 91 67 13 75 96 35 54 60 26 99 29 73 19 39 15 84 
97 51 92 49 89 36 100 82 15 0 99 73 97 71 43 90 99 79 11 37 92 24 17 71 73 88 20 20 57 46 60 8 86 62 
47 82 87 37 49 68 80 35 39 99 0 61 7 31 70 70 38 87 75 24 43 15 79 48 18 19 23 41 25 52 11 35 98 9 
76 72 71 17 96 18 74 30 64 73 61 0 49 78 99 7 23 77 83 95 47 60 99 60 22 54 48 94 86 72 24 24 22 41 
15 43 29 64 50 64 48 79 73 97 7 49 0 73 28 83 6 70 98 48 37 34 3 79 91 15 33 89 33 7 4 83 38 90 
25 32 86 69 1 1 36 51 40 71 31 78 73 0 31 87 18 78 36 80 57 83 94 49 39 12 97 86 28 35 86 39 8 71 
35 92 68 10 63 25 42 54 42 43 70 99 28 31 0 48 10 6 85 77 38 56 37 26 32 53 80 45 8 39 54 4 45 60 
78 76 59 47 26 64 49 40 98 90 70 7 83 87 48 0 69 53 14 30 23 40 90 7 2 14 25 37 60 3 64 8 93 7 
100 27 51 40 26 66 19 54 58 99 38 23 6 18 10 69 0 95 13 45 55 76 29 1 32 61 70 19 72 38 39 32 74 63 
13 37 4 43 34 81 97 36 59 79 87 77 70 78 6 53 95 0 15 39 93 27 51 23 44 61 66 83 57 8 75 33 30 81 
43 57 36 77 7 92 40 4 91 11 75 83 98 36 85 14 13 15 0 69 87 43 62 4 67 88 66 23 50 100 36 98 75 73 
97 21 67 93 56 68 30 42 67 37 24 95 48 80 77 30 45 39 69 0 92 95 32 74 22 40 30 47 88 52 96 32 39 57 
89 48 3 100 61 81 86 89 13 92 43 47 37 57 38 23 55 93 87 92 0 3 31 69 95 46 86 87 12 12 0 32 19 5 
80 8 58 65 94 92 87 74 75 24 15 60 34 83 56 40 76 27 43 95 3 0 51 55 29 69 17 58 81 45 77 29 47 46 
82 74 66 1 10 84 35 81 96 17 79 99 3 94 37 90 29 51 62 32 31 51 0 61 25 50 66 14 43 58 89 37 31 97 
74 62 1 74 100 10 41 85 35 71 48 60 79 49 26 7 1 23 4 74 69 55 61 0 33 8 98 80 31 9 42 100 59 6 
10 75 92 14 19 9 36 36 54 73 18 22 91 39 32 2 32 44 67 22 95 29 25 33 0 31 68 4 72 7 51 96 29 62 
96 7 47 35 45 77 53 49 60 88 19 54 15 12 53 14 61 61 88 40 46 69 50 8 31 0 27 12 99 38 43 72 44 3 
48 54 38 42 67 95 59 80 26 20 23 48 33 97 80 25 70 66 66 30 86 17 66 98 68 27 0 95 38 64 68 42 21 30 
78 16 11 2 80 25 82 33 99 20 41 94 89 86 45 37 19 83 23 47 87 58 14 80 4 12 95 0 97 5 90 15 94 77 
79 53 5 58 22 34 94 6 29 57 25 86 33 28 8 60 72 57 50 88 12 81 43 31 72 99 38 97 0 10 43 84 36 41 
10 46 82 69 0 84 78 33 73 46 52 72 7 35 39 3 38 8 100 52 12 45 58 9 7 38 64 5 10 0 40 33 16 12 
73 81 98 43 93 94 52 91 19 60 11 24 4 86 54 64 39 75 36 96 0 77 89 42 51 43 68 90 43 40 0 18 60 45 
62 24 42 29 24 93 52 89 39 8 35 24 83 39 4 8 32 33 98 32 32 29 37 100 96 72 42 15 84 33 18 0 37 85 
63 30 52 5 99 85 52 1 15 86 98 22 38 8 45 93 74 30 75 39 19 47 31 59 29 44 21 94 36 16 60 37 0 10 
54 32 9 41 2 43 30 66 84 62 9 41 90 71 60 7 63 81 73 57 5 46 97 6 62 3 30 77 41 12 45 85 10 0 
RRRBBBRBBBBRBRBBBBRBRBRRRRRBBBRRRR
