30
0 76 63 7 79 49 36 48 98 67 42 24 90 21 2 99 29 7 51 16 36 24 29 12 97 54 28 34 92 77 
76 0 65 9 37 24 95 74 67 36 53 4 86 21 44 59 36 30 31 64 43 100 12 48 83 88 83 25 73 47 
63 65 0 82 4 0 0 17 66 46 70 97 98 38 2 34 31 57 17 86 27 79 7 5 4 27 33 53 28 5 
7 9 82 0 12 54 49 93 59 62 54 81 33 53 0 76 86 45 65 32 87 71 89 64 48 27 83 62 67 47 
79 37 4 12 0 24 94 85 5 50 60 87 0 1 20 32 3 96 94 18 80 11 52 6 97 94 64 56 40 10 
49 24 0 54 24 0 56 84 52 53 60 72 30 29 37 44 45 74 28 0 84 81 48 87 100 62 4 1 82 48 
36 95 0 49 94 56 0 21 21 29 32 47 44 41 71 7 83 65 32 31 78 0 58 67 54 7 10 41 39 98 
48 74 17 93 85 84 21 0 32 27 79 74 63 20 39 40 77 93 16 65 9 54 94 24 71 10 77 13 65 63 
98 67 66 59 5 52 21 32 0 3 85 40 30 66 43 4 86 93 92 92 26 4 97 75 49 32 16 34 70 12 
67 36 46 62 50 53 29 27 3 0 39 85 31 32 83 7 16 58 11 69 48 14 22 74 71 27 71 42 92 59 
42 53 70 54 60 60 32 79 85 39 0 9 44 64 55 56 88 97 90 85 20 68 97 63 50 90 0 3 38 10 
24 4 97 81 87 72 47 74 40 85 9 0 100 43 4 67 88 43 49 20 58 51 1 27 63 57 50 23 51 9 
90 86 98 33 0 30 44 63 30 31 44 100 0 6 64 65 90 25 23 42 90 35 32 88 43 63 95 34 19 11 
21 21 38 53 1 29 41 20 66 32 64 43 6 0 51 70 98 67 35 92 64 82 42 50 39 48 84 2 55 21 
2 44 2 0 20 37 71 39 43 83 55 4 64 51 0 30 31 4 70 31 99 88 96 40 74 40 8 9 62 11 
99 59 34 76 32 44 7 40 4 7 56 67 65 70 30 0 81 4 58 79 54 22 87 65 59 25 51 27 99 34 
29 36 31 86 3 45 83 77 86 16 88 88 90 98 31 81 0 100 19 86 78 47 38 98 22 46 12 67 29 21 
7 30 57 45 96 74 65 93 93 58 97 43 25 67 4 4 100 0 9 39 95 44 28 31 23 33 75 22 28 42 
51 31 17 65 94 28 32 16 92 11 90 49 23 35 70 58 19 9 0 3 40 23 43 23 12 39 92 48 68 17 
16 64 86 32 18 0 31 65 92 69 85 20 42 92 31 79 86 39 3 0 6 23 54 86 53 27 71 89 41 80 
36 43 27 87 80 84 78 9 26 48 20 58 90 64 99 54 78 95 40 6 0 59 94 22 43 68 47 15 89 61 
24 100 79 71 11 81 0 54 4 14 68 51 35 82 88 22 47 44 23 23 59 0 71 36 64 99 81 64 97 25 
29 12 7 89 52 48 58 94 97 22 97 1 32 42 96 87 38 28 43 54 94 71 0 14 58 8 7 100 67 100 
12 48 5 64 6 87 67 24 75 74 63 27 88 50 40 65 98 31 23 86 22 36 14 0 12 37 98 52 94 24 
97 83 4 48 97 100 54 71 49 71 50 63 43 39 74 59 22 23 12 53 43 64 58 12 0 94 50 41 23 23 
54 88 27 27 94 62 7 10 32 27 90 57 63 48 40 25 46 33 39 27 68 99 8 37 94 0 48 49 33 8 
28 83 33 83 64 4 10 77 16 71 0 50 95 84 8 51 12 75 92 71 47 81 7 98 50 48 0 98 54 82 
34 25 53 62 56 1 41 13 34 42 3 23 34 2 9 27 67 22 48 89 15 64 100 52 41 49 98 0 54 7 
92 73 28 67 40 82 39 65 70 92 38 51 19 55 62 99 29 28 68 41 89 97 67 94 23 33 54 54 0 5 
77 47 5 47 10 48 98 63 12 59 10 9 11 21 11 34 21 42 17 80 61 25 100 24 23 8 82 7 5 0 
RBRBBRBBBRRRRBBRRBRRRBRBRBRBBB
