50
0 6 95 22 29 26 67 41 80 41 53 68 11 14 66 61 78 36 28 79 60 34 78 29 9 100 30 93 60 20 37 81 96 58 23 13 99 24 100 27 72 42 72 50 27 66 94 14 15 81 
6 0 29 55 54 45 26 78 76 23 38 42 32 28 53 53 36 46 0 72 39 26 10 51 31 34 50 39 39 71 14 54 94 96 74 9 50 23 65 24 88 85 92 65 31 46 7 80 6 68 
95 29 0 82 20 53 77 51 4 5 58 86 30 76 58 6 95 5 100 2 84 68 90 45 37 22 47 19 3 89 79 39 39 13 60 79 24 26 53 56 64 13 49 85 15 87 30 77 20 30 
22 55 82 0 23 49 16 28 70 50 76 98 62 42 94 85 74 79 19 21 15 26 95 29 59 43 0 43 26 68 22 61 1 10 10 23 77 4 36 61 29 89 65 50 83 74 88 26 70 78 
29 54 20 23 0 10 62 6 94 67 8 52 96 10 35 36 87 17 42 87 15 67 19 40 74 52 66 65 76 53 76 82 36 57 91 0 89 1 28 50 43 71 5 49 93 27 43 28 29 13 
26 45 53 49 10 0 86 25 31 12 42 52 35 42 23 84 11 92 70 21 46 41 83 14 79 64 27 89 25 22 50 2 70 25 9 8 93 89 46 88 20 3 64 73 27 33 79 13 49 21 
67 26 77 16 62 86 0 69 18 20 58 76 48 38 51 94 59 0 36 39 58 67 91 16 71 77 90 55 27 51 22 16 11 90 2 32 45 65 89 55 45 18 99 37 26 79 7 91 89 0 
41 78 51 28 6 25 69 0 90 45 28 28 71 85 48 41 84 91 75 55 89 79 53 46 9 42 66 27 72 90 79 55 91 100 16 43 43 23 13 85 16 61 70 25 36 13 52 100 14 75 
80 76 4 70 94 31 18 90 0 24 69 39 67 28 58 23 89 23 49 35 9 14 60 39 24 57 58 40 80 4 18 15 20 5 72 93 23 64 51 77 42 29 86 69 89 25 34 31 24 21 
41 23 5 50 67 12 20 45 24 0 98 65 74 88 46 65 70 71 88 24 5 99 27 70 82 7 49 4 38 64 55 2 86 82 42 18 90 36 61 99 56 59 83 74 38 85 56 0 19 25 
53 38 58 76 8 42 58 28 69 98 0 68 25 41 7 77 63 89 26 84 91 13 90 47 52 84 59 61 10 59 94 57 91 86 97 36 95 85 75 2 66 87 49 3 19 48 42 66 83 80 
68 42 86 98 52 52 76 28 39 65 68 0 48 39 95 24 84 83 55 80 71 60 18 10 54 72 86 47 74 19 18 51 93 40 63 73 81 57 66 53 47 56 38 47 55 98 5 72 6 27 
11 32 30 62 96 35 48 71 67 74 25 48 0 97 95 25 66 86 26 69 92 87 76 42 79 19 64 89 39 72 48 18 79 18 21 2 9 69 89 51 74 45 59 6 8 95 36 39 40 12 
14 28 76 42 10 42 38 85 28 88 41 39 97 0 34 24 99 46 1 61 0 54 25 14 2 21 100 12 6 79 42 91 29 37 49 43 54 26 14 61 78 19 58 99 44 9 98 43 63 35 
66 53 58 94 35 23 51 48 58 46 7 95 95 34 0 12 29 48 6 24 65 60 86 87 28 95 88 44 96 87 100 30 72 39 35 23 71 43 87 21 95 96 100 37 57 62 43 17 48 49 
61 53 6 85 36 84 94 41 23 65 77 24 25 24 12 0 62 4 0 55 6 45 84 50 99 44 50 53 89 38 40 83 99 32 92 95 54 72 45 95 60 45 29 38 58 99 92 24 88 1 
78 36 95 74 87 11 59 84 89 70 63 84 66 99 29 62 0 50 67 6 38 7 89 83 19 9 52 53 3 92 31 58 53 90 83 20 80 31 71 15 25 32 4 7 95 11 65 73 47 85 
36 46 5 79 17 92 0 91 23 71 89 83 86 46 48 4 50 0 7 84 41 90 50 14 53 99 38 59 50 14 85 42 91 12 14 77 38 36 68 90 99 17 95 26 1 63 89 71 96 37 
28 0 100 19 42 70 36 75 49 88 26 55 26 1 6 0 67 7 0 78 42 77 94 56 54 30 51 46 70 93 40 63 76 14 21 13 60 9 81 60 46 75 97 48 75 38 75 6 98 84 
79 72 2 21 87 21 39 55 35 24 84 80 69 61 24 55 6 84 78 0 66 73 7 48 85 14 46 48 74 30 76 60 64 62 2 17 86 2 76 25 63 37 23 4 5 76 37 50 22 29 
60 39 84 15 15 46 58 89 9 5 91 71 92 0 65 6 38 41 42 66 0 51 69 16 1 65 34 65 20 92 52 1 43 13 61 92 4 3 55 44 17 6 39 18 36 45 14 51 1 69 
34 26 68 26 67 41 67 79 14 99 13 60 87 54 60 45 7 90 77 73 51 0 3 75 80 22 93 2 100 69 52 74 80 42 77 36 31 32 64 51 2 32 81 6 46 19 61 16 12 11 
78 10 90 95 19 83 91 53 60 27 90 18 76 25 86 84 89 50 94 7 69 3 0 44 6 58 52 90 98 69 29 4 59 27 63 54 68 49 100 84 38 48 92 74 32 82 17 28 46 69 
29 51 45 29 40 14 16 46 39 70 47 10 42 14 87 50 83 14 56 48 16 75 44 0 85 52 93 48 22 15 56 69 99 27 95 53 63 39 52 100 63 8 78 38 70 0 4 24 30 84 
9 31 37 59 74 79 71 9 24 82 52 54 79 2 28 99 19 53 54 85 1 80 6 85 0 54 60 79 28 78 88 32 70 99 99 35 71 11 79 1 17 30 36 40 1 74 86 18 78 35 
100 34 22 43 52 64 77 42 57 7 84 72 19 21 95 44 9 99 30 14 65 22 58 52 54 0 79 73 47 27 12 82 31 58 10 12 32 24 33 4 90 78 4 69 32 3 53 18 83 55 
30 50 47 0 66 27 90 66 58 49 59 86 64 100 88 50 52 38 51 46 34 93 52 93 60 79 0 51 5 44 10 88 74 85 17 72 13 32 34 53 94 88 54 34 37 90 88 28 84 35 
93 39 19 43 65 89 55 27 40 4 61 47 89 12 44 53 53 59 46 48 65 2 90 48 79 73 51 0 53 99 75 18 4 94 26 34 19 45 90 66 2 16 98 83 46 36 11 9 48 99 
60 39 3 26 76 25 27 72 80 38 10 74 39 6 96 89 3 50 70 74 20 100 98 22 28 47 5 53 0 31 66 96 57 44 81 54 96 84 95 95 23 64 55 98 57 59 70 9 56 75 
20 71 89 68 53 22 51 90 4 64 59 19 72 79 87 38 92 14 93 30 92 69 69 15 78 27 44 99 31 0 19 99 18 1 42 7 94 13 73 97 48 75 0 75 59 34 80 65 85 46 
37 14 79 22 76 50 22 79 18 55 94 18 48 42 100 40 31 85 40 76 52 52 29 56 88 12 10 75 66 19 0 26 47 11 13 78 91 40 67 39 84 92 67 68 65 79 17 61 49 52 
81 54 39 61 82 2 16 55 15 2 57 51 18 91 30 83 58 42 63 60 1 74 4 69 32 82 88 18 96 99 26 0 86 69 33 12 23 52 40 50 1 1 80 85 50 30 49 94 63 26 
96 94 39 1 36 70 11 91 20 86 91 93 79 29 72 99 53 91 76 64 43 80 59 99 70 31 74 4 57 18 47 86 0 5 33 96 44 22 75 39 19 67 1 11 5 1 40 31 34 95 
58 96 13 10 57 25 90 100 5 82 86 40 18 37 39 32 90 12 14 62 13 42 27 27 99 58 85 94 44 1 11 69 5 0 97 65 44 45 93 40 72 85 88 0 22 27 9 99 37 1 
23 74 60 10 91 9 2 16 72 42 97 63 21 49 35 92 83 14 21 2 61 77 63 95 99 10 17 26 81 42 13 33 33 97 0 69 1 77 24 79 97 6 1 98 41 45 45 99 94 75 
13 9 79 23 0 8 32 43 93 18 36 73 2 43 23 95 20 77 13 17 92 36 54 53 35 12 72 34 54 7 78 12 96 65 69 0 28 35 64 38 64 24 13 23 92 47 30 19 11 38 
99 50 24 77 89 93 45 43 23 90 95 81 9 54 71 54 80 38 60 86 4 31 68 63 71 32 13 19 96 94 91 23 44 44 1 28 0 54 84 40 84 45 47 89 11 25 62 25 7 38 
24 23 26 4 1 89 65 23 64 36 85 57 69 26 43 72 31 36 9 2 3 32 49 39 11 24 32 45 84 13 40 52 22 45 77 35 54 0 14 50 55 50 12 2 27 69 27 16 44 26 
100 65 53 36 28 46 89 13 51 61 75 66 89 14 87 45 71 68 81 76 55 64 100 52 79 33 34 90 95 73 67 40 75 93 24 64 84 14 0 54 44 57 48 100 58 81 38 68 16 57 
27 24 56 61 50 88 55 85 77 99 2 53 51 61 21 95 15 90 60 25 44 51 84 100 1 4 53 66 95 97 39 50 39 40 79 38 40 50 54 0 60 22 31 62 35 41 61 35 54 30 
72 88 64 29 43 20 45 16 42 56 66 47 74 78 95 60 25 99 46 63 17 2 38 63 17 90 94 2 23 48 84 1 19 72 97 64 84 55 44 60 0 42 78 9 34 80 94 63 75 80 
42 85 13 89 71 3 18 61 29 59 87 56 45 19 96 45 32 17 75 37 6 32 48 8 30 78 88 16 64 75 92 1 67 85 6 24 45 50 57 22 42 0 29 63 35 58 23 66 27 56 
72 92 49 65 5 64 99 70 86 83 49 38 59 58 100 29 4 95 97 23 39 81 92 78 36 4 54 98 55 0 67 80 1 88 1 13 47 12 48 31 78 29 0 30 36 42 99 92 7 8 
50 65 85 50 49 73 37 25 69 74 3 47 6 99 37 38 7 26 48 4 18 6 74 38 40 69 34 83 98 75 68 85 11 0 98 23 89 2 100 62 9 63 30 0 14 27 97 85 48 63 
27 31 15 83 93 27 26 36 89 38 19 55 8 44 57 58 95 1 75 5 36 46 32 70 1 32 37 46 57 59 65 50 5 22 41 92 11 27 58 35 34 35 36 14 0 35 7 80 70 65 
66 46 87 74 27 33 79 13 25 85 48 98 95 9 62 99 11 63 38 76 45 19 82 0 74 3 90 36 59 34 79 30 1 27 45 47 25 69 81 41 80 58 42 27 35 0 86 44 26 93 
94 7 30 88 43 79 7 52 34 56 42 5 36 98 43 92 65 89 75 37 14 61 17 4 86 53 88 11 70 80 17 49 40 9 45 30 62 27 38 61 94 23 99 97 7 86 0 28 43 79 
14 80 77 26 28 13 91 100 31 0 66 72 39 43 17 24 73 71 6 50 51 16 28 24 18 18 28 9 9 65 61 94 31 99 99 19 25 16 68 35 63 66 92 85 80 44 28 0 72 47 
15 6 20 70 29 49 89 14 24 19 83 6 40 63 48 88 47 96 98 22 1 12 46 30 78 83 84 48 56 85 49 63 34 37 94 11 7 44 16 54 75 27 7 48 70 26 43 72 0 66 
81 68 30 78 13 21 0 75 21 25 80 27 12 35 49 1 85 37 84 29 69 11 69 84 35 55 35 99 75 46 52 26 95 1 75 38 38 26 57 30 80 56 8 63 65 93 79 47 66 0 
BBRRRBBRRBRBBRBBBRRBBRRBBBRBRBRRBRRBRRRBRBBBRRBRBR
