48
0 64 31 70 13 81 28 13 23 96 25 93 96 54 85 70 89 70 65 81 79 84 22 98 1 11 97 74 73 22 24 74 94 84 17 57 28 21 9 41 2 34 31 90 47 21 51 98 
64 0 10 62 84 81 79 40 67 81 66 56 94 83 28 61 56 68 30 42 53 75 82 4 8 73 68 2 2 93 4 28 73 85 20 93 84 29 70 31 74 17 43 36 28 65 21 31 
31 10 0 5 52 53 49 89 27 66 27 24 51 1 28 13 69 95 88 22 16 30 60 72 22 89 98 83 97 18 26 1 37 18 11 19 29 100 56 55 15 84 88 98 98 100 43 13 
70 62 5 0 15 13 72 98 4 7 79 100 44 31 14 25 11 4 90 65 20 65 69 1 17 24 32 57 83 37 20 76 10 61 98 93 37 11 24 81 1 35 39 72 43 81 64 97 
13 84 52 15 0 59 17 69 64 39 96 32 92 20 19 86 76 31 91 44 79 16 5 29 14 10 88 97 30 56 63 72 32 11 74 56 90 41 35 69 88 67 100 53 4 53 100 4 
81 81 53 13 59 0 37 24 76 52 96 90 3 53 95 93 57 52 15 99 73 15 57 18 41 89 1 4 99 52 43 55 57 29 72 93 57 16 89 2 17 59 62 44 11 77 0 5 
28 79 49 72 17 37 0 90 91 47 86 75 96 91 31 62 40 64 92 75 26 73 57 74 93 18 72 80 15 15 23 7 67 4 71 4 13 100 28 85 2 43 28 50 95 61 88 18 
13 40 89 98 69 24 90 0 18 20 16 40 100 82 21 79 26 77 86 2 97 53 67 56 80 18 25 20 33 73 99 7 93 48 68 29 37 14 66 28 53 87 35 33 49 31 77 94 
23 67 27 4 64 76 91 18 0 21 18 89 45 71 48 74 39 25 88 100 37 14 77 87 52 19 89 39 1 24 24 59 66 76 42 56 28 27 39 53 79 99 22 70 90 25 56 87 
96 81 66 7 39 52 47 20 21 0 86 9 27 94 9 56 21 32 74 34 57 22 28 10 24 48 4 72 49 64 6 88 33 54 26 19 69 38 80 79 46 64 48 44 32 41 42 3 
25 66 27 79 96 96 86 16 18 86 0 81 54 71 65 76 0 95 56 96 27 47 85 74 31 67 39 22 9 73 69 12 53 90 47 59 37 35 75 34 12 33 33 50 27 1 23 94 
93 56 24 100 32 90 75 40 89 9 81 0 2 33 88 25 93 35 44 32 90 2 47 56 21 76 66 43 48 37 26 20 16 16 21 10 81 45 55 54 51 55 35 84 39 82 80 17 
96 94 51 44 92 3 96 100 45 27 54 2 0 5 20 42 92 69 25 76 79 9 32 47 73 40 36 90 6 56 80 28 7 0 14 74 43 22 78 59 72 6 27 58 49 88 98 90 
54 83 1 31 20 53 91 82 71 94 71 33 5 0 67 10 33 41 94 46 88 2 48 65 85 43 85 59 43 90 63 15 16 9 29 97 60 26 0 20 15 52 52 55 28 92 61 92 
85 28 28 14 19 95 31 21 48 9 65 88 20 67 0 11 4 77 48 73 99 87 23 77 81 29 77 27 61 90 55 87 2 17 81 10 62 47 9 3 100 98 9 68 25 25 73 18 
70 61 13 25 86 93 62 79 74 56 76 25 42 10 11 0 70 93 95 18 40 17 67 4 83 75 97 92 2 95 55 76 59 10 72 91 5 9 12 84 32 97 78 38 63 6 3 37 
89 56 69 11 76 57 40 26 39 21 0 93 92 33 4 70 0 52 100 91 67 18 10 5 54 52 85 70 22 98 85 30 3 68 6 82 56 14 10 74 48 57 94 24 83 57 57 39 
70 68 95 4 31 52 64 77 25 32 95 35 69 41 77 93 52 0 47 49 94 87 100 76 91 7 82 67 52 82 100 25 65 96 32 66 60 45 90 60 63 40 5 34 91 91 11 53 
65 30 88 90 91 15 92 86 88 74 56 44 25 94 48 95 100 47 0 81 24 96 49 3 78 37 38 72 40 41 8 80 94 20 87 85 95 39 21 25 95 32 29 95 63 68 41 70 
81 42 22 65 44 99 75 2 100 34 96 32 76 46 73 18 91 49 81 0 81 7 48 77 51 20 18 86 66 22 18 88 0 42 54 2 28 56 68 85 68 84 94 90 36 2 50 5 
79 53 16 20 79 73 26 97 37 57 27 90 79 88 99 40 67 94 24 81 0 80 52 84 66 40 93 3 43 56 33 93 88 38 21 19 29 78 83 63 20 1 4 43 56 61 62 29 
84 75 30 65 16 15 73 53 14 22 47 2 9 2 87 17 18 87 96 7 80 0 88 33 15 82 23 84 19 21 29 52 33 40 23 93 48 69 51 95 45 68 39 5 55 65 1 72 
22 82 60 69 5 57 57 67 77 28 85 47 32 48 23 67 10 100 49 48 52 88 0 18 21 91 2 35 65 10 27 95 15 72 14 16 32 14 74 14 65 54 48 24 29 52 6 44 
98 4 72 1 29 18 74 56 87 10 74 56 47 65 77 4 5 76 3 77 84 33 18 0 97 67 5 93 34 39 63 35 52 66 47 9 59 61 2 0 14 45 86 30 98 19 34 22 
1 8 22 17 14 41 93 80 52 24 31 21 73 85 81 83 54 91 78 51 66 15 21 97 0 76 77 96 99 88 16 80 13 47 70 7 22 67 10 79 16 58 6 55 37 55 58 12 
11 73 89 24 10 89 18 18 19 48 67 76 40 43 29 75 52 7 37 20 40 82 91 67 76 0 74 73 0 87 24 85 79 43 9 73 24 74 91 95 1 26 30 39 91 18 74 19 
97 68 98 32 88 1 72 25 89 4 39 66 36 85 77 97 85 82 38 18 93 23 2 5 77 74 0 35 51 90 51 4 77 36 77 27 90 76 96 0 95 0 59 2 31 0 24 25 
74 2 83 57 97 4 80 20 39 72 22 43 90 59 27 92 70 67 72 86 3 84 35 93 96 73 35 0 85 8 23 26 85 67 25 64 54 25 46 6 100 64 90 40 75 30 74 3 
73 2 97 83 30 99 15 33 1 49 9 48 6 43 61 2 22 52 40 66 43 19 65 34 99 0 51 85 0 1 22 13 88 73 95 6 75 33 75 17 31 18 33 9 89 93 20 18 
22 93 18 37 56 52 15 73 24 64 73 37 56 90 90 95 98 82 41 22 56 21 10 39 88 87 90 8 1 0 63 31 19 50 95 100 56 55 17 80 39 63 29 87 81 56 57 3 
24 4 26 20 63 43 23 99 24 6 69 26 80 63 55 55 85 100 8 18 33 29 27 63 16 24 51 23 22 63 0 87 77 24 21 44 38 18 93 66 80 73 88 60 21 92 0 27 
74 28 1 76 72 55 7 7 59 88 12 20 28 15 87 76 30 25 80 88 93 52 95 35 80 85 4 26 13 31 87 0 22 60 76 62 95 87 12 91 41 81 28 70 48 53 71 6 
94 73 37 10 32 57 67 93 66 33 53 16 7 16 2 59 3 65 94 0 88 33 15 52 13 79 77 85 88 19 77 22 0 18 80 4 39 83 90 68 29 45 64 5 5 6 47 39 
84 85 18 61 11 29 4 48 76 54 90 16 0 9 17 10 68 96 20 42 38 40 72 66 47 43 36 67 73 50 24 60 18 0 32 58 61 59 11 47 99 45 19 83 67 16 46 77 
17 20 11 98 74 72 71 68 42 26 47 21 14 29 81 72 6 32 87 54 21 23 14 47 70 9 77 25 95 95 21 76 80 32 0 14 16 76 57 11 34 13 4 71 98 13 86 56 
57 93 19 93 56 93 4 29 56 19 59 10 74 97 10 91 82 66 85 2 19 93 16 9 7 73 27 64 6 100 44 62 4 58 14 0 48 41 89 13 50 65 21 14 39 77 90 37 
28 84 29 37 90 57 13 37 28 69 37 81 43 60 62 5 56 60 95 28 29 48 32 59 22 24 90 54 75 56 38 95 39 61 16 48 0 80 34 47 18 0 89 42 28 100 2 8 
21 29 100 11 41 16 100 14 27 38 35 45 22 26 47 9 14 45 39 56 78 69 14 61 67 74 76 25 33 55 18 87 83 59 76 41 80 0 60 83 18 83 9 33 73 83 94 59 
9 70 56 24 35 89 28 66 39 80 75 55 78 0 9 12 10 90 21 68 83 51 74 2 10 91 96 46 75 17 93 12 90 11 57 89 34 60 0 35 44 37 28 22 67 70 84 26 
41 31 55 81 69 2 85 28 53 79 34 54 59 20 3 84 74 60 25 85 63 95 14 0 79 95 0 6 17 80 66 91 68 47 11 13 47 83 35 0 99 48 3 5 92 71 80 81 
2 74 15 1 88 17 2 53 79 46 12 51 72 15 100 32 48 63 95 68 20 45 65 14 16 1 95 100 31 39 80 41 29 99 34 50 18 18 44 99 0 63 93 4 38 29 16 91 
34 17 84 35 67 59 43 87 99 64 33 55 6 52 98 97 57 40 32 84 1 68 54 45 58 26 0 64 18 63 73 81 45 45 13 65 0 83 37 48 63 0 52 49 54 27 100 29 
31 43 88 39 100 62 28 35 22 48 33 35 27 52 9 78 94 5 29 94 4 39 48 86 6 30 59 90 33 29 88 28 64 19 4 21 89 9 28 3 93 52 0 17 65 29 60 45 
90 36 98 72 53 44 50 33 70 44 50 84 58 55 68 38 24 34 95 90 43 5 24 30 55 39 2 40 9 87 60 70 5 83 71 14 42 33 22 5 4 49 17 0 66 52 2 77 
47 28 98 43 4 11 95 49 90 32 27 39 49 28 25 63 83 91 63 36 56 55 29 98 37 91 31 75 89 81 21 48 5 67 98 39 28 73 67 92 38 54 65 66 0 52 2 13 
21 65 100 81 53 77 61 31 25 41 1 82 88 92 25 6 57 91 68 2 61 65 52 19 55 18 0 30 93 56 92 53 6 16 13 77 100 83 70 71 29 27 29 52 52 0 1 49 
51 21 43 64 100 0 88 77 56 42 23 80 98 61 73 3 57 11 41 50 62 1 6 34 58 74 24 74 20 57 0 71 47 46 86 90 2 94 84 80 16 100 60 2 2 1 0 47 
98 31 13 97 4 5 18 94 87 3 94 17 90 92 18 37 39 53 70 5 29 72 44 22 12 19 25 3 18 3 27 6 39 77 56 37 8 59 26 81 91 29 45 77 13 49 47 0 
BBBBRBRBRRBRRBRRRRBRBRRRRBBBRBBRBRBRRBBBBRBBRRRB
