42
0 4 96 2 37 28 64 8 12 73 65 74 58 62 63 45 65 90 46 34 75 81 70 56 60 53 19 60 31 50 15 51 49 65 66 5 83 97 97 91 69 93 
4 0 32 50 93 76 23 40 8 50 57 11 35 51 45 57 80 81 1 33 88 5 12 91 29 89 63 80 31 2 14 60 38 73 73 42 20 15 20 37 66 20 
96 32 0 54 17 99 62 91 46 94 3 31 28 84 40 79 19 77 9 0 57 5 80 71 3 67 89 24 9 91 91 47 11 95 93 90 95 39 95 26 75 73 
2 50 54 0 8 86 83 10 31 41 6 18 36 2 19 14 21 59 60 46 43 5 33 86 70 50 75 25 83 71 54 69 71 92 98 43 33 40 68 54 26 28 
37 93 17 8 0 48 3 85 47 22 41 40 51 36 88 50 5 65 65 44 73 34 12 31 25 67 22 95 54 59 27 78 24 13 15 35 81 10 43 41 20 90 
28 76 99 86 48 0 24 13 42 75 81 99 50 9 2 10 66 39 40 56 97 49 70 11 83 96 63 92 21 56 1 90 38 40 0 5 87 90 38 81 90 60 
64 23 62 83 3 24 0 46 51 94 36 3 87 11 23 14 12 67 33 80 91 46 22 46 83 24 26 2 47 35 85 41 47 35 62 12 22 88 36 43 57 27 
8 40 91 10 85 13 46 0 83 32 66 79 60 34 66 39 58 17 8 48 72 94 14 86 47 28 49 40 92 84 52 21 62 91 100 0 75 20 59 33 92 28 
12 8 46 31 47 42 51 83 0 29 42 38 16 48 41 36 99 100 85 26 9 75 52 69 49 72 95 93 50 0 37 71 96 33 42 15 8 64 79 29 79 63 
73 50 94 41 22 75 94 32 29 0 71 4 18 31 99 86 68 34 64 24 91 67 65 59 81 76 94 13 12 54 27 54 71 36 75 65 97 36 26 32 72 79 
65 57 3 6 41 81 36 66 42 71 0 44 14 15 49 31 9 72 8 70 95 19 87 93 1 100 27 99 81 66 45 69 19 19 74 67 43 49 3 56 37 38 
74 11 31 18 40 99 3 79 38 4 44 0 62 97 60 22 26 84 39 43 25 66 16 82 55 24 84 21 40 41 20 27 0 100 51 55 2 1 13 8 22 22 
58 35 28 36 51 50 87 60 16 18 14 62 0 95 38 61 11 60 80 99 9 3 15 41 75 14 65 80 18 26 94 69 63 12 22 19 56 93 87 83 39 32 
62 51 84 2 36 9 11 34 48 31 15 97 95 0 58 6 66 77 23 9 55 70 66 23 32 29 38 63 1 15 13 95 4 72 68 97 6 13 35 92 5 91 
63 45 40 19 88 2 23 66 41 99 49 60 38 58 0 52 52 85 57 50 95 17 80 4 99 40 8 13 44 7 85 68 9 31 77 69 73 22 97 6 59 2 
45 57 79 14 50 10 14 39 36 86 31 22 61 6 52 0 99 67 82 86 26 32 63 6 36 11 89 53 15 65 9 82 11 23 0 33 3 3 62 45 81 15 
65 80 19 21 5 66 12 58 99 68 9 26 11 66 52 99 0 68 52 16 49 17 97 29 20 32 8 37 55 36 34 46 57 7 68 16 93 93 32 80 48 11 
90 81 77 59 65 39 67 17 100 34 72 84 60 77 85 67 68 0 44 40 19 21 18 20 6 96 1 83 63 15 36 95 37 68 32 66 57 61 15 97 73 25 
46 1 9 60 65 40 33 8 85 64 8 39 80 23 57 82 52 44 0 29 38 16 76 49 38 16 64 6 19 63 4 65 68 12 41 38 27 73 28 98 24 88 
34 33 0 46 44 56 80 48 26 24 70 43 99 9 50 86 16 40 29 0 4 46 64 72 43 100 1 14 48 35 80 100 74 47 8 42 43 28 44 28 79 55 
75 88 57 43 73 97 91 72 9 91 95 25 9 55 95 26 49 19 38 4 0 20 12 100 45 67 36 62 91 90 65 77 41 88 47 69 91 80 40 85 67 66 
81 5 5 5 34 49 46 94 75 67 19 66 3 70 17 32 17 21 16 46 20 0 99 50 3 5 56 73 9 57 41 83 33 45 73 62 57 20 27 92 91 24 
70 12 80 33 12 70 22 14 52 65 87 16 15 66 80 63 97 18 76 64 12 99 0 47 23 56 89 23 100 77 63 43 86 58 48 100 61 24 52 55 51 28 
56 91 71 86 31 11 46 86 69 59 93 82 41 23 4 6 29 20 49 72 100 50 47 0 68 52 86 43 16 87 71 87 17 34 71 34 76 56 67 18 31 97 
60 29 3 70 25 83 83 47 49 81 1 55 75 32 99 36 20 6 38 43 45 3 23 68 0 92 5 56 83 40 2 12 97 22 74 31 24 56 100 75 73 93 
53 89 67 50 67 96 24 28 72 76 100 24 14 29 40 11 32 96 16 100 67 5 56 52 92 0 67 64 47 46 28 91 56 74 66 81 96 42 97 72 68 3 
19 63 89 75 22 63 26 49 95 94 27 84 65 38 8 89 8 1 64 1 36 56 89 86 5 67 0 92 7 36 90 33 2 65 30 34 72 91 56 12 87 62 
60 80 24 25 95 92 2 40 93 13 99 21 80 63 13 53 37 83 6 14 62 73 23 43 56 64 92 0 28 51 47 38 80 77 86 35 11 91 60 46 30 67 
31 31 9 83 54 21 47 92 50 12 81 40 18 1 44 15 55 63 19 48 91 9 100 16 83 47 7 28 0 77 93 92 57 61 87 63 12 41 54 84 51 41 
50 2 91 71 59 56 35 84 0 54 66 41 26 15 7 65 36 15 63 35 90 57 77 87 40 46 36 51 77 0 14 69 95 12 18 8 53 53 26 97 89 92 
15 14 91 54 27 1 85 52 37 27 45 20 94 13 85 9 34 36 4 80 65 41 63 71 2 28 90 47 93 14 0 20 75 92 42 4 66 44 26 26 16 33 
51 60 47 69 78 90 41 21 71 54 69 27 69 95 68 82 46 95 65 100 77 83 43 87 12 91 33 38 92 69 20 0 32 17 41 45 15 52 47 6 84 69 
49 38 11 71 24 38 47 62 96 71 19 0 63 4 9 11 57 37 68 74 41 33 86 17 97 56 2 80 57 95 75 32 0 80 91 59 39 9 79 17 42 18 
65 73 95 92 13 40 35 91 33 36 19 100 12 72 31 23 7 68 12 47 88 45 58 34 22 74 65 77 61 12 92 17 80 0 91 66 70 75 25 85 63 90 
66 73 93 98 15 0 62 100 42 75 74 51 22 68 77 0 68 32 41 8 47 73 48 71 74 66 30 86 87 18 42 41 91 91 0 76 31 54 10 91 43 25 
5 42 90 43 35 5 12 0 15 65 67 55 19 97 69 33 16 66 38 42 69 62 100 34 31 81 34 35 63 8 4 45 59 66 76 0 29 59 6 17 89 1 
83 20 95 33 81 87 22 75 8 97 43 2 56 6 73 3 93 57 27 43 91 57 61 76 24 96 72 11 12 53 66 15 39 70 31 29 0 88 67 16 94 32 
97 15 39 40 10 90 88 20 64 36 49 1 93 13 22 3 93 61 73 28 80 20 24 56 56 42 91 91 41 53 44 52 9 75 54 59 88 0 41 71 14 10 
97 20 95 68 43 38 36 59 79 26 3 13 87 35 97 62 32 15 28 44 40 27 52 67 100 97 56 60 54 26 26 47 79 25 10 6 67 41 0 14 4 63 
91 37 26 54 41 81 43 33 29 32 56 8 83 92 6 45 80 97 98 28 85 92 55 18 75 72 12 46 84 97 26 6 17 85 91 17 16 71 14 0 37 70 
69 66 75 26 20 90 57 92 79 72 37 22 39 5 59 81 48 73 24 79 67 91 51 31 73 68 87 30 51 89 16 84 42 63 43 89 94 14 4 37 0 94 
93 20 73 28 90 60 27 28 63 79 38 22 32 91 2 15 11 25 88 55 66 24 28 97 93 3 62 67 41 92 33 69 18 90 25 1 32 10 63 70 94 0 
BBRRBRRBRBRBBRBRRRRRBRBBRBBRRBRRRBBBRRBBBB
