50
0 12 43 6 42 20 24 33 88 63 87 58 50 84 46 12 41 1 3 3 66 91 60 41 20 71 92 14 72 29 20 99 87 57 9 1 27 22 31 90 1 11 72 37 23 73 46 59 66 97 
12 0 65 71 30 78 76 2 91 3 80 75 89 83 2 6 52 59 38 100 100 21 44 64 88 88 44 9 70 26 2 10 17 83 45 74 30 88 82 37 15 20 43 47 73 78 50 72 44 70 
43 65 0 71 41 54 28 20 47 37 85 13 54 92 60 66 96 84 1 18 55 93 6 58 42 24 17 71 92 83 81 54 74 84 79 55 56 18 62 83 90 48 58 96 13 9 6 72 35 75 
6 71 71 0 55 99 76 39 57 24 89 22 48 35 61 51 82 5 48 8 94 0 64 67 22 53 69 86 12 0 51 22 0 60 33 17 31 77 53 33 30 23 82 21 9 6 40 13 9 94 
42 30 41 55 0 66 59 22 9 79 15 71 75 9 64 41 70 100 95 81 100 37 20 32 0 51 28 45 49 56 78 89 17 8 0 22 63 85 7 90 61 77 91 12 40 40 11 15 95 45 
20 78 54 99 66 0 50 14 89 97 97 67 20 90 72 17 28 85 51 81 82 98 44 25 57 43 24 53 48 23 16 30 26 54 93 12 79 32 40 21 97 36 18 81 1 82 59 99 46 58 
24 76 28 76 59 50 0 79 52 20 9 100 42 57 90 48 77 24 46 76 60 55 93 87 36 26 52 73 42 22 91 53 79 55 97 18 72 57 34 62 56 76 0 96 23 83 18 70 17 24 
33 2 20 39 22 14 79 0 75 87 59 91 22 78 52 88 4 74 13 7 97 16 15 18 1 28 39 92 25 86 48 36 95 25 89 48 83 100 24 40 26 16 57 41 84 84 27 57 82 47 
88 91 47 57 9 89 52 75 0 72 100 88 53 3 49 61 53 75 4 80 13 3 63 26 47 100 70 11 66 68 28 87 59 31 2 38 75 97 86 44 82 84 31 65 64 88 30 33 53 23 
63 3 37 24 79 97 20 87 72 0 1 44 43 53 28 23 76 3 10 60 72 43 98 2 71 23 44 25 86 85 41 36 47 27 4 73 21 98 72 25 80 100 85 64 17 78 11 52 61 23 
87 80 85 89 15 97 9 59 100 1 0 15 45 15 20 85 66 59 78 31 46 0 14 86 43 64 67 53 18 47 2 37 28 41 86 70 67 10 38 97 59 16 93 14 19 70 3 31 2 87 
58 75 13 22 71 67 100 91 88 44 15 0 3 77 51 19 88 53 7 75 44 68 16 3 52 92 68 6 39 19 32 70 93 15 96 98 79 97 89 49 40 22 67 30 16 80 92 73 64 26 
50 89 54 48 75 20 42 22 53 43 45 3 0 52 1 42 66 43 81 1 5 16 42 73 40 17 20 55 70 33 11 85 13 41 24 55 85 53 17 58 61 86 91 5 33 62 23 85 41 93 
84 83 92 35 9 90 57 78 3 53 15 77 52 0 12 34 54 53 52 100 46 7 84 25 60 63 70 85 9 83 20 28 23 29 19 84 35 27 86 57 91 89 70 49 63 59 95 2 50 14 
46 2 60 61 64 72 90 52 49 28 20 51 1 12 0 22 58 40 13 11 47 48 90 84 6 33 58 79 39 6 96 63 68 10 75 79 15 5 85 49 17 96 11 66 15 46 23 0 13 8 
12 6 66 51 41 17 48 88 61 23 85 19 42 34 22 0 52 82 78 68 90 34 81 12 53 43 14 0 2 98 48 67 6 73 39 35 80 45 26 46 1 29 61 15 47 66 44 78 84 95 
41 52 96 82 70 28 77 4 53 76 66 88 66 54 58 52 0 46 29 44 31 9 8 86 11 74 8 77 81 27 72 12 73 40 57 43 20 37 81 33 41 38 85 51 59 95 93 78 6 41 
1 59 84 5 100 85 24 74 75 3 59 53 43 53 40 82 46 0 94 75 26 55 81 37 85 59 38 10 88 70 16 66 68 34 41 84 91 81 64 41 88 3 98 36 84 19 64 12 96 89 
3 38 1 48 95 51 46 13 4 10 78 7 81 52 13 78 29 94 0 71 32 65 10 78 22 89 61 68 78 4 48 14 32 96 46 28 96 51 54 89 70 78 83 25 51 23 92 88 20 27 
3 100 18 8 81 81 76 7 80 60 31 75 1 100 11 68 44 75 71 0 71 76 1 12 72 61 19 51 29 1 15 87 100 59 87 45 78 9 29 30 97 7 83 88 8 64 33 68 44 62 
66 100 55 94 100 82 60 97 13 72 46 44 5 46 47 90 31 26 32 71 0 75 9 8 43 52 76 82 38 72 17 17 85 53 27 6 81 15 60 34 40 20 5 57 72 86 74 20 40 29 
91 21 93 0 37 98 55 16 3 43 0 68 16 7 48 34 9 55 65 76 75 0 47 55 13 14 69 53 19 1 43 44 12 76 39 44 68 0 72 46 51 85 10 24 92 17 15 22 33 48 
60 44 6 64 20 44 93 15 63 98 14 16 42 84 90 81 8 81 10 1 9 47 0 45 89 29 75 87 61 6 91 93 65 36 77 3 59 16 56 9 24 64 2 27 65 20 84 7 70 37 
41 64 58 67 32 25 87 18 26 2 86 3 73 25 84 12 86 37 78 12 8 55 45 0 64 86 20 63 54 1 66 74 15 92 92 5 19 97 18 18 62 83 30 94 18 38 33 72 7 13 
20 88 42 22 0 57 36 1 47 71 43 52 40 60 6 53 11 85 22 72 43 13 89 64 0 8 89 52 64 89 4 34 75 49 34 76 86 82 66 79 91 40 69 3 29 71 44 5 37 0 
71 88 24 53 51 43 26 28 100 23 64 92 17 63 33 43 74 59 89 61 52 14 29 86 8 0 20 53 92 73 86 73 76 96 10 63 2 81 2 92 69 24 3 86 43 63 52 100 36 12 
92 44 17 69 28 24 52 39 70 44 67 68 20 70 58 14 8 38 61 19 76 69 75 20 89 20 0 65 94 33 0 57 4 86 34 75 53 25 33 100 9 38 2 43 46 85 73 70 42 91 
14 9 71 86 45 53 73 92 11 25 53 6 55 85 79 0 77 10 68 51 82 53 87 63 52 53 65 0 40 7 30 17 57 12 54 60 33 45 48 99 39 47 86 59 48 76 30 58 41 41 
72 70 92 12 49 48 42 25 66 86 18 39 70 9 39 2 81 88 78 29 38 19 61 54 64 92 94 40 0 0 56 39 34 95 86 66 33 16 96 25 36 86 66 91 80 54 40 38 27 56 
29 26 83 0 56 23 22 86 68 85 47 19 33 83 6 98 27 70 4 1 72 1 6 1 89 73 33 7 0 0 23 13 54 16 37 39 61 8 11 26 50 66 49 84 83 93 43 10 38 25 
20 2 81 51 78 16 91 48 28 41 2 32 11 20 96 48 72 16 48 15 17 43 91 66 4 86 0 30 56 23 0 18 77 2 24 18 73 31 73 9 37 6 7 51 82 39 94 97 80 6 
99 10 54 22 89 30 53 36 87 36 37 70 85 28 63 67 12 66 14 87 17 44 93 74 34 73 57 17 39 13 18 0 67 17 45 23 14 22 99 78 7 73 34 58 21 98 98 33 89 86 
87 17 74 0 17 26 79 95 59 47 28 93 13 23 68 6 73 68 32 100 85 12 65 15 75 76 4 57 34 54 77 67 0 2 26 63 82 49 40 33 23 15 57 56 86 61 18 11 68 84 
57 83 84 60 8 54 55 25 31 27 41 15 41 29 10 73 40 34 96 59 53 76 36 92 49 96 86 12 95 16 2 17 2 0 13 69 78 91 40 40 48 22 99 2 45 8 46 94 13 3 
9 45 79 33 0 93 97 89 2 4 86 96 24 19 75 39 57 41 46 87 27 39 77 92 34 10 34 54 86 37 24 45 26 13 0 87 84 67 65 100 86 30 72 36 83 54 22 4 70 11 
1 74 55 17 22 12 18 48 38 73 70 98 55 84 79 35 43 84 28 45 6 44 3 5 76 63 75 60 66 39 18 23 63 69 87 0 36 29 64 39 76 84 16 80 39 42 34 75 11 65 
27 30 56 31 63 79 72 83 75 21 67 79 85 35 15 80 20 91 96 78 81 68 59 19 86 2 53 33 33 61 73 14 82 78 84 36 0 88 77 25 99 20 62 33 99 79 10 51 28 66 
22 88 18 77 85 32 57 100 97 98 10 97 53 27 5 45 37 81 51 9 15 0 16 97 82 81 25 45 16 8 31 22 49 91 67 29 88 0 69 41 94 39 36 95 83 32 83 48 81 36 
31 82 62 53 7 40 34 24 86 72 38 89 17 86 85 26 81 64 54 29 60 72 56 18 66 2 33 48 96 11 73 99 40 40 65 64 77 69 0 48 75 44 80 69 50 29 66 40 98 68 
90 37 83 33 90 21 62 40 44 25 97 49 58 57 49 46 33 41 89 30 34 46 9 18 79 92 100 99 25 26 9 78 33 40 100 39 25 41 48 0 46 42 94 10 49 98 14 21 43 19 
1 15 90 30 61 97 56 26 82 80 59 40 61 91 17 1 41 88 70 97 40 51 24 62 91 69 9 39 36 50 37 7 23 48 86 76 99 94 75 46 0 91 70 39 29 94 87 96 10 12 
11 20 48 23 77 36 76 16 84 100 16 22 86 89 96 29 38 3 78 7 20 85 64 83 40 24 38 47 86 66 6 73 15 22 30 84 20 39 44 42 91 0 18 37 74 39 37 81 53 66 
72 43 58 82 91 18 0 57 31 85 93 67 91 70 11 61 85 98 83 83 5 10 2 30 69 3 2 86 66 49 7 34 57 99 72 16 62 36 80 94 70 18 0 99 66 88 22 15 20 47 
37 47 96 21 12 81 96 41 65 64 14 30 5 49 66 15 51 36 25 88 57 24 27 94 3 86 43 59 91 84 51 58 56 2 36 80 33 95 69 10 39 37 99 0 74 26 1 51 11 38 
23 73 13 9 40 1 23 84 64 17 19 16 33 63 15 47 59 84 51 8 72 92 65 18 29 43 46 48 80 83 82 21 86 45 83 39 99 83 50 49 29 74 66 74 0 8 6 59 40 94 
73 78 9 6 40 82 83 84 88 78 70 80 62 59 46 66 95 19 23 64 86 17 20 38 71 63 85 76 54 93 39 98 61 8 54 42 79 32 29 98 94 39 88 26 8 0 77 71 85 18 
46 50 6 40 11 59 18 27 30 11 3 92 23 95 23 44 93 64 92 33 74 15 84 33 44 52 73 30 40 43 94 98 18 46 22 34 10 83 66 14 87 37 22 1 6 77 0 92 90 59 
59 72 72 13 15 99 70 57 33 52 31 73 85 2 0 78 78 12 88 68 20 22 7 72 5 100 70 58 38 10 97 33 11 94 4 75 51 48 40 21 96 81 15 51 59 71 92 0 90 57 
66 44 35 9 95 46 17 82 53 61 2 64 41 50 13 84 6 96 20 44 40 33 70 7 37 36 42 41 27 38 80 89 68 13 70 11 28 81 98 43 10 53 20 11 40 85 90 90 0 13 
97 70 75 94 45 58 24 47 23 23 87 26 93 14 8 95 41 89 27 62 29 48 37 13 0 12 91 41 56 25 6 86 84 3 11 65 66 36 68 19 12 66 47 38 94 18 59 57 13 0 
BRRBRRRRRBBRBRBBRRRRRRBBBRBBRBBBBBRBRBRBBBRBRRBBRR
