42
0 6 42 96 25 53 35 66 7 12 94 16 13 0 69 91 67 56 22 95 43 76 92 89 5 66 41 27 34 19 40 60 18 47 99 28 92 21 26 0 47 12 
6 0 74 74 96 55 100 52 43 58 38 56 71 19 87 66 95 59 8 71 7 56 94 45 11 46 44 82 99 89 57 55 35 9 62 46 51 20 78 42 58 0 
42 74 0 95 70 96 44 66 91 73 77 71 39 38 53 49 50 2 57 30 82 86 50 80 23 40 70 14 7 51 71 26 2 26 94 9 30 17 90 67 90 38 
96 74 95 0 61 87 63 57 20 17 47 85 97 20 79 13 62 72 49 61 46 60 18 31 71 16 61 37 69 75 64 8 22 35 28 78 71 69 58 59 39 72 
25 96 70 61 0 32 62 85 58 39 6 36 26 87 31 20 100 49 14 68 49 89 59 66 85 95 78 5 19 100 40 12 42 68 81 27 92 0 42 67 56 13 
53 55 96 87 32 0 51 66 33 78 12 44 100 63 100 34 58 63 46 24 25 43 84 89 20 38 96 16 88 39 85 65 59 78 19 15 72 23 46 0 6 69 
35 100 44 63 62 51 0 49 54 79 81 69 47 95 1 38 51 94 15 68 43 74 15 57 80 98 14 82 30 82 68 70 32 80 33 19 53 30 27 53 28 14 
66 52 66 57 85 66 49 0 13 33 97 21 45 3 95 98 79 59 39 60 78 8 35 29 98 79 53 20 73 0 21 77 66 58 81 8 53 35 43 60 17 5 
7 43 91 20 58 33 54 13 0 72 71 16 73 68 14 34 92 18 33 78 41 41 94 40 90 29 23 46 96 46 44 93 95 23 4 91 46 93 38 31 17 51 
12 58 73 17 39 78 79 33 72 0 73 25 39 38 92 60 21 73 57 26 55 51 16 3 70 96 96 20 31 9 18 36 11 30 96 54 46 27 13 39 48 17 
94 38 77 47 6 12 81 97 71 73 0 88 73 6 4 91 54 15 9 21 1 29 56 95 53 12 53 93 86 48 53 68 94 79 6 70 98 0 89 24 94 15 
16 56 71 85 36 44 69 21 16 25 88 0 87 90 24 24 88 22 23 40 60 73 70 36 3 95 19 15 99 35 75 42 90 31 7 24 94 64 12 72 24 8 
13 71 39 97 26 100 47 45 73 39 73 87 0 83 55 100 39 45 21 48 1 18 31 57 9 76 13 41 3 13 2 10 61 51 87 1 5 91 30 25 84 25 
0 19 38 20 87 63 95 3 68 38 6 90 83 0 40 15 61 40 48 60 90 11 91 52 45 49 35 19 50 10 1 27 70 39 98 37 26 100 100 41 97 67 
69 87 53 79 31 100 1 95 14 92 4 24 55 40 0 75 77 65 25 45 55 11 33 44 15 34 22 95 73 98 58 74 66 15 43 57 19 22 17 11 83 39 
91 66 49 13 20 34 38 98 34 60 91 24 100 15 75 0 62 26 77 58 44 49 30 11 30 33 4 23 20 40 81 98 56 92 57 5 19 16 4 73 13 15 
67 95 50 62 100 58 51 79 92 21 54 88 39 61 77 62 0 3 53 31 27 7 97 73 65 9 12 100 38 56 49 33 38 98 80 16 94 42 47 72 28 7 
56 59 2 72 49 63 94 59 18 73 15 22 45 40 65 26 3 0 91 89 69 99 50 80 60 95 18 23 24 43 11 32 42 28 23 37 94 94 76 33 34 72 
22 8 57 49 14 46 15 39 33 57 9 23 21 48 25 77 53 91 0 21 66 63 60 86 24 44 83 7 84 60 10 74 27 71 29 89 92 21 8 17 16 42 
95 71 30 61 68 24 68 60 78 26 21 40 48 60 45 58 31 89 21 0 60 20 65 5 44 59 86 87 4 6 77 83 47 76 6 44 71 3 55 87 66 25 
43 7 82 46 49 25 43 78 41 55 1 60 1 90 55 44 27 69 66 60 0 76 1 29 71 17 38 86 85 14 94 84 17 85 88 33 38 9 35 95 6 73 
76 56 86 60 89 43 74 8 41 51 29 73 18 11 11 49 7 99 63 20 76 0 24 92 79 12 94 91 24 44 41 52 25 1 66 4 4 61 13 27 95 60 
92 94 50 18 59 84 15 35 94 16 56 70 31 91 33 30 97 50 60 65 1 24 0 60 55 23 7 46 85 97 62 2 99 7 26 61 62 95 29 54 57 31 
89 45 80 31 66 89 57 29 40 3 95 36 57 52 44 11 73 80 86 5 29 92 60 0 5 34 30 42 9 85 30 9 59 40 86 6 5 84 16 28 48 26 
5 11 23 71 85 20 80 98 90 70 53 3 9 45 15 30 65 60 24 44 71 79 55 5 0 20 37 94 60 81 79 25 100 72 20 19 35 68 27 62 24 75 
66 46 40 16 95 38 98 79 29 96 12 95 76 49 34 33 9 95 44 59 17 12 23 34 20 0 55 21 50 9 19 93 54 94 87 89 13 18 85 100 57 57 
41 44 70 61 78 96 14 53 23 96 53 19 13 35 22 4 12 18 83 86 38 94 7 30 37 55 0 42 37 81 11 6 23 90 41 26 61 50 87 56 48 55 
27 82 14 37 5 16 82 20 46 20 93 15 41 19 95 23 100 23 7 87 86 91 46 42 94 21 42 0 32 14 12 47 5 56 41 88 26 50 3 30 68 36 
34 99 7 69 19 88 30 73 96 31 86 99 3 50 73 20 38 24 84 4 85 24 85 9 60 50 37 32 0 13 78 37 22 98 11 16 76 14 56 39 15 56 
19 89 51 75 100 39 82 0 46 9 48 35 13 10 98 40 56 43 60 6 14 44 97 85 81 9 81 14 13 0 44 43 85 46 96 68 12 31 86 65 15 7 
40 57 71 64 40 85 68 21 44 18 53 75 2 1 58 81 49 11 10 77 94 41 62 30 79 19 11 12 78 44 0 15 92 60 39 25 69 3 83 91 56 90 
60 55 26 8 12 65 70 77 93 36 68 42 10 27 74 98 33 32 74 83 84 52 2 9 25 93 6 47 37 43 15 0 85 15 6 68 2 38 14 90 17 41 
18 35 2 22 42 59 32 66 95 11 94 90 61 70 66 56 38 42 27 47 17 25 99 59 100 54 23 5 22 85 92 85 0 100 91 88 66 0 94 7 5 25 
47 9 26 35 68 78 80 58 23 30 79 31 51 39 15 92 98 28 71 76 85 1 7 40 72 94 90 56 98 46 60 15 100 0 81 45 100 22 73 66 52 43 
99 62 94 28 81 19 33 81 4 96 6 7 87 98 43 57 80 23 29 6 88 66 26 86 20 87 41 41 11 96 39 6 91 81 0 52 19 18 97 88 81 7 
28 46 9 78 27 15 19 8 91 54 70 24 1 37 57 5 16 37 89 44 33 4 61 6 19 89 26 88 16 68 25 68 88 45 52 0 13 12 44 77 80 38 
92 51 30 71 92 72 53 53 46 46 98 94 5 26 19 19 94 94 92 71 38 4 62 5 35 13 61 26 76 12 69 2 66 100 19 13 0 98 78 88 16 33 
21 20 17 69 0 23 30 35 93 27 0 64 91 100 22 16 42 94 21 3 9 61 95 84 68 18 50 50 14 31 3 38 0 22 18 12 98 0 17 72 87 25 
26 78 90 58 42 46 27 43 38 13 89 12 30 100 17 4 47 76 8 55 35 13 29 16 27 85 87 3 56 86 83 14 94 73 97 44 78 17 0 75 29 34 
0 42 67 59 67 0 53 60 31 39 24 72 25 41 11 73 72 33 17 87 95 27 54 28 62 100 56 30 39 65 91 90 7 66 88 77 88 72 75 0 42 4 
47 58 90 39 56 6 28 17 17 48 94 24 84 97 83 13 28 34 16 66 6 95 57 48 24 57 48 68 15 15 56 17 5 52 81 80 16 87 29 42 0 50 
12 0 38 72 13 69 14 5 51 17 15 8 25 67 39 15 7 72 42 25 73 60 31 26 75 57 55 36 56 7 90 41 25 43 7 38 33 25 34 4 50 0 
BBRBRRRRBBBBRBBBRBRBRRBRBRBRBRRRBRRBRBBBRR
