36
0 46 11 79 45 71 95 29 100 18 42 75 19 78 16 83 32 69 36 63 86 71 93 54 60 55 87 66 23 11 52 67 34 9 36 15 
46 0 65 86 73 81 51 24 97 39 77 87 75 6 95 58 27 90 53 13 81 30 34 95 73 59 9 93 55 78 7 14 97 42 36 6 
11 65 0 60 47 17 83 24 50 53 26 54 18 83 81 66 7 32 1 52 60 60 68 96 3 98 33 53 54 80 72 23 99 77 11 59 
79 86 60 0 58 34 17 5 58 42 89 87 72 82 27 59 18 65 15 80 66 32 78 65 90 46 12 83 89 85 19 7 97 87 33 83 
45 73 47 58 0 3 83 89 79 60 86 65 44 12 10 46 96 61 40 65 94 57 37 25 90 89 36 60 17 3 62 65 3 5 90 82 
71 81 17 34 3 0 99 65 25 54 65 33 79 36 95 87 81 1 56 30 59 69 81 38 78 80 73 57 1 22 13 22 33 32 34 61 
95 51 83 17 83 99 0 34 99 60 93 34 60 47 97 23 18 26 64 95 4 45 6 28 1 81 13 46 45 3 45 21 34 84 29 15 
29 24 24 5 89 65 34 0 78 52 81 1 62 92 56 81 54 30 53 40 71 17 11 53 74 32 21 39 1 31 16 36 32 48 44 54 
100 97 50 58 79 25 99 78 0 63 20 1 38 66 83 41 60 32 88 35 7 30 42 87 39 99 6 62 76 92 56 36 2 58 15 8 
18 39 53 42 60 54 60 52 63 0 51 73 69 59 51 1 1 71 54 78 62 76 12 96 53 88 25 29 21 33 9 41 74 24 13 20 
42 77 26 89 86 65 93 81 20 51 0 53 88 48 75 19 73 52 96 39 52 26 88 97 24 62 13 17 12 57 50 25 82 29 42 14 
75 87 54 87 65 33 34 1 1 73 53 0 5 83 47 92 94 63 93 79 6 71 43 69 20 80 84 9 67 99 23 76 2 26 60 72 
19 75 18 72 44 79 60 62 38 69 88 5 0 35 72 40 5 31 95 11 91 49 52 94 87 3 58 10 69 31 4 46 37 33 32 93 
78 6 83 82 12 36 47 92 66 59 48 83 35 0 15 64 74 31 96 97 95 83 98 78 76 42 20 57 10 38 20 36 14 26 2 7 
16 95 81 27 10 95 97 56 83 51 75 47 72 15 0 50 22 36 12 85 29 32 19 75 71 51 77 86 99 34 14 20 75 28 1 18 
83 58 66 59 46 87 23 81 41 1 19 92 40 64 50 0 51 32 99 26 12 51 60 74 79 51 91 15 58 58 83 8 40 55 61 90 
32 27 7 18 96 81 18 54 60 1 73 94 5 74 22 51 0 63 92 6 39 0 69 2 83 31 61 88 67 22 75 96 67 80 23 3 
69 90 32 65 61 1 26 30 32 71 52 63 31 31 36 32 63 0 48 38 64 97 7 19 4 94 45 92 63 64 56 30 38 100 69 12 
36 53 1 15 40 56 64 53 88 54 96 93 95 96 12 99 92 48 0 65 49 32 66 100 85 1 29 97 7 78 24 3 73 48 15 14 
63 13 52 80 65 30 95 40 35 78 39 79 11 97 85 26 6 38 65 0 21 84 100 45 83 3 84 97 76 10 67 70 52 30 85 96 
86 81 60 66 94 59 4 71 7 62 52 6 91 95 29 12 39 64 49 21 0 69 89 76 5 5 70 75 17 96 98 86 27 25 40 24 
71 30 60 32 57 69 45 17 30 76 26 71 49 83 32 51 0 97 32 84 69 0 75 56 86 41 67 13 46 36 74 7 27 45 16 23 
93 34 68 78 37 81 6 11 42 12 88 43 52 98 19 60 69 7 66 100 89 75 0 20 72 56 18 48 35 32 19 34 71 54 85 67 
54 95 96 65 25 38 28 53 87 96 97 69 94 78 75 74 2 19 100 45 76 56 20 0 51 8 26 44 60 63 35 13 73 51 13 2 
60 73 3 90 90 78 1 74 39 53 24 20 87 76 71 79 83 4 85 83 5 86 72 51 0 45 91 69 12 25 46 48 40 77 82 81 
55 59 98 46 89 80 81 32 99 88 62 80 3 42 51 51 31 94 1 3 5 41 56 8 45 0 27 12 5 2 54 95 71 4 36 17 
87 9 33 12 36 73 13 21 6 25 13 84 58 20 77 91 61 45 29 84 70 67 18 26 91 27 0 7 44 70 71 10 99 2 43 69 
66 93 53 83 60 57 46 39 62 29 17 9 10 57 86 15 88 92 97 97 75 13 48 44 69 12 7 0 43 39 12 81 0 23 75 37 
23 55 54 89 17 1 45 1 76 21 12 67 69 10 99 58 67 63 7 76 17 46 35 60 12 5 44 43 0 3 52 2 51 1 68 45 
11 78 80 85 3 22 3 31 92 33 57 99 31 38 34 58 22 64 78 10 96 36 32 63 25 2 70 39 3 0 75 78 99 56 13 71 
52 7 72 19 62 13 45 16 56 9 50 23 4 20 14 83 75 56 24 67 98 74 19 35 46 54 71 12 52 75 0 87 68 32 18 48 
67 14 23 7 65 22 21 36 36 41 25 76 46 36 20 8 96 30 3 70 86 7 34 13 48 95 10 81 2 78 87 0 49 11 97 36 
34 97 99 97 3 33 34 32 2 74 82 2 37 14 75 40 67 38 73 52 27 27 71 73 40 71 99 0 51 99 68 49 0 59 14 16 
9 42 77 87 5 32 84 48 58 24 29 26 33 26 28 55 80 100 48 30 25 45 54 51 77 4 2 23 1 56 32 11 59 0 11 43 
36 36 11 33 90 34 29 44 15 13 42 60 32 2 1 61 23 69 15 85 40 16 85 13 82 36 43 75 68 13 18 97 14 11 0 4 
15 6 59 83 82 61 15 54 8 20 14 72 93 7 18 90 3 12 14 96 24 23 67 2 81 17 69 37 45 71 48 36 16 43 4 0 
RBBBRRBBRRRRBRRRRBBBRRRRBBBBBBRRBRBB
