44
0 55 56 99 57 32 27 24 96 53 10 42 15 86 66 37 98 0 79 21 28 57 98 5 20 64 62 52 15 3 8 35 54 67 23 70 56 9 11 31 45 94 58 86 
55 0 14 29 18 47 47 57 53 92 64 3 74 93 38 48 44 96 22 20 66 43 85 83 5 30 88 13 19 64 24 73 38 28 14 22 93 53 9 25 10 70 18 81 
56 14 0 92 32 7 83 29 54 47 53 33 11 27 19 68 95 90 77 96 25 27 90 44 82 32 1 71 59 81 56 12 74 61 73 16 48 35 65 48 69 43 37 17 
99 29 92 0 75 38 17 69 64 62 81 73 92 40 60 34 62 79 80 28 83 71 77 32 37 70 18 5 56 79 52 77 67 18 55 34 10 72 19 25 16 95 62 10 
57 18 32 75 0 70 16 2 84 72 78 87 84 97 71 29 95 94 47 12 17 64 72 37 16 59 28 58 97 38 1 29 20 75 32 72 0 52 84 81 53 96 11 41 
32 47 7 38 70 0 19 61 17 16 43 51 60 5 1 100 47 60 46 85 95 46 66 10 77 65 15 69 87 80 28 69 76 67 62 61 27 90 17 5 2 98 79 37 
27 47 83 17 16 19 0 59 63 77 60 33 85 36 94 10 84 93 44 4 79 9 37 53 35 49 81 51 66 20 95 31 24 62 66 17 65 76 89 14 93 78 16 18 
24 57 29 69 2 61 59 0 89 65 84 13 94 31 50 20 20 98 37 83 28 30 96 43 50 33 5 23 20 97 48 37 93 22 40 46 12 99 6 3 0 57 76 99 
96 53 54 64 84 17 63 89 0 22 50 36 15 43 62 17 91 3 41 82 85 92 69 79 81 35 22 44 80 67 65 1 79 31 28 12 92 55 16 1 50 20 27 51 
53 92 47 62 72 16 77 65 22 0 9 57 96 23 71 40 63 59 11 84 28 57 20 33 54 24 65 22 23 57 10 61 68 92 36 2 77 49 79 8 36 86 51 22 
10 64 53 81 78 43 60 84 50 9 0 59 100 35 6 10 93 57 70 60 31 61 59 27 16 4 11 80 46 84 82 100 3 79 96 20 91 80 88 71 48 0 25 88 
42 3 33 73 87 51 33 13 36 57 59 0 50 68 53 85 72 11 10 20 57 2 1 59 97 57 90 32 82 31 92 19 9 67 9 85 75 76 72 50 28 21 67 32 
15 74 11 92 84 60 85 94 15 96 100 50 0 45 97 38 68 31 7 97 76 98 88 88 39 28 26 13 36 35 42 13 36 99 42 33 98 9 67 1 44 70 60 96 
86 93 27 40 97 5 36 31 43 23 35 68 45 0 93 17 76 37 96 9 46 45 20 8 31 62 92 29 32 21 89 87 65 52 53 0 35 21 46 92 9 20 23 60 
66 38 19 60 71 1 94 50 62 71 6 53 97 93 0 0 59 68 56 2 46 6 2 75 9 38 6 12 4 32 52 13 47 99 65 2 68 29 64 27 89 54 2 6 
37 48 68 34 29 100 10 20 17 40 10 85 38 17 0 0 84 70 75 32 37 31 65 34 73 77 31 50 3 65 11 4 32 95 3 47 41 36 54 79 83 3 35 44 
98 44 95 62 95 47 84 20 91 63 93 72 68 76 59 84 0 27 74 74 9 45 86 2 97 29 96 17 4 40 7 79 7 65 69 72 45 34 59 45 17 86 62 25 
0 96 90 79 94 60 93 98 3 59 57 11 31 37 68 70 27 0 100 1 92 3 89 44 5 57 72 76 53 9 61 61 79 79 50 59 26 22 8 68 2 17 68 67 
79 22 77 80 47 46 44 37 41 11 70 10 7 96 56 75 74 100 0 99 7 83 44 5 93 26 24 55 93 73 60 38 21 29 78 55 73 8 12 79 26 28 40 73 
21 20 96 28 12 85 4 83 82 84 60 20 97 9 2 32 74 1 99 0 78 54 6 1 91 54 75 44 67 88 14 3 2 21 10 58 83 83 60 34 30 75 28 79 
28 66 25 83 17 95 79 28 85 28 31 57 76 46 46 37 9 92 7 78 0 31 51 79 27 21 21 88 99 54 74 52 12 67 76 15 22 13 81 10 56 52 82 16 
57 43 27 71 64 46 9 30 92 57 61 2 98 45 6 31 45 3 83 54 31 0 48 66 26 40 52 22 39 69 78 38 86 31 32 28 88 14 24 25 43 92 96 19 
98 85 90 77 72 66 37 96 69 20 59 1 88 20 2 65 86 89 44 6 51 48 0 86 46 67 81 64 30 34 72 60 60 88 47 84 47 34 2 0 16 58 20 57 
5 83 44 32 37 10 53 43 79 33 27 59 88 8 75 34 2 44 5 1 79 66 86 0 64 46 12 91 34 29 37 36 38 13 2 10 40 76 37 56 72 89 13 45 
20 5 82 37 16 77 35 50 81 54 16 97 39 31 9 73 97 5 93 91 27 26 46 64 0 24 93 72 85 75 58 56 26 79 74 73 62 95 3 15 24 25 77 1 
64 30 32 70 59 65 49 33 35 24 4 57 28 62 38 77 29 57 26 54 21 40 67 46 24 0 20 89 51 65 91 12 64 0 41 49 56 89 68 94 97 77 37 19 
62 88 1 18 28 15 81 5 22 65 11 90 26 92 6 31 96 72 24 75 21 52 81 12 93 20 0 84 44 12 38 20 19 3 15 65 78 20 57 18 73 98 21 0 
52 13 71 5 58 69 51 23 44 22 80 32 13 29 12 50 17 76 55 44 88 22 64 91 72 89 84 0 90 87 45 36 41 92 83 19 71 44 74 14 81 7 86 96 
15 19 59 56 97 87 66 20 80 23 46 82 36 32 4 3 4 53 93 67 99 39 30 34 85 51 44 90 0 97 22 90 7 96 47 86 77 75 34 53 11 98 16 97 
3 64 81 79 38 80 20 97 67 57 84 31 35 21 32 65 40 9 73 88 54 69 34 29 75 65 12 87 97 0 62 28 88 57 35 83 80 19 92 45 63 22 68 88 
8 24 56 52 1 28 95 48 65 10 82 92 42 89 52 11 7 61 60 14 74 78 72 37 58 91 38 45 22 62 0 25 30 94 18 49 90 54 69 87 79 81 87 86 
35 73 12 77 29 69 31 37 1 61 100 19 13 87 13 4 79 61 38 3 52 38 60 36 56 12 20 36 90 28 25 0 91 84 86 22 53 15 97 90 15 1 39 80 
54 38 74 67 20 76 24 93 79 68 3 9 36 65 47 32 7 79 21 2 12 86 60 38 26 64 19 41 7 88 30 91 0 59 40 35 25 53 41 37 80 11 59 93 
67 28 61 18 75 67 62 22 31 92 79 67 99 52 99 95 65 79 29 21 67 31 88 13 79 0 3 92 96 57 94 84 59 0 96 54 37 55 9 72 32 39 50 28 
23 14 73 55 32 62 66 40 28 36 96 9 42 53 65 3 69 50 78 10 76 32 47 2 74 41 15 83 47 35 18 86 40 96 0 10 66 85 45 95 46 45 32 45 
70 22 16 34 72 61 17 46 12 2 20 85 33 0 2 47 72 59 55 58 15 28 84 10 73 49 65 19 86 83 49 22 35 54 10 0 96 55 84 52 51 3 8 24 
56 93 48 10 0 27 65 12 92 77 91 75 98 35 68 41 45 26 73 83 22 88 47 40 62 56 78 71 77 80 90 53 25 37 66 96 0 24 17 98 16 45 92 7 
9 53 35 72 52 90 76 99 55 49 80 76 9 21 29 36 34 22 8 83 13 14 34 76 95 89 20 44 75 19 54 15 53 55 85 55 24 0 27 69 58 75 87 71 
11 9 65 19 84 17 89 6 16 79 88 72 67 46 64 54 59 8 12 60 81 24 2 37 3 68 57 74 34 92 69 97 41 9 45 84 17 27 0 63 20 48 86 3 
31 25 48 25 81 5 14 3 1 8 71 50 1 92 27 79 45 68 79 34 10 25 0 56 15 94 18 14 53 45 87 90 37 72 95 52 98 69 63 0 72 92 4 28 
45 10 69 16 53 2 93 0 50 36 48 28 44 9 89 83 17 2 26 30 56 43 16 72 24 97 73 81 11 63 79 15 80 32 46 51 16 58 20 72 0 94 1 17 
94 70 43 95 96 98 78 57 20 86 0 21 70 20 54 3 86 17 28 75 52 92 58 89 25 77 98 7 98 22 81 1 11 39 45 3 45 75 48 92 94 0 45 92 
58 18 37 62 11 79 16 76 27 51 25 67 60 23 2 35 62 68 40 28 82 96 20 13 77 37 21 86 16 68 87 39 59 50 32 8 92 87 86 4 1 45 0 63 
86 81 17 10 41 37 18 99 51 22 88 32 96 60 6 44 25 67 73 79 16 19 57 45 1 19 0 96 97 88 86 80 93 28 45 24 7 71 3 28 17 92 63 0 
RBRRRBBRRRBBBRRBBBRRBBRRRRRBBRRBBBBBRBBRBRRB
