24
0 93 66 51 58 48 40 5 49 44 47 23 36 60 62 25 81 69 96 46 35 47 59 77 
93 0 48 33 10 87 60 82 52 81 19 76 39 64 26 100 98 2 2 55 56 80 77 41 
66 48 0 54 95 99 17 43 36 92 63 96 58 56 39 59 17 41 39 93 43 80 12 53 
51 33 54 0 79 0 95 1 35 55 67 99 86 23 48 6 66 56 92 94 14 99 58 87 
58 10 95 79 0 12 93 25 77 13 48 5 64 46 67 36 17 21 97 94 10 4 2 6 
48 87 99 0 12 0 87 6 26 98 11 56 54 34 84 38 29 53 35 44 58 71 17 65 
40 60 17 95 93 87 0 2 64 85 17 60 26 81 34 46 19 33 88 96 10 100 0 17 
5 82 43 1 25 6 2 0 5 35 70 16 40 26 93 7 62 15 86 36 96 4 88 85 
49 52 36 35 77 26 64 5 0 33 86 67 37 22 23 49 97 0 57 93 40 43 92 59 
44 81 92 55 13 98 85 35 33 0 57 38 91 12 4 24 72 34 20 32 44 33 20 94 
47 19 63 67 48 11 17 70 86 57 0 68 59 96 8 11 85 0 37 41 19 40 74 26 
23 76 96 99 5 56 60 16 67 38 68 0 51 98 17 85 72 85 69 17 86 70 72 96 
36 39 58 86 64 54 26 40 37 91 59 51 0 37 49 73 89 37 53 2 3 35 36 61 
60 64 56 23 46 34 81 26 22 12 96 98 37 0 18 36 0 85 98 74 72 67 58 44 
62 26 39 48 67 84 34 93 23 4 8 17 49 18 0 58 26 56 8 81 69 21 26 16 
25 100 59 6 36 38 46 7 49 24 11 85 73 36 58 0 22 9 45 54 98 1 78 28 
81 98 17 66 17 29 19 62 97 72 85 72 89 0 26 22 0 1 73 32 62 46 37 59 
69 2 41 56 21 53 33 15 0 34 0 85 37 85 56 9 1 0 17 9 95 25 56 51 
96 2 39 92 97 35 88 86 57 20 37 69 53 98 8 45 73 17 0 8 99 22 9 85 
46 55 93 94 94 44 96 36 93 32 41 17 2 74 81 54 32 9 8 0 24 97 90 34 
35 56 43 14 10 58 10 96 40 44 19 86 3 72 69 98 62 95 99 24 0 2 24 67 
47 80 80 99 4 71 100 4 43 33 40 70 35 67 21 1 46 25 22 97 2 0 80 18 
59 77 12 58 2 17 0 88 92 20 74 72 36 58 26 78 37 56 9 90 24 80 0 49 
77 41 53 87 6 65 17 85 59 94 26 96 61 44 16 28 59 51 85 34 67 18 49 0 
BRBBRBBBRBRBRBRBRRBRRRRB
