42
0 15 22 92 63 13 42 80 84 49 94 85 25 75 13 9 97 53 36 8 7 83 32 15 12 73 0 70 51 42 19 67 53 30 82 67 96 36 88 4 68 18 
15 0 50 36 22 12 24 16 4 66 25 74 19 16 81 63 79 56 21 28 0 79 77 63 100 0 23 29 60 72 81 30 76 36 97 52 41 68 3 96 0 12 
22 50 0 3 48 44 19 85 19 10 51 91 64 68 31 75 95 98 58 4 96 32 33 42 34 81 37 21 0 46 9 46 21 16 5 3 80 55 52 61 45 5 
92 36 3 0 21 0 38 75 60 72 54 64 51 4 100 29 28 70 76 0 16 4 3 79 27 30 66 73 11 64 60 62 52 85 51 25 100 20 87 55 53 83 
63 22 48 21 0 47 93 16 71 43 99 34 50 85 80 63 27 61 70 88 24 53 39 97 11 92 45 9 70 24 21 2 4 88 100 38 81 81 23 12 35 29 
13 12 44 0 47 0 94 38 45 4 69 7 95 71 63 30 65 57 33 83 85 7 10 98 86 24 61 42 62 99 72 39 44 50 4 90 29 99 6 43 61 21 
42 24 19 38 93 94 0 86 51 98 33 36 39 10 27 67 61 58 68 16 57 9 38 20 82 75 73 63 50 51 49 73 65 18 93 30 59 41 84 70 67 100 
80 16 85 75 16 38 86 0 7 78 43 46 12 19 42 36 55 34 23 44 51 72 97 57 8 85 50 90 95 34 38 97 70 84 97 80 60 36 10 19 29 10 
84 4 19 60 71 45 51 7 0 36 27 98 86 15 10 13 25 74 2 36 86 74 0 46 7 83 24 74 30 58 82 29 80 1 53 46 46 74 49 21 49 48 
49 66 10 72 43 4 98 78 36 0 97 85 74 58 75 47 31 60 60 60 70 76 16 25 79 92 64 41 76 74 15 35 22 59 29 96 96 79 11 33 79 11 
94 25 51 54 99 69 33 43 27 97 0 63 4 67 92 21 34 74 72 21 34 52 56 100 55 50 24 63 38 7 9 6 55 30 13 90 9 1 42 80 47 26 
85 74 91 64 34 7 36 46 98 85 63 0 31 4 3 41 38 87 42 38 13 10 48 10 100 87 31 26 88 91 81 53 54 100 19 56 0 78 33 40 60 20 
25 19 64 51 50 95 39 12 86 74 4 31 0 30 0 52 68 19 46 86 62 58 4 13 71 58 42 29 57 100 0 62 44 81 88 12 86 91 5 89 62 58 
75 16 68 4 85 71 10 19 15 58 67 4 30 0 60 35 94 41 5 60 12 14 24 9 24 77 74 21 77 65 98 46 57 48 39 55 3 63 78 17 5 95 
13 81 31 100 80 63 27 42 10 75 92 3 0 60 0 32 41 72 88 92 69 23 88 26 88 56 75 10 73 58 90 11 78 53 63 14 11 73 94 34 84 61 
9 63 75 29 63 30 67 36 13 47 21 41 52 35 32 0 14 32 34 44 96 12 92 80 60 1 100 58 25 27 21 10 35 0 58 43 93 18 23 13 68 31 
97 79 95 28 27 65 61 55 25 31 34 38 68 94 41 14 0 34 49 89 31 2 49 77 47 84 13 21 79 39 29 18 88 39 47 81 66 16 95 54 54 38 
53 56 98 70 61 57 58 34 74 60 74 87 19 41 72 32 34 0 70 2 64 72 41 14 86 66 9 78 11 79 11 60 3 35 86 96 54 33 54 3 78 55 
36 21 58 76 70 33 68 23 2 60 72 42 46 5 88 34 49 70 0 29 74 4 70 41 68 36 81 1 68 58 24 26 21 69 78 64 34 61 29 80 67 62 
8 28 4 0 88 83 16 44 36 60 21 38 86 60 92 44 89 2 29 0 17 91 0 39 61 28 12 51 35 96 80 25 15 1 50 64 39 15 86 4 30 41 
7 0 96 16 24 85 57 51 86 70 34 13 62 12 69 96 31 64 74 17 0 71 95 72 15 23 67 76 33 48 53 15 43 12 1 81 29 39 17 1 30 38 
83 79 32 4 53 7 9 72 74 76 52 10 58 14 23 12 2 72 4 91 71 0 29 33 65 9 100 96 9 48 22 80 81 71 75 82 83 38 9 61 49 94 
32 77 33 3 39 10 38 97 0 16 56 48 4 24 88 92 49 41 70 0 95 29 0 89 32 72 88 10 1 58 87 27 54 25 87 65 30 39 54 13 79 68 
15 63 42 79 97 98 20 57 46 25 100 10 13 9 26 80 77 14 41 39 72 33 89 0 81 3 89 41 10 10 77 29 59 79 26 86 41 62 89 20 26 88 
12 100 34 27 11 86 82 8 7 79 55 100 71 24 88 60 47 86 68 61 15 65 32 81 0 94 49 75 48 44 7 16 25 75 55 71 27 75 22 94 86 83 
73 0 81 30 92 24 75 85 83 92 50 87 58 77 56 1 84 66 36 28 23 9 72 3 94 0 77 25 88 39 58 67 57 94 90 36 98 83 0 49 34 11 
0 23 37 66 45 61 73 50 24 64 24 31 42 74 75 100 13 9 81 12 67 100 88 89 49 77 0 65 68 28 88 3 73 41 69 3 46 62 0 45 21 6 
70 29 21 73 9 42 63 90 74 41 63 26 29 21 10 58 21 78 1 51 76 96 10 41 75 25 65 0 3 100 51 52 98 15 68 49 29 10 45 0 95 73 
51 60 0 11 70 62 50 95 30 76 38 88 57 77 73 25 79 11 68 35 33 9 1 10 48 88 68 3 0 43 94 0 15 87 49 1 78 19 14 27 49 78 
42 72 46 64 24 99 51 34 58 74 7 91 100 65 58 27 39 79 58 96 48 48 58 10 44 39 28 100 43 0 17 35 62 57 57 51 12 45 0 36 84 16 
19 81 9 60 21 72 49 38 82 15 9 81 0 98 90 21 29 11 24 80 53 22 87 77 7 58 88 51 94 17 0 45 25 88 83 48 37 71 10 21 4 48 
67 30 46 62 2 39 73 97 29 35 6 53 62 46 11 10 18 60 26 25 15 80 27 29 16 67 3 52 0 35 45 0 52 34 21 15 16 42 51 88 30 32 
53 76 21 52 4 44 65 70 80 22 55 54 44 57 78 35 88 3 21 15 43 81 54 59 25 57 73 98 15 62 25 52 0 81 87 8 65 19 73 66 95 78 
30 36 16 85 88 50 18 84 1 59 30 100 81 48 53 0 39 35 69 1 12 71 25 79 75 94 41 15 87 57 88 34 81 0 97 45 89 16 47 86 99 65 
82 97 5 51 100 4 93 97 53 29 13 19 88 39 63 58 47 86 78 50 1 75 87 26 55 90 69 68 49 57 83 21 87 97 0 44 74 25 15 71 61 56 
67 52 3 25 38 90 30 80 46 96 90 56 12 55 14 43 81 96 64 64 81 82 65 86 71 36 3 49 1 51 48 15 8 45 44 0 77 18 96 26 25 23 
96 41 80 100 81 29 59 60 46 96 9 0 86 3 11 93 66 54 34 39 29 83 30 41 27 98 46 29 78 12 37 16 65 89 74 77 0 1 23 24 35 9 
36 68 55 20 81 99 41 36 74 79 1 78 91 63 73 18 16 33 61 15 39 38 39 62 75 83 62 10 19 45 71 42 19 16 25 18 1 0 54 32 79 29 
88 3 52 87 23 6 84 10 49 11 42 33 5 78 94 23 95 54 29 86 17 9 54 89 22 0 0 45 14 0 10 51 73 47 15 96 23 54 0 50 21 2 
4 96 61 55 12 43 70 19 21 33 80 40 89 17 34 13 54 3 80 4 1 61 13 20 94 49 45 0 27 36 21 88 66 86 71 26 24 32 50 0 73 88 
68 0 45 53 35 61 67 29 49 79 47 60 62 5 84 68 54 78 67 30 30 49 79 26 86 34 21 95 49 84 4 30 95 99 61 25 35 79 21 73 0 4 
18 12 5 83 29 21 100 10 48 11 26 20 58 95 61 31 38 55 62 41 38 94 68 88 83 11 6 73 78 16 48 32 78 65 56 23 9 29 2 88 4 0 
RRBBBRRBBBBRBRBRBRBRBBRBRBRBBRBRBRRRRRRRBB
