44
0 36 37 23 39 47 79 1 63 92 28 87 4 82 37 57 91 59 95 63 15 88 30 48 26 16 17 83 80 53 10 4 59 49 15 0 34 95 39 41 92 41 54 35 
36 0 98 32 65 20 72 3 16 20 46 2 97 24 37 72 48 72 100 96 85 99 13 51 59 31 87 53 51 43 75 95 90 64 59 14 11 93 82 23 81 79 82 45 
37 98 0 74 66 83 54 43 10 42 71 23 77 77 34 4 25 90 8 72 46 17 99 1 53 47 86 12 94 29 7 58 82 27 48 74 2 21 47 25 11 12 56 37 
23 32 74 0 77 55 50 0 89 12 61 13 73 43 95 48 45 78 29 20 27 46 44 44 29 14 64 79 68 28 68 72 44 10 17 70 73 48 12 20 11 15 37 87 
39 65 66 77 0 77 68 6 9 13 89 30 55 14 48 6 12 82 75 29 7 21 42 16 11 48 67 29 35 37 56 2 14 21 17 31 5 57 27 58 78 29 7 41 
47 20 83 55 77 0 46 15 21 70 86 79 85 18 62 79 61 52 48 58 23 54 32 2 68 5 89 30 77 7 24 34 40 74 99 96 47 10 26 93 72 45 23 40 
79 72 54 50 68 46 0 33 47 17 87 98 80 30 19 72 30 13 23 70 63 5 11 90 1 58 4 9 2 25 14 65 87 85 9 52 33 93 92 32 15 91 11 42 
1 3 43 0 6 15 33 0 34 40 11 78 88 13 30 93 38 98 29 100 34 31 89 43 77 85 81 79 95 38 53 71 41 79 73 27 63 69 93 84 76 92 45 18 
63 16 10 89 9 21 47 34 0 41 43 59 33 32 8 3 17 87 34 89 60 59 78 70 69 83 61 30 22 90 46 7 76 89 27 79 47 89 83 33 77 6 32 55 
92 20 42 12 13 70 17 40 41 0 80 86 88 55 75 88 62 33 23 11 30 77 55 36 87 73 60 100 39 97 17 91 36 46 27 27 23 68 96 9 21 45 29 72 
28 46 71 61 89 86 87 11 43 80 0 92 14 71 80 46 79 21 6 96 43 47 14 17 72 91 20 37 61 67 72 78 17 5 0 13 27 74 28 14 70 93 79 46 
87 2 23 13 30 79 98 78 59 86 92 0 66 87 39 31 21 55 74 72 66 6 1 19 96 60 17 69 9 91 61 74 10 52 36 100 78 56 8 39 35 61 67 41 
4 97 77 73 55 85 80 88 33 88 14 66 0 17 1 14 73 34 25 90 16 65 73 88 62 53 58 66 16 54 32 48 84 92 34 64 1 30 14 9 21 43 28 5 
82 24 77 43 14 18 30 13 32 55 71 87 17 0 1 55 18 32 97 70 66 44 49 71 42 3 29 36 58 65 83 0 98 73 100 64 77 35 73 34 15 25 13 43 
37 37 34 95 48 62 19 30 8 75 80 39 1 1 0 87 99 16 91 18 78 48 65 50 88 51 13 15 63 31 9 63 76 84 69 67 86 96 17 94 87 100 21 57 
57 72 4 48 6 79 72 93 3 88 46 31 14 55 87 0 95 58 14 6 62 72 78 17 72 81 11 57 40 60 35 37 92 54 93 65 15 55 57 99 90 58 98 13 
91 48 25 45 12 61 30 38 17 62 79 21 73 18 99 95 0 22 94 26 63 77 13 28 44 74 44 73 15 63 26 54 87 41 72 77 66 100 66 32 98 25 60 72 
59 72 90 78 82 52 13 98 87 33 21 55 34 32 16 58 22 0 21 21 60 0 20 69 14 87 88 3 86 84 30 83 22 39 81 50 62 11 5 29 87 5 31 45 
95 100 8 29 75 48 23 29 34 23 6 74 25 97 91 14 94 21 0 80 14 65 6 93 45 37 54 42 13 88 27 70 1 65 11 51 53 71 27 49 20 53 21 42 
63 96 72 20 29 58 70 100 89 11 96 72 90 70 18 6 26 21 80 0 12 27 94 0 40 24 60 39 22 64 68 98 31 65 2 33 46 95 55 61 40 96 11 74 
15 85 46 27 7 23 63 34 60 30 43 66 16 66 78 62 63 60 14 12 0 11 14 65 38 31 76 52 39 8 68 38 68 62 80 89 39 15 34 70 55 59 20 59 
88 99 17 46 21 54 5 31 59 77 47 6 65 44 48 72 77 0 65 27 11 0 4 87 25 87 36 1 52 10 67 58 53 7 80 83 47 11 58 61 11 6 95 38 
30 13 99 44 42 32 11 89 78 55 14 1 73 49 65 78 13 20 6 94 14 4 0 44 41 97 8 0 66 22 46 29 78 92 49 24 47 74 78 6 55 99 68 76 
48 51 1 44 16 2 90 43 70 36 17 19 88 71 50 17 28 69 93 0 65 87 44 0 38 70 40 10 54 70 15 98 27 13 66 60 86 45 53 63 95 26 61 49 
26 59 53 29 11 68 1 77 69 87 72 96 62 42 88 72 44 14 45 40 38 25 41 38 0 10 12 9 96 17 55 7 81 80 66 95 12 60 17 16 51 25 56 13 
16 31 47 14 48 5 58 85 83 73 91 60 53 3 51 81 74 87 37 24 31 87 97 70 10 0 6 49 29 42 14 87 29 45 99 41 99 16 35 46 16 53 39 48 
17 87 86 64 67 89 4 81 61 60 20 17 58 29 13 11 44 88 54 60 76 36 8 40 12 6 0 15 55 42 91 17 63 56 96 44 48 6 42 73 19 70 52 67 
83 53 12 79 29 30 9 79 30 100 37 69 66 36 15 57 73 3 42 39 52 1 0 10 9 49 15 0 6 63 55 27 56 2 50 33 75 87 31 29 18 10 74 17 
80 51 94 68 35 77 2 95 22 39 61 9 16 58 63 40 15 86 13 22 39 52 66 54 96 29 55 6 0 28 81 86 58 89 3 35 38 26 12 31 69 97 96 98 
53 43 29 28 37 7 25 38 90 97 67 91 54 65 31 60 63 84 88 64 8 10 22 70 17 42 42 63 28 0 66 43 39 49 96 63 93 20 98 61 67 79 51 86 
10 75 7 68 56 24 14 53 46 17 72 61 32 83 9 35 26 30 27 68 68 67 46 15 55 14 91 55 81 66 0 35 100 32 32 48 8 67 49 97 31 17 93 82 
4 95 58 72 2 34 65 71 7 91 78 74 48 0 63 37 54 83 70 98 38 58 29 98 7 87 17 27 86 43 35 0 84 11 75 88 7 28 51 83 34 66 30 40 
59 90 82 44 14 40 87 41 76 36 17 10 84 98 76 92 87 22 1 31 68 53 78 27 81 29 63 56 58 39 100 84 0 36 85 60 16 15 18 24 62 72 28 43 
49 64 27 10 21 74 85 79 89 46 5 52 92 73 84 54 41 39 65 65 62 7 92 13 80 45 56 2 89 49 32 11 36 0 50 100 10 95 1 22 41 42 3 33 
15 59 48 17 17 99 9 73 27 27 0 36 34 100 69 93 72 81 11 2 80 80 49 66 66 99 96 50 3 96 32 75 85 50 0 38 37 91 7 5 65 48 19 86 
0 14 74 70 31 96 52 27 79 27 13 100 64 64 67 65 77 50 51 33 89 83 24 60 95 41 44 33 35 63 48 88 60 100 38 0 40 36 55 2 59 76 77 99 
34 11 2 73 5 47 33 63 47 23 27 78 1 77 86 15 66 62 53 46 39 47 47 86 12 99 48 75 38 93 8 7 16 10 37 40 0 41 11 83 47 95 10 83 
95 93 21 48 57 10 93 69 89 68 74 56 30 35 96 55 100 11 71 95 15 11 74 45 60 16 6 87 26 20 67 28 15 95 91 36 41 0 26 12 96 64 61 87 
39 82 47 12 27 26 92 93 83 96 28 8 14 73 17 57 66 5 27 55 34 58 78 53 17 35 42 31 12 98 49 51 18 1 7 55 11 26 0 46 23 55 88 66 
41 23 25 20 58 93 32 84 33 9 14 39 9 34 94 99 32 29 49 61 70 61 6 63 16 46 73 29 31 61 97 83 24 22 5 2 83 12 46 0 35 4 63 40 
92 81 11 11 78 72 15 76 77 21 70 35 21 15 87 90 98 87 20 40 55 11 55 95 51 16 19 18 69 67 31 34 62 41 65 59 47 96 23 35 0 85 86 95 
41 79 12 15 29 45 91 92 6 45 93 61 43 25 100 58 25 5 53 96 59 6 99 26 25 53 70 10 97 79 17 66 72 42 48 76 95 64 55 4 85 0 71 45 
54 82 56 37 7 23 11 45 32 29 79 67 28 13 21 98 60 31 21 11 20 95 68 61 56 39 52 74 96 51 93 30 28 3 19 77 10 61 88 63 86 71 0 78 
35 45 37 87 41 40 42 18 55 72 46 41 5 43 57 13 72 45 42 74 59 38 76 49 13 48 67 17 98 86 82 40 43 33 86 99 83 87 66 40 95 45 78 0 
BBBBRBBBRRRRRBRBRRBBBBRRBRBBRRRBBRBRBRBRRRBR
