24
0 92 32 89 91 5 91 70 22 9 98 48 38 6 67 16 93 32 45 13 29 39 87 79 
92 0 40 72 60 8 18 53 69 85 9 22 5 66 6 7 9 19 10 98 98 81 86 63 
32 40 0 81 22 40 43 49 91 58 22 30 17 16 13 82 69 0 16 91 70 36 80 25 
89 72 81 0 36 64 23 39 22 84 71 77 10 12 56 57 67 46 97 83 20 60 71 85 
91 60 22 36 0 71 17 2 60 4 38 99 46 93 50 20 45 63 77 35 3 36 50 61 
5 8 40 64 71 0 91 37 61 62 15 33 32 68 99 62 30 41 83 71 11 21 77 35 
91 18 43 23 17 91 0 11 30 92 4 38 12 59 63 71 75 51 42 28 75 24 56 0 
70 53 49 39 2 37 11 0 70 59 38 78 63 100 38 92 89 100 20 25 53 89 71 48 
22 69 91 22 60 61 30 70 0 29 77 82 14 35 5 38 49 47 62 98 46 0 36 42 
9 85 58 84 4 62 92 59 29 0 7 67 99 65 54 51 97 68 3 38 32 34 1 77 
98 9 22 71 38 15 4 38 77 7 0 68 3 7 32 78 43 73 13 30 94 10 31 91 
48 22 30 77 99 33 38 78 82 67 68 0 22 72 13 41 55 73 45 6 99 24 44 45 
38 5 17 10 46 32 12 63 14 99 3 22 0 70 60 93 83 70 72 17 20 36 56 64 
6 66 16 12 93 68 59 100 35 65 7 72 70 0 44 47 68 15 96 55 62 83 26 68 
67 6 13 56 50 99 63 38 5 54 32 13 60 44 0 59 94 14 77 79 9 71 5 25 
16 7 82 57 20 62 71 92 38 51 78 41 93 47 59 0 39 9 41 33 58 5 87 36 
93 9 69 67 45 30 75 89 49 97 43 55 83 68 94 39 0 68 13 91 93 43 100 9 
32 19 0 46 63 41 51 100 47 68 73 73 70 15 14 9 68 0 48 2 17 88 7 36 
45 10 16 97 77 83 42 20 62 3 13 45 72 96 77 41 13 48 0 72 41 83 40 80 
13 98 91 83 35 71 28 25 98 38 30 6 17 55 79 33 91 2 72 0 38 52 97 88 
29 98 70 20 3 11 75 53 46 32 94 99 20 62 9 58 93 17 41 38 0 47 20 15 
39 81 36 60 36 21 24 89 0 34 10 24 36 83 71 5 43 88 83 52 47 0 0 99 
87 86 80 71 50 77 56 71 36 1 31 44 56 26 5 87 100 7 40 97 20 0 0 9 
79 63 25 85 61 35 0 48 42 77 91 45 64 68 25 36 9 36 80 88 15 99 9 0 
BRRBBRBBRBRRBRRBBRBRRBBR
