34
0 47 63 35 57 52 1 9 99 49 61 71 54 73 44 33 34 94 23 98 82 95 76 4 37 5 70 9 37 86 72 21 30 28 
47 0 6 64 85 23 8 38 28 19 23 16 39 88 44 49 87 2 7 8 28 35 12 72 22 2 82 67 15 51 52 48 52 88 
63 6 0 88 54 15 78 55 27 30 93 92 13 78 29 1 95 92 11 96 61 65 41 96 89 58 98 94 41 28 96 27 80 31 
35 64 88 0 14 65 36 82 29 93 36 85 48 78 24 15 72 43 43 20 71 2 85 51 60 27 65 83 52 9 94 67 11 6 
57 85 54 14 0 66 96 13 10 64 19 53 26 37 42 44 32 20 28 9 93 100 39 37 15 20 71 54 18 26 83 51 45 92 
52 23 15 65 66 0 40 90 62 16 1 37 92 79 57 39 26 72 20 98 87 77 45 58 42 78 11 16 25 16 59 8 13 52 
1 8 78 36 96 40 0 40 46 45 95 0 21 12 76 70 51 74 74 24 59 71 8 48 76 3 95 8 60 0 80 8 72 4 
9 38 55 82 13 90 40 0 33 50 53 84 92 62 48 18 44 69 75 94 80 68 98 69 18 22 91 53 75 50 55 17 59 77 
99 28 27 29 10 62 46 33 0 59 59 58 1 31 54 78 64 60 20 24 93 51 92 62 29 15 35 69 13 55 58 47 55 63 
49 19 30 93 64 16 45 50 59 0 30 48 34 6 52 53 8 37 76 99 85 26 53 62 100 27 24 45 77 26 66 19 94 52 
61 23 93 36 19 1 95 53 59 30 0 25 17 31 42 49 14 68 65 12 1 81 1 81 62 59 67 36 20 64 36 74 72 84 
71 16 92 85 53 37 0 84 58 48 25 0 14 35 84 46 14 59 84 48 36 62 11 94 70 84 58 81 44 56 80 58 93 36 
54 39 13 48 26 92 21 92 1 34 17 14 0 28 64 15 3 96 11 48 98 44 7 61 54 52 86 1 17 53 91 47 11 11 
73 88 78 78 37 79 12 62 31 6 31 35 28 0 34 58 25 12 31 87 22 3 48 89 9 59 90 35 14 72 27 53 17 65 
44 44 29 24 42 57 76 48 54 52 42 84 64 34 0 76 6 22 62 28 97 18 8 46 87 76 49 75 42 61 70 4 73 47 
33 49 1 15 44 39 70 18 78 53 49 46 15 58 76 0 99 83 99 17 96 2 70 88 31 19 68 92 91 54 23 28 69 30 
34 87 95 72 32 26 51 44 64 8 14 14 3 25 6 99 0 66 72 19 48 96 59 5 29 90 18 31 97 85 89 97 38 59 
94 2 92 43 20 72 74 69 60 37 68 59 96 12 22 83 66 0 60 4 52 68 82 2 44 97 36 51 33 51 70 39 82 51 
23 7 11 43 28 20 74 75 20 76 65 84 11 31 62 99 72 60 0 3 79 3 58 69 99 53 75 72 18 28 26 63 68 58 
98 8 96 20 9 98 24 94 24 99 12 48 48 87 28 17 19 4 3 0 93 23 46 56 51 38 74 64 47 68 44 36 6 81 
82 28 61 71 93 87 59 80 93 85 1 36 98 22 97 96 48 52 79 93 0 1 59 94 4 9 94 25 10 11 75 75 55 75 
95 35 65 2 100 77 71 68 51 26 81 62 44 3 18 2 96 68 3 23 1 0 50 55 61 27 11 38 37 1 80 12 1 7 
76 12 41 85 39 45 8 98 92 53 1 11 7 48 8 70 59 82 58 46 59 50 0 40 84 16 46 9 43 82 14 71 18 18 
4 72 96 51 37 58 48 69 62 62 81 94 61 89 46 88 5 2 69 56 94 55 40 0 62 12 84 65 28 99 45 18 72 74 
37 22 89 60 15 42 76 18 29 100 62 70 54 9 87 31 29 44 99 51 4 61 84 62 0 60 12 80 7 60 55 22 94 51 
5 2 58 27 20 78 3 22 15 27 59 84 52 59 76 19 90 97 53 38 9 27 16 12 60 0 13 64 22 16 90 61 45 86 
70 82 98 65 71 11 95 91 35 24 67 58 86 90 49 68 18 36 75 74 94 11 46 84 12 13 0 89 99 90 89 55 53 18 
9 67 94 83 54 16 8 53 69 45 36 81 1 35 75 92 31 51 72 64 25 38 9 65 80 64 89 0 86 41 10 55 79 85 
37 15 41 52 18 25 60 75 13 77 20 44 17 14 42 91 97 33 18 47 10 37 43 28 7 22 99 86 0 61 72 70 39 96 
86 51 28 9 26 16 0 50 55 26 64 56 53 72 61 54 85 51 28 68 11 1 82 99 60 16 90 41 61 0 3 1 20 90 
72 52 96 94 83 59 80 55 58 66 36 80 91 27 70 23 89 70 26 44 75 80 14 45 55 90 89 10 72 3 0 31 33 3 
21 48 27 67 51 8 8 17 47 19 74 58 47 53 4 28 97 39 63 36 75 12 71 18 22 61 55 55 70 1 31 0 74 13 
30 52 80 11 45 13 72 59 55 94 72 93 11 17 73 69 38 82 68 6 55 1 18 72 94 45 53 79 39 20 33 74 0 1 
28 88 31 6 92 52 4 77 63 52 84 36 11 65 47 30 59 51 58 81 75 7 18 74 51 86 18 85 96 90 3 13 1 0 
RBBRBBBRRBRRRRBRRRBRBBBBBRRRBRBBBR
