32
0 66 64 57 5 5 17 47 33 21 85 84 30 1 74 17 65 77 68 86 62 21 54 23 26 40 84 74 67 50 78 46 
66 0 68 35 27 84 27 75 69 57 0 48 61 47 47 66 64 34 22 78 92 89 7 3 42 14 28 39 94 84 32 81 
64 68 0 55 55 31 94 83 3 27 99 19 45 44 88 67 54 57 85 35 12 68 34 69 69 94 81 13 52 29 34 12 
57 35 55 0 82 57 93 67 3 29 82 13 85 89 23 56 40 22 88 20 74 13 71 12 56 65 10 73 36 54 64 5 
5 27 55 82 0 22 28 96 20 71 66 4 19 88 27 64 23 49 40 69 74 78 26 17 98 74 13 48 22 59 0 59 
5 84 31 57 22 0 10 92 49 58 19 21 81 42 2 9 45 82 96 26 20 72 13 39 96 17 31 21 56 87 27 3 
17 27 94 93 28 10 0 78 33 18 2 91 80 85 82 16 87 46 56 89 91 9 52 55 58 63 78 74 55 30 49 48 
47 75 83 67 96 92 78 0 83 96 52 95 72 25 100 93 52 66 6 51 16 63 25 71 53 62 85 94 57 62 38 28 
33 69 3 3 20 49 33 83 0 36 44 60 35 87 51 19 32 15 78 45 44 43 39 54 21 89 4 63 97 17 36 63 
21 57 27 29 71 58 18 96 36 0 48 31 32 100 45 97 41 0 53 97 22 23 47 65 9 76 50 84 94 41 84 78 
85 0 99 82 66 19 2 52 44 48 0 1 62 44 60 28 97 32 75 9 53 74 4 77 52 28 99 46 68 81 50 14 
84 48 19 13 4 21 91 95 60 31 1 0 98 37 23 76 66 43 80 51 7 65 36 53 63 58 18 94 69 38 16 51 
30 61 45 85 19 81 80 72 35 32 62 98 0 41 50 31 31 16 64 92 27 20 64 85 58 37 6 31 46 51 16 54 
1 47 44 89 88 42 85 25 87 100 44 37 41 0 4 61 82 17 26 15 45 69 20 31 47 26 41 70 97 57 12 86 
74 47 88 23 27 2 82 100 51 45 60 23 50 4 0 59 80 74 74 35 78 57 55 38 21 88 29 6 15 20 86 86 
17 66 67 56 64 9 16 93 19 97 28 76 31 61 59 0 20 4 34 13 39 27 9 48 97 60 65 1 54 83 68 11 
65 64 54 40 23 45 87 52 32 41 97 66 31 82 80 20 0 72 68 2 65 74 79 56 39 77 97 37 0 14 39 74 
77 34 57 22 49 82 46 66 15 0 32 43 16 17 74 4 72 0 31 96 93 44 23 16 33 78 91 82 40 97 41 81 
68 22 85 88 40 96 56 6 78 53 75 80 64 26 74 34 68 31 0 50 51 69 56 92 94 54 34 85 54 54 42 62 
86 78 35 20 69 26 89 51 45 97 9 51 92 15 35 13 2 96 50 0 15 44 63 94 82 29 38 4 44 9 72 50 
62 92 12 74 74 20 91 16 44 22 53 7 27 45 78 39 65 93 51 15 0 99 34 69 90 93 31 43 98 92 97 18 
21 89 68 13 78 72 9 63 43 23 74 65 20 69 57 27 74 44 69 44 99 0 20 93 64 52 54 4 61 39 38 54 
54 7 34 71 26 13 52 25 39 47 4 36 64 20 55 9 79 23 56 63 34 20 0 31 73 19 82 8 18 58 5 38 
23 3 69 12 17 39 55 71 54 65 77 53 85 31 38 48 56 16 92 94 69 93 31 0 60 97 20 91 15 32 74 22 
26 42 69 56 98 96 58 53 21 9 52 63 58 47 21 97 39 33 94 82 90 64 73 60 0 44 89 35 88 75 85 33 
40 14 94 65 74 17 63 62 89 76 28 58 37 26 88 60 77 78 54 29 93 52 19 97 44 0 7 58 94 13 45 44 
84 28 81 10 13 31 78 85 4 50 99 18 6 41 29 65 97 91 34 38 31 54 82 20 89 7 0 76 93 18 21 66 
74 39 13 73 48 21 74 94 63 84 46 94 31 70 6 1 37 82 85 4 43 4 8 91 35 58 76 0 50 16 69 23 
67 94 52 36 22 56 55 57 97 94 68 69 46 97 15 54 0 40 54 44 98 61 18 15 88 94 93 50 0 35 68 50 
50 84 29 54 59 87 30 62 17 41 81 38 51 57 20 83 14 97 54 9 92 39 58 32 75 13 18 16 35 0 27 65 
78 32 34 64 0 27 49 38 36 84 50 16 16 12 86 68 39 41 42 72 97 38 5 74 85 45 21 69 68 27 0 43 
46 81 12 5 59 3 48 28 63 78 14 51 54 86 86 11 74 81 62 50 18 54 38 22 33 44 66 23 50 65 43 0 
RRRBRBBRBRBRBBRRBBRRBBBRRRRBBBBR
