42
0 97 90 14 30 47 47 38 35 67 54 43 13 98 12 61 6 60 91 60 38 55 5 43 48 86 20 66 90 10 75 31 6 71 45 70 56 14 5 68 89 65 
97 0 22 65 73 24 69 51 18 95 33 88 58 11 27 83 38 52 9 63 85 56 35 32 23 37 8 46 92 20 16 71 68 26 52 78 59 61 58 87 66 100 
90 22 0 62 60 80 96 48 20 63 73 51 5 33 88 61 59 19 32 13 3 2 22 74 0 61 0 7 88 35 79 18 53 72 21 68 33 40 91 61 49 84 
14 65 62 0 12 47 13 72 86 72 40 34 35 48 5 93 12 21 98 64 35 50 38 77 50 21 85 90 83 8 35 15 96 52 67 95 54 20 13 61 83 20 
30 73 60 12 0 38 27 8 15 100 95 77 31 59 56 11 18 14 62 77 65 27 46 53 92 5 89 73 34 62 81 66 28 96 45 74 62 95 52 23 75 47 
47 24 80 47 38 0 11 9 41 63 99 16 50 13 5 18 88 35 30 94 46 68 5 49 57 46 15 27 54 14 62 43 77 23 36 47 66 23 98 16 100 85 
47 69 96 13 27 11 0 57 99 83 20 10 54 0 36 31 46 75 47 66 5 26 6 98 84 89 61 90 62 10 33 81 36 65 18 16 68 36 96 77 44 23 
38 51 48 72 8 9 57 0 90 88 24 46 10 57 0 58 5 59 67 4 34 59 56 99 24 86 33 38 1 85 63 19 4 7 8 48 3 57 38 66 82 29 
35 18 20 86 15 41 99 90 0 4 26 19 90 54 80 61 8 25 97 5 67 93 37 89 55 2 12 89 33 14 95 81 29 88 82 61 13 70 81 54 7 50 
67 95 63 72 100 63 83 88 4 0 97 86 24 74 52 43 52 45 64 94 94 97 6 53 64 9 33 36 4 38 89 99 64 81 68 19 7 16 11 58 97 20 
54 33 73 40 95 99 20 24 26 97 0 96 14 28 10 60 39 86 29 10 81 59 18 84 40 84 15 38 97 37 82 30 94 16 86 52 89 63 71 68 79 85 
43 88 51 34 77 16 10 46 19 86 96 0 98 0 8 73 83 60 12 18 87 23 48 20 49 28 21 22 26 73 84 86 66 81 43 78 48 44 30 95 18 47 
13 58 5 35 31 50 54 10 90 24 14 98 0 42 9 47 92 38 79 43 43 63 89 56 74 97 79 91 65 74 58 13 20 49 39 77 99 99 64 100 65 54 
98 11 33 48 59 13 0 57 54 74 28 0 42 0 37 30 9 49 5 51 30 11 75 72 60 10 59 93 20 43 91 5 71 75 80 8 7 13 41 80 53 31 
12 27 88 5 56 5 36 0 80 52 10 8 9 37 0 53 69 42 56 64 57 5 22 60 16 93 12 49 52 0 69 63 79 82 67 13 0 37 11 9 61 47 
61 83 61 93 11 18 31 58 61 43 60 73 47 30 53 0 82 37 9 2 35 43 93 91 94 27 47 50 70 13 51 67 27 44 69 52 35 94 69 86 29 93 
6 38 59 12 18 88 46 5 8 52 39 83 92 9 69 82 0 99 96 75 96 81 5 45 50 68 90 31 75 5 84 15 19 1 35 9 41 88 30 68 72 16 
60 52 19 21 14 35 75 59 25 45 86 60 38 49 42 37 99 0 12 60 19 100 42 4 38 14 76 35 32 99 8 91 47 43 51 6 35 92 35 75 84 18 
91 9 32 98 62 30 47 67 97 64 29 12 79 5 56 9 96 12 0 94 77 43 27 52 86 54 8 87 44 86 94 78 25 65 48 71 49 95 66 3 78 84 
60 63 13 64 77 94 66 4 5 94 10 18 43 51 64 2 75 60 94 0 93 83 28 85 8 79 5 77 25 70 3 77 4 41 9 96 60 28 29 100 26 65 
38 85 3 35 65 46 5 34 67 94 81 87 43 30 57 35 96 19 77 93 0 94 18 52 17 94 34 29 60 7 41 50 91 85 90 91 6 30 48 80 67 35 
55 56 2 50 27 68 26 59 93 97 59 23 63 11 5 43 81 100 43 83 94 0 76 32 74 60 72 29 99 55 96 87 95 46 91 57 41 12 7 12 59 15 
5 35 22 38 46 5 6 56 37 6 18 48 89 75 22 93 5 42 27 28 18 76 0 5 65 100 89 68 55 33 77 57 95 21 81 81 18 12 76 19 71 83 
43 32 74 77 53 49 98 99 89 53 84 20 56 72 60 91 45 4 52 85 52 32 5 0 73 1 1 30 4 21 18 45 11 37 55 57 51 32 17 9 74 40 
48 23 0 50 92 57 84 24 55 64 40 49 74 60 16 94 50 38 86 8 17 74 65 73 0 3 92 90 70 29 54 46 70 81 57 39 36 39 21 19 15 44 
86 37 61 21 5 46 89 86 2 9 84 28 97 10 93 27 68 14 54 79 94 60 100 1 3 0 2 83 0 78 9 47 96 46 5 67 52 28 94 76 17 62 
20 8 0 85 89 15 61 33 12 33 15 21 79 59 12 47 90 76 8 5 34 72 89 1 92 2 0 59 6 52 15 95 29 42 41 26 66 57 40 100 64 97 
66 46 7 90 73 27 90 38 89 36 38 22 91 93 49 50 31 35 87 77 29 29 68 30 90 83 59 0 85 26 93 78 63 8 25 14 96 41 1 10 19 15 
90 92 88 83 34 54 62 1 33 4 97 26 65 20 52 70 75 32 44 25 60 99 55 4 70 0 6 85 0 80 33 57 21 90 52 50 74 28 11 58 15 44 
10 20 35 8 62 14 10 85 14 38 37 73 74 43 0 13 5 99 86 70 7 55 33 21 29 78 52 26 80 0 4 70 46 83 21 35 80 94 53 62 56 73 
75 16 79 35 81 62 33 63 95 89 82 84 58 91 69 51 84 8 94 3 41 96 77 18 54 9 15 93 33 4 0 12 76 32 94 71 96 13 36 81 10 6 
31 71 18 15 66 43 81 19 81 99 30 86 13 5 63 67 15 91 78 77 50 87 57 45 46 47 95 78 57 70 12 0 24 55 41 96 63 28 0 94 74 74 
6 68 53 96 28 77 36 4 29 64 94 66 20 71 79 27 19 47 25 4 91 95 95 11 70 96 29 63 21 46 76 24 0 43 95 52 21 54 57 44 27 17 
71 26 72 52 96 23 65 7 88 81 16 81 49 75 82 44 1 43 65 41 85 46 21 37 81 46 42 8 90 83 32 55 43 0 49 4 17 15 61 86 22 83 
45 52 21 67 45 36 18 8 82 68 86 43 39 80 67 69 35 51 48 9 90 91 81 55 57 5 41 25 52 21 94 41 95 49 0 96 31 7 69 92 64 30 
70 78 68 95 74 47 16 48 61 19 52 78 77 8 13 52 9 6 71 96 91 57 81 57 39 67 26 14 50 35 71 96 52 4 96 0 12 41 22 63 12 50 
56 59 33 54 62 66 68 3 13 7 89 48 99 7 0 35 41 35 49 60 6 41 18 51 36 52 66 96 74 80 96 63 21 17 31 12 0 92 75 71 83 25 
14 61 40 20 95 23 36 57 70 16 63 44 99 13 37 94 88 92 95 28 30 12 12 32 39 28 57 41 28 94 13 28 54 15 7 41 92 0 15 54 92 94 
5 58 91 13 52 98 96 38 81 11 71 30 64 41 11 69 30 35 66 29 48 7 76 17 21 94 40 1 11 53 36 0 57 61 69 22 75 15 0 65 68 86 
68 87 61 61 23 16 77 66 54 58 68 95 100 80 9 86 68 75 3 100 80 12 19 9 19 76 100 10 58 62 81 94 44 86 92 63 71 54 65 0 43 82 
89 66 49 83 75 100 44 82 7 97 79 18 65 53 61 29 72 84 78 26 67 59 71 74 15 17 64 19 15 56 10 74 27 22 64 12 83 92 68 43 0 52 
65 100 84 20 47 85 23 29 50 20 85 47 54 31 47 93 16 18 84 65 35 15 83 40 44 62 97 15 44 73 6 74 17 83 30 50 25 94 86 82 52 0 
BRRRBBBBBRBRRRRRBBRBBRBRBRBRRBRBBRRBBRRBRB
