42
0 3 26 82 95 72 27 19 33 28 27 5 76 12 78 62 18 19 2 50 52 44 36 88 61 35 52 2 66 62 71 26 90 88 3 91 10 50 60 73 34 86 
3 0 34 20 37 72 80 59 53 19 9 27 23 11 86 67 98 10 97 12 61 10 11 97 46 50 53 91 92 55 75 84 36 28 39 33 12 58 85 27 83 30 
26 34 0 70 62 81 7 54 32 20 23 12 88 8 40 56 91 27 10 26 64 87 0 87 21 73 71 15 75 61 72 2 75 95 64 79 67 12 29 85 100 61 
82 20 70 0 22 100 66 34 71 10 97 82 38 37 27 11 96 34 61 9 81 41 30 45 79 61 79 7 39 68 41 8 5 50 44 92 68 86 6 83 48 74 
95 37 62 22 0 5 78 98 12 23 30 14 18 75 10 97 74 42 10 61 41 16 86 98 74 14 22 80 80 7 91 80 54 83 17 43 63 17 65 64 77 32 
72 72 81 100 5 0 4 65 32 89 39 89 29 47 8 2 32 5 57 11 58 29 51 13 59 67 33 27 95 46 85 88 44 48 69 55 92 73 39 27 15 93 
27 80 7 66 78 4 0 41 53 8 6 76 51 75 9 63 48 32 85 41 46 36 70 70 30 96 14 42 81 45 74 82 1 55 25 44 36 2 38 64 10 62 
19 59 54 34 98 65 41 0 53 62 99 51 96 83 23 53 43 74 7 98 41 67 62 87 44 0 30 83 67 97 82 73 63 24 6 75 85 86 48 46 59 95 
33 53 32 71 12 32 53 53 0 86 2 74 20 25 16 25 98 100 5 76 88 91 14 39 19 45 24 63 98 49 60 29 80 50 29 35 53 33 30 79 36 96 
28 19 20 10 23 89 8 62 86 0 64 27 16 84 50 92 47 52 25 34 37 7 100 13 45 41 14 94 36 92 68 67 41 17 3 7 37 49 96 66 35 85 
27 9 23 97 30 39 6 99 2 64 0 51 92 81 51 65 73 59 88 63 86 23 33 95 21 37 14 11 77 27 38 72 71 34 77 76 76 95 100 53 50 84 
5 27 12 82 14 89 76 51 74 27 51 0 44 85 95 58 30 30 20 24 32 85 4 21 37 37 42 41 88 24 73 46 91 28 88 52 93 57 54 56 65 28 
76 23 88 38 18 29 51 96 20 16 92 44 0 11 65 0 17 67 76 24 82 49 11 42 60 68 72 2 31 27 100 26 82 64 61 0 97 47 49 82 52 29 
12 11 8 37 75 47 75 83 25 84 81 85 11 0 45 9 28 69 87 26 13 73 16 63 65 49 70 28 24 90 51 11 89 11 69 83 33 81 51 35 21 28 
78 86 40 27 10 8 9 23 16 50 51 95 65 45 0 18 24 61 6 54 49 30 81 90 61 33 12 63 8 3 12 84 1 34 79 68 42 19 78 55 62 52 
62 67 56 11 97 2 63 53 25 92 65 58 0 9 18 0 14 30 59 9 64 26 37 72 62 67 62 8 32 59 53 40 77 40 85 10 37 20 64 45 26 10 
18 98 91 96 74 32 48 43 98 47 73 30 17 28 24 14 0 15 43 9 60 79 32 57 6 65 78 43 24 2 22 43 31 81 42 47 99 21 41 54 49 16 
19 10 27 34 42 5 32 74 100 52 59 30 67 69 61 30 15 0 66 80 88 59 46 98 74 41 29 11 5 0 26 25 30 90 75 48 89 48 71 76 22 86 
2 97 10 61 10 57 85 7 5 25 88 20 76 87 6 59 43 66 0 12 7 8 28 83 73 63 5 56 77 13 95 70 43 11 48 76 89 12 59 35 7 18 
50 12 26 9 61 11 41 98 76 34 63 24 24 26 54 9 9 80 12 0 46 47 24 68 52 94 81 92 40 93 65 79 83 80 10 55 89 8 64 50 73 78 
52 61 64 81 41 58 46 41 88 37 86 32 82 13 49 64 60 88 7 46 0 59 2 65 59 29 97 10 74 58 58 46 71 6 5 7 84 86 73 46 8 34 
44 10 87 41 16 29 36 67 91 7 23 85 49 73 30 26 79 59 8 47 59 0 82 38 83 96 77 83 8 29 95 72 95 54 9 59 37 61 18 83 75 98 
36 11 0 30 86 51 70 62 14 100 33 4 11 16 81 37 32 46 28 24 2 82 0 12 29 74 27 31 97 24 25 59 38 33 0 0 12 60 42 23 24 44 
88 97 87 45 98 13 70 87 39 13 95 21 42 63 90 72 57 98 83 68 65 38 12 0 59 34 53 78 96 67 51 5 22 13 14 42 23 64 84 33 95 70 
61 46 21 79 74 59 30 44 19 45 21 37 60 65 61 62 6 74 73 52 59 83 29 59 0 49 99 58 26 93 61 74 3 62 65 85 40 21 60 26 69 98 
35 50 73 61 14 67 96 0 45 41 37 37 68 49 33 67 65 41 63 94 29 96 74 34 49 0 95 5 36 13 100 65 45 14 42 85 22 0 70 4 77 34 
52 53 71 79 22 33 14 30 24 14 14 42 72 70 12 62 78 29 5 81 97 77 27 53 99 95 0 92 67 5 44 94 5 65 45 42 25 24 20 98 80 2 
2 91 15 7 80 27 42 83 63 94 11 41 2 28 63 8 43 11 56 92 10 83 31 78 58 5 92 0 71 94 0 13 17 44 39 80 8 86 5 76 82 49 
66 92 75 39 80 95 81 67 98 36 77 88 31 24 8 32 24 5 77 40 74 8 97 96 26 36 67 71 0 23 2 49 21 87 38 39 23 37 49 76 84 59 
62 55 61 68 7 46 45 97 49 92 27 24 27 90 3 59 2 0 13 93 58 29 24 67 93 13 5 94 23 0 42 15 8 45 61 8 17 43 52 81 17 56 
71 75 72 41 91 85 74 82 60 68 38 73 100 51 12 53 22 26 95 65 58 95 25 51 61 100 44 0 2 42 0 91 12 83 1 62 38 46 73 12 33 11 
26 84 2 8 80 88 82 73 29 67 72 46 26 11 84 40 43 25 70 79 46 72 59 5 74 65 94 13 49 15 91 0 17 25 53 29 13 1 33 58 2 3 
90 36 75 5 54 44 1 63 80 41 71 91 82 89 1 77 31 30 43 83 71 95 38 22 3 45 5 17 21 8 12 17 0 57 81 44 4 19 99 33 69 49 
88 28 95 50 83 48 55 24 50 17 34 28 64 11 34 40 81 90 11 80 6 54 33 13 62 14 65 44 87 45 83 25 57 0 16 40 51 21 34 83 94 68 
3 39 64 44 17 69 25 6 29 3 77 88 61 69 79 85 42 75 48 10 5 9 0 14 65 42 45 39 38 61 1 53 81 16 0 13 97 100 29 43 31 65 
91 33 79 92 43 55 44 75 35 7 76 52 0 83 68 10 47 48 76 55 7 59 0 42 85 85 42 80 39 8 62 29 44 40 13 0 69 88 17 78 77 70 
10 12 67 68 63 92 36 85 53 37 76 93 97 33 42 37 99 89 89 89 84 37 12 23 40 22 25 8 23 17 38 13 4 51 97 69 0 75 78 99 61 94 
50 58 12 86 17 73 2 86 33 49 95 57 47 81 19 20 21 48 12 8 86 61 60 64 21 0 24 86 37 43 46 1 19 21 100 88 75 0 68 92 66 66 
60 85 29 6 65 39 38 48 30 96 100 54 49 51 78 64 41 71 59 64 73 18 42 84 60 70 20 5 49 52 73 33 99 34 29 17 78 68 0 71 10 62 
73 27 85 83 64 27 64 46 79 66 53 56 82 35 55 45 54 76 35 50 46 83 23 33 26 4 98 76 76 81 12 58 33 83 43 78 99 92 71 0 99 23 
34 83 100 48 77 15 10 59 36 35 50 65 52 21 62 26 49 22 7 73 8 75 24 95 69 77 80 82 84 17 33 2 69 94 31 77 61 66 10 99 0 94 
86 30 61 74 32 93 62 95 96 85 84 28 29 28 52 10 16 86 18 78 34 98 44 70 98 34 2 49 59 56 11 3 49 68 65 70 94 66 62 23 94 0 
RRBRRRRRRBBRRBBRBBBRBBRRBRBBBBBRRRBBRBRBRB
