48
0 19 32 32 83 20 99 51 87 2 78 48 52 82 83 64 95 16 83 2 69 58 72 61 90 51 28 91 9 81 64 66 65 41 24 96 100 59 84 94 80 33 26 31 84 63 54 41 
19 0 39 44 11 15 34 15 2 24 86 18 41 94 76 85 53 8 44 12 74 12 72 67 63 57 12 67 46 96 83 12 22 35 100 46 87 86 22 71 89 92 6 72 79 75 77 55 
32 39 0 39 7 54 43 43 54 70 27 76 51 67 68 53 54 8 11 10 24 18 67 55 7 98 42 95 79 80 45 32 46 51 88 89 74 4 62 27 54 62 43 70 45 99 31 39 
32 44 39 0 36 73 94 2 57 70 94 19 28 69 45 21 99 23 11 48 54 54 8 5 14 17 88 22 55 40 3 39 75 58 0 38 37 26 62 81 52 14 70 19 30 3 88 65 
83 11 7 36 0 32 6 19 57 36 8 2 88 78 4 18 67 95 60 22 13 64 75 16 24 29 46 63 59 24 89 22 46 10 59 78 59 2 77 37 96 46 4 55 29 93 28 23 
20 15 54 73 32 0 28 4 22 73 29 23 56 80 72 20 67 21 52 31 100 38 13 47 72 33 97 85 93 47 41 50 73 81 15 9 33 79 33 65 26 23 78 9 85 1 31 78 
99 34 43 94 6 28 0 24 77 44 46 55 85 90 91 13 13 11 40 53 36 95 89 87 52 54 50 98 67 83 12 49 16 96 3 33 53 79 13 29 43 4 89 27 5 87 39 41 
51 15 43 2 19 4 24 0 4 32 10 38 33 7 3 33 3 34 40 49 21 96 84 47 95 24 42 58 97 9 63 35 90 19 9 4 56 80 39 58 83 39 24 15 21 57 82 63 
87 2 54 57 57 22 77 4 0 32 86 70 93 13 66 97 18 55 95 47 28 62 9 8 36 14 34 30 81 81 88 82 92 52 95 41 33 71 34 17 50 58 35 35 8 3 18 53 
2 24 70 70 36 73 44 32 32 0 65 6 63 99 87 8 2 1 77 62 36 51 76 29 12 12 94 0 45 85 56 84 43 37 97 85 30 48 16 95 67 94 59 95 16 59 45 73 
78 86 27 94 8 29 46 10 86 65 0 38 10 45 58 64 84 24 96 93 43 64 64 25 62 43 77 83 41 25 19 82 49 71 91 61 64 14 40 79 56 41 38 92 77 88 68 56 
48 18 76 19 2 23 55 38 70 6 38 0 65 80 19 53 40 46 61 91 45 79 99 2 32 41 12 94 80 75 3 38 75 13 87 65 4 96 52 38 81 29 58 33 0 85 64 12 
52 41 51 28 88 56 85 33 93 63 10 65 0 55 30 15 54 64 53 34 60 24 32 73 1 86 41 67 64 55 66 65 57 67 65 0 29 95 87 24 99 78 38 64 62 5 40 28 
82 94 67 69 78 80 90 7 13 99 45 80 55 0 25 3 94 34 98 64 64 93 66 55 29 73 54 11 14 16 5 91 23 90 67 100 98 0 27 57 92 62 32 95 3 81 2 20 
83 76 68 45 4 72 91 3 66 87 58 19 30 25 0 4 75 10 15 46 81 31 17 93 74 62 5 88 65 39 56 37 71 92 84 27 97 53 95 63 61 72 3 8 83 88 81 89 
64 85 53 21 18 20 13 33 97 8 64 53 15 3 4 0 83 75 97 54 26 6 55 12 24 33 59 66 16 79 27 4 53 35 7 19 23 22 0 37 55 76 31 41 23 4 41 95 
95 53 54 99 67 67 13 3 18 2 84 40 54 94 75 83 0 88 62 79 95 85 100 54 22 79 26 17 37 48 7 70 55 24 87 96 34 64 60 76 35 0 83 80 46 32 23 41 
16 8 8 23 95 21 11 34 55 1 24 46 64 34 10 75 88 0 35 34 17 31 52 6 48 6 53 7 56 39 58 29 70 77 50 71 59 37 93 9 85 96 12 42 34 72 15 54 
83 44 11 11 60 52 40 40 95 77 96 61 53 98 15 97 62 35 0 3 65 21 22 47 60 72 76 68 21 26 26 57 77 55 22 53 67 21 1 9 31 38 28 1 77 88 36 24 
2 12 10 48 22 31 53 49 47 62 93 91 34 64 46 54 79 34 3 0 40 28 78 17 45 84 86 10 74 100 29 81 63 90 94 46 95 69 49 97 46 79 41 48 97 39 4 16 
69 74 24 54 13 100 36 21 28 36 43 45 60 64 81 26 95 17 65 40 0 74 78 47 36 48 96 27 14 65 39 11 78 27 78 34 54 16 61 80 9 47 53 17 32 2 26 100 
58 12 18 54 64 38 95 96 62 51 64 79 24 93 31 6 85 31 21 28 74 0 43 56 25 14 17 34 29 54 48 33 78 79 63 92 97 95 38 86 81 97 66 55 85 46 68 42 
72 72 67 8 75 13 89 84 9 76 64 99 32 66 17 55 100 52 22 78 78 43 0 4 5 48 82 74 40 63 42 22 69 65 27 39 65 56 22 16 93 89 27 49 20 15 0 51 
61 67 55 5 16 47 87 47 8 29 25 2 73 55 93 12 54 6 47 17 47 56 4 0 64 58 77 93 70 91 82 10 79 32 52 91 91 20 8 27 65 10 22 15 20 79 33 21 
90 63 7 14 24 72 52 95 36 12 62 32 1 29 74 24 22 48 60 45 36 25 5 64 0 71 56 8 41 62 11 94 32 40 7 66 61 37 42 46 55 74 76 85 98 93 77 65 
51 57 98 17 29 33 54 24 14 12 43 41 86 73 62 33 79 6 72 84 48 14 48 58 71 0 30 11 13 76 17 52 96 11 98 8 66 59 21 13 87 25 45 22 89 2 73 41 
28 12 42 88 46 97 50 42 34 94 77 12 41 54 5 59 26 53 76 86 96 17 82 77 56 30 0 51 59 9 35 53 85 3 16 23 52 79 12 66 36 29 63 54 26 5 16 72 
91 67 95 22 63 85 98 58 30 0 83 94 67 11 88 66 17 7 68 10 27 34 74 93 8 11 51 0 85 67 21 69 12 69 2 57 1 53 31 5 37 94 49 52 71 89 12 92 
9 46 79 55 59 93 67 97 81 45 41 80 64 14 65 16 37 56 21 74 14 29 40 70 41 13 59 85 0 20 39 25 68 45 61 6 77 24 35 11 7 61 61 97 66 53 27 5 
81 96 80 40 24 47 83 9 81 85 25 75 55 16 39 79 48 39 26 100 65 54 63 91 62 76 9 67 20 0 42 91 48 79 100 57 78 14 42 29 37 31 39 63 38 64 12 36 
64 83 45 3 89 41 12 63 88 56 19 3 66 5 56 27 7 58 26 29 39 48 42 82 11 17 35 21 39 42 0 3 85 81 31 25 23 98 27 81 99 56 89 83 57 53 45 59 
66 12 32 39 22 50 49 35 82 84 82 38 65 91 37 4 70 29 57 81 11 33 22 10 94 52 53 69 25 91 3 0 2 53 76 15 34 40 62 79 16 77 72 40 18 31 76 45 
65 22 46 75 46 73 16 90 92 43 49 75 57 23 71 53 55 70 77 63 78 78 69 79 32 96 85 12 68 48 85 2 0 100 13 81 51 36 18 55 86 81 98 19 6 22 77 64 
41 35 51 58 10 81 96 19 52 37 71 13 67 90 92 35 24 77 55 90 27 79 65 32 40 11 3 69 45 79 81 53 100 0 86 37 8 17 22 6 39 90 32 33 35 62 15 56 
24 100 88 0 59 15 3 9 95 97 91 87 65 67 84 7 87 50 22 94 78 63 27 52 7 98 16 2 61 100 31 76 13 86 0 89 65 96 88 49 51 6 45 68 13 29 89 98 
96 46 89 38 78 9 33 4 41 85 61 65 0 100 27 19 96 71 53 46 34 92 39 91 66 8 23 57 6 57 25 15 81 37 89 0 85 25 5 1 18 14 73 79 60 56 21 94 
100 87 74 37 59 33 53 56 33 30 64 4 29 98 97 23 34 59 67 95 54 97 65 91 61 66 52 1 77 78 23 34 51 8 65 85 0 73 82 70 14 70 66 63 46 16 1 58 
59 86 4 26 2 79 79 80 71 48 14 96 95 0 53 22 64 37 21 69 16 95 56 20 37 59 79 53 24 14 98 40 36 17 96 25 73 0 56 21 41 87 20 30 96 65 35 44 
84 22 62 62 77 33 13 39 34 16 40 52 87 27 95 0 60 93 1 49 61 38 22 8 42 21 12 31 35 42 27 62 18 22 88 5 82 56 0 19 74 65 92 22 93 97 65 19 
94 71 27 81 37 65 29 58 17 95 79 38 24 57 63 37 76 9 9 97 80 86 16 27 46 13 66 5 11 29 81 79 55 6 49 1 70 21 19 0 20 64 5 13 33 30 31 28 
80 89 54 52 96 26 43 83 50 67 56 81 99 92 61 55 35 85 31 46 9 81 93 65 55 87 36 37 7 37 99 16 86 39 51 18 14 41 74 20 0 33 100 5 27 18 46 12 
33 92 62 14 46 23 4 39 58 94 41 29 78 62 72 76 0 96 38 79 47 97 89 10 74 25 29 94 61 31 56 77 81 90 6 14 70 87 65 64 33 0 88 44 41 98 88 64 
26 6 43 70 4 78 89 24 35 59 38 58 38 32 3 31 83 12 28 41 53 66 27 22 76 45 63 49 61 39 89 72 98 32 45 73 66 20 92 5 100 88 0 59 19 8 17 79 
31 72 70 19 55 9 27 15 35 95 92 33 64 95 8 41 80 42 1 48 17 55 49 15 85 22 54 52 97 63 83 40 19 33 68 79 63 30 22 13 5 44 59 0 0 33 29 44 
84 79 45 30 29 85 5 21 8 16 77 0 62 3 83 23 46 34 77 97 32 85 20 20 98 89 26 71 66 38 57 18 6 35 13 60 46 96 93 33 27 41 19 0 0 56 95 67 
63 75 99 3 93 1 87 57 3 59 88 85 5 81 88 4 32 72 88 39 2 46 15 79 93 2 5 89 53 64 53 31 22 62 29 56 16 65 97 30 18 98 8 33 56 0 74 58 
54 77 31 88 28 31 39 82 18 45 68 64 40 2 81 41 23 15 36 4 26 68 0 33 77 73 16 12 27 12 45 76 77 15 89 21 1 35 65 31 46 88 17 29 95 74 0 25 
41 55 39 65 23 78 41 63 53 73 56 12 28 20 89 95 41 54 24 16 100 42 51 21 65 41 72 92 5 36 59 45 64 56 98 94 58 44 19 28 12 64 79 44 67 58 25 0 
RRRRRRRBBRBRRRBRBBRBRBRBBRBBRBRRBRBRRRBRBBBBBBBB
