44
0 46 33 60 23 58 78 70 36 86 66 10 7 71 97 23 7 33 91 9 32 14 85 5 59 52 84 92 35 31 70 14 43 84 14 72 84 88 72 33 61 30 59 80 
46 0 43 26 82 91 93 51 14 4 64 24 0 13 61 31 60 91 10 6 80 9 69 20 79 66 53 89 69 30 71 62 79 37 98 41 95 12 74 78 52 49 3 57 
33 43 0 86 29 87 73 81 59 50 33 82 8 29 21 76 77 57 5 98 86 46 56 0 8 31 83 77 44 52 0 63 22 4 74 57 43 56 26 14 4 34 79 53 
60 26 86 0 86 14 61 77 86 58 26 78 73 82 68 7 17 19 25 5 15 10 17 99 87 75 6 22 15 9 2 81 70 96 84 42 78 21 36 4 66 15 94 80 
23 82 29 86 0 93 95 85 64 18 25 54 81 100 4 83 57 8 74 79 49 13 78 14 76 26 74 65 5 90 76 64 68 10 100 89 99 54 7 80 93 53 60 96 
58 91 87 14 93 0 1 88 14 59 13 80 72 53 80 73 34 15 4 18 29 53 68 19 93 11 43 45 20 35 27 91 0 23 26 9 58 26 70 27 57 22 92 21 
78 93 73 61 95 1 0 35 63 24 59 27 6 31 6 100 52 68 80 23 38 81 80 76 35 69 86 85 8 40 15 91 59 11 73 67 45 74 71 32 71 10 93 20 
70 51 81 77 85 88 35 0 44 69 89 98 62 95 16 94 87 45 13 86 72 98 76 46 89 3 8 53 86 3 78 10 96 63 16 26 36 24 52 40 32 24 98 99 
36 14 59 86 64 14 63 44 0 13 74 50 89 19 86 73 1 35 25 85 9 33 44 18 37 86 17 26 81 27 38 55 2 14 52 9 91 59 23 94 86 69 79 13 
86 4 50 58 18 59 24 69 13 0 84 64 23 25 72 10 45 47 70 12 81 12 96 65 80 60 21 35 60 15 34 30 16 26 7 90 53 66 97 87 10 91 48 45 
66 64 33 26 25 13 59 89 74 84 0 83 19 23 86 100 36 18 68 44 32 71 95 37 95 27 46 38 82 61 5 95 50 21 32 84 37 47 38 95 50 27 5 27 
10 24 82 78 54 80 27 98 50 64 83 0 3 21 17 16 68 50 24 62 30 81 89 31 28 67 72 73 100 22 91 53 3 9 42 39 14 70 39 13 82 76 3 73 
7 0 8 73 81 72 6 62 89 23 19 3 0 76 67 16 70 64 49 4 54 52 48 64 26 11 80 55 84 17 74 69 4 35 85 24 31 93 18 16 75 8 3 61 
71 13 29 82 100 53 31 95 19 25 23 21 76 0 92 85 46 49 32 93 85 69 73 99 31 0 56 43 98 5 76 27 90 56 37 8 59 39 31 27 43 46 87 9 
97 61 21 68 4 80 6 16 86 72 86 17 67 92 0 46 3 52 70 100 29 11 68 5 41 38 39 81 26 97 44 61 80 63 19 35 31 32 42 39 70 83 3 31 
23 31 76 7 83 73 100 94 73 10 100 16 16 85 46 0 17 87 39 5 21 62 84 6 46 41 68 27 100 15 66 68 52 64 88 15 23 20 54 3 59 79 93 19 
7 60 77 17 57 34 52 87 1 45 36 68 70 46 3 17 0 74 75 99 19 79 6 20 66 62 94 0 6 34 75 39 0 20 79 28 86 24 18 78 14 75 98 94 
33 91 57 19 8 15 68 45 35 47 18 50 64 49 52 87 74 0 1 84 88 85 8 60 38 51 6 71 89 42 6 88 8 24 98 43 47 64 82 55 1 24 27 36 
91 10 5 25 74 4 80 13 25 70 68 24 49 32 70 39 75 1 0 83 16 87 73 22 75 88 16 67 20 74 28 18 95 61 6 32 14 7 38 17 55 93 99 10 
9 6 98 5 79 18 23 86 85 12 44 62 4 93 100 5 99 84 83 0 37 31 75 68 16 5 98 49 61 47 39 22 77 28 56 7 85 96 52 1 4 24 55 51 
32 80 86 15 49 29 38 72 9 81 32 30 54 85 29 21 19 88 16 37 0 8 18 67 90 81 4 46 30 16 64 43 15 59 42 62 71 82 1 10 91 75 10 30 
14 9 46 10 13 53 81 98 33 12 71 81 52 69 11 62 79 85 87 31 8 0 24 89 67 6 86 71 68 96 22 53 92 74 4 94 53 25 75 34 29 98 27 49 
85 69 56 17 78 68 80 76 44 96 95 89 48 73 68 84 6 8 73 75 18 24 0 52 31 82 46 58 54 36 33 53 4 74 59 99 53 34 66 35 87 96 28 74 
5 20 0 99 14 19 76 46 18 65 37 31 64 99 5 6 20 60 22 68 67 89 52 0 68 96 30 16 10 28 12 58 38 16 5 89 56 42 65 23 99 89 2 94 
59 79 8 87 76 93 35 89 37 80 95 28 26 31 41 46 66 38 75 16 90 67 31 68 0 48 24 49 52 35 74 100 87 92 34 53 49 48 73 91 25 18 34 29 
52 66 31 75 26 11 69 3 86 60 27 67 11 0 38 41 62 51 88 5 81 6 82 96 48 0 74 50 23 62 17 60 70 8 12 13 36 87 31 97 39 64 54 56 
84 53 83 6 74 43 86 8 17 21 46 72 80 56 39 68 94 6 16 98 4 86 46 30 24 74 0 11 6 55 68 31 36 54 83 62 99 96 65 42 5 63 1 8 
92 89 77 22 65 45 85 53 26 35 38 73 55 43 81 27 0 71 67 49 46 71 58 16 49 50 11 0 61 62 22 23 62 6 44 29 10 31 0 25 29 20 85 10 
35 69 44 15 5 20 8 86 81 60 82 100 84 98 26 100 6 89 20 61 30 68 54 10 52 23 6 61 0 35 95 60 49 6 67 45 54 47 24 89 12 67 29 87 
31 30 52 9 90 35 40 3 27 15 61 22 17 5 97 15 34 42 74 47 16 96 36 28 35 62 55 62 35 0 74 90 47 15 100 57 37 1 7 65 5 29 39 87 
70 71 0 2 76 27 15 78 38 34 5 91 74 76 44 66 75 6 28 39 64 22 33 12 74 17 68 22 95 74 0 63 93 84 23 68 51 41 16 56 38 39 7 33 
14 62 63 81 64 91 91 10 55 30 95 53 69 27 61 68 39 88 18 22 43 53 53 58 100 60 31 23 60 90 63 0 25 38 53 65 35 6 88 40 79 0 71 6 
43 79 22 70 68 0 59 96 2 16 50 3 4 90 80 52 0 8 95 77 15 92 4 38 87 70 36 62 49 47 93 25 0 50 15 46 12 96 9 42 22 45 25 58 
84 37 4 96 10 23 11 63 14 26 21 9 35 56 63 64 20 24 61 28 59 74 74 16 92 8 54 6 6 15 84 38 50 0 20 49 57 3 20 94 10 75 9 21 
14 98 74 84 100 26 73 16 52 7 32 42 85 37 19 88 79 98 6 56 42 4 59 5 34 12 83 44 67 100 23 53 15 20 0 19 8 49 48 42 6 79 62 86 
72 41 57 42 89 9 67 26 9 90 84 39 24 8 35 15 28 43 32 7 62 94 99 89 53 13 62 29 45 57 68 65 46 49 19 0 21 58 3 16 48 30 34 92 
84 95 43 78 99 58 45 36 91 53 37 14 31 59 31 23 86 47 14 85 71 53 53 56 49 36 99 10 54 37 51 35 12 57 8 21 0 65 93 10 54 14 84 89 
88 12 56 21 54 26 74 24 59 66 47 70 93 39 32 20 24 64 7 96 82 25 34 42 48 87 96 31 47 1 41 6 96 3 49 58 65 0 15 71 40 17 49 15 
72 74 26 36 7 70 71 52 23 97 38 39 18 31 42 54 18 82 38 52 1 75 66 65 73 31 65 0 24 7 16 88 9 20 48 3 93 15 0 13 2 9 96 26 
33 78 14 4 80 27 32 40 94 87 95 13 16 27 39 3 78 55 17 1 10 34 35 23 91 97 42 25 89 65 56 40 42 94 42 16 10 71 13 0 48 97 56 29 
61 52 4 66 93 57 71 32 86 10 50 82 75 43 70 59 14 1 55 4 91 29 87 99 25 39 5 29 12 5 38 79 22 10 6 48 54 40 2 48 0 51 71 4 
30 49 34 15 53 22 10 24 69 91 27 76 8 46 83 79 75 24 93 24 75 98 96 89 18 64 63 20 67 29 39 0 45 75 79 30 14 17 9 97 51 0 74 69 
59 3 79 94 60 92 93 98 79 48 5 3 3 87 3 93 98 27 99 55 10 27 28 2 34 54 1 85 29 39 7 71 25 9 62 34 84 49 96 56 71 74 0 55 
80 57 53 80 96 21 20 99 13 45 27 73 61 9 31 19 94 36 10 51 30 49 74 94 29 56 8 10 87 87 33 6 58 21 86 92 89 15 26 29 4 69 55 0 
RBRBRBBRBRRRRRRRBBBBRRRBRBBRBRBBBBRRRRBBBBBR
