36
0 89 78 91 51 66 25 22 82 71 52 96 33 83 81 14 86 12 2 27 39 8 12 27 18 70 86 13 15 93 61 7 15 53 69 73 
89 0 97 15 53 9 13 79 54 10 52 29 85 15 80 51 73 22 0 74 27 49 0 14 52 66 18 99 66 52 95 73 61 100 94 89 
78 97 0 53 3 3 0 25 80 37 17 10 61 36 56 36 76 40 9 76 89 3 2 45 97 62 86 57 76 1 37 23 4 50 0 59 
91 15 53 0 49 20 85 33 48 28 5 46 59 46 44 57 92 80 22 55 4 91 94 62 59 11 63 64 25 31 16 69 4 79 60 91 
51 53 3 49 0 69 58 44 65 89 89 57 84 80 18 98 14 25 50 37 11 90 96 87 92 61 37 57 96 90 84 68 66 1 58 92 
66 9 3 20 69 0 98 77 77 39 16 73 50 97 96 21 65 29 80 1 14 88 81 63 13 71 27 37 52 74 3 66 85 19 62 32 
25 13 0 85 58 98 0 32 94 75 48 50 5 43 58 40 65 15 32 64 5 67 37 11 37 24 44 73 74 11 62 90 86 53 58 9 
22 79 25 33 44 77 32 0 99 23 66 1 76 12 83 81 9 89 34 52 5 66 52 27 54 74 57 61 6 70 91 83 55 5 30 48 
82 54 80 48 65 77 94 99 0 10 42 68 71 17 17 2 41 5 68 54 32 69 91 38 92 5 7 70 94 3 87 6 53 37 15 76 
71 10 37 28 89 39 75 23 10 0 90 68 58 10 83 41 71 33 74 4 1 24 95 39 62 76 5 8 74 26 21 84 63 92 22 16 
52 52 17 5 89 16 48 66 42 90 0 87 77 49 45 55 14 43 10 73 72 54 79 27 26 51 28 66 31 12 51 81 17 85 29 96 
96 29 10 46 57 73 50 1 68 68 87 0 74 43 77 25 48 23 57 39 91 92 30 71 31 33 71 25 48 45 62 78 37 96 15 60 
33 85 61 59 84 50 5 76 71 58 77 74 0 23 36 9 82 13 16 100 50 83 78 28 40 64 16 99 32 29 36 11 47 49 98 61 
83 15 36 46 80 97 43 12 17 10 49 43 23 0 40 91 87 56 68 16 49 20 54 94 58 97 17 82 93 15 60 71 13 18 31 64 
81 80 56 44 18 96 58 83 17 83 45 77 36 40 0 47 92 17 35 54 36 96 93 44 3 44 23 68 80 66 46 25 68 4 29 43 
14 51 36 57 98 21 40 81 2 41 55 25 9 91 47 0 54 26 80 89 11 10 57 17 45 73 45 34 14 75 34 87 33 7 61 75 
86 73 76 92 14 65 65 9 41 71 14 48 82 87 92 54 0 5 43 18 49 55 7 59 46 83 17 92 5 8 5 86 28 88 54 14 
12 22 40 80 25 29 15 89 5 33 43 23 13 56 17 26 5 0 6 53 19 46 63 95 30 11 98 28 69 85 47 21 94 88 70 45 
2 0 9 22 50 80 32 34 68 74 10 57 16 68 35 80 43 6 0 58 67 4 17 56 23 57 62 39 82 68 48 52 80 0 97 68 
27 74 76 55 37 1 64 52 54 4 73 39 100 16 54 89 18 53 58 0 37 55 62 55 42 32 18 46 32 81 50 76 77 63 71 69 
39 27 89 4 11 14 5 5 32 1 72 91 50 49 36 11 49 19 67 37 0 36 55 82 5 85 25 29 97 30 25 66 61 28 47 50 
8 49 3 91 90 88 67 66 69 24 54 92 83 20 96 10 55 46 4 55 36 0 87 17 21 32 26 89 77 28 1 29 50 64 38 29 
12 0 2 94 96 81 37 52 91 95 79 30 78 54 93 57 7 63 17 62 55 87 0 35 9 52 56 7 37 29 62 47 53 83 17 47 
27 14 45 62 87 63 11 27 38 39 27 71 28 94 44 17 59 95 56 55 82 17 35 0 8 1 100 64 3 35 8 21 45 41 34 66 
18 52 97 59 92 13 37 54 92 62 26 31 40 58 3 45 46 30 23 42 5 21 9 8 0 94 3 37 51 42 19 71 61 33 15 15 
70 66 62 11 61 71 24 74 5 76 51 33 64 97 44 73 83 11 57 32 85 32 52 1 94 0 90 50 73 64 4 62 100 64 14 91 
86 18 86 63 37 27 44 57 7 5 28 71 16 17 23 45 17 98 62 18 25 26 56 100 3 90 0 51 43 35 21 42 14 13 10 58 
13 99 57 64 57 37 73 61 70 8 66 25 99 82 68 34 92 28 39 46 29 89 7 64 37 50 51 0 80 95 38 7 22 88 70 93 
15 66 76 25 96 52 74 6 94 74 31 48 32 93 80 14 5 69 82 32 97 77 37 3 51 73 43 80 0 44 25 19 48 22 48 32 
93 52 1 31 90 74 11 70 3 26 12 45 29 15 66 75 8 85 68 81 30 28 29 35 42 64 35 95 44 0 46 62 10 39 39 12 
61 95 37 16 84 3 62 91 87 21 51 62 36 60 46 34 5 47 48 50 25 1 62 8 19 4 21 38 25 46 0 24 21 61 18 28 
7 73 23 69 68 66 90 83 6 84 81 78 11 71 25 87 86 21 52 76 66 29 47 21 71 62 42 7 19 62 24 0 42 60 60 3 
15 61 4 4 66 85 86 55 53 63 17 37 47 13 68 33 28 94 80 77 61 50 53 45 61 100 14 22 48 10 21 42 0 46 70 1 
53 100 50 79 1 19 53 5 37 92 85 96 49 18 4 7 88 88 0 63 28 64 83 41 33 64 13 88 22 39 61 60 46 0 8 76 
69 94 0 60 58 62 58 30 15 22 29 15 98 31 29 61 54 70 97 71 47 38 17 34 15 14 10 70 48 39 18 60 70 8 0 84 
73 89 59 91 92 32 9 48 76 16 96 60 61 64 43 75 14 45 68 69 50 29 47 66 15 91 58 93 32 12 28 3 1 76 84 0 
RBRBBRRRBBBBRRBRRBBRRBBBRRBBRRBRRBBR
