50
0 45 22 33 41 100 70 62 72 56 55 48 51 46 35 12 74 40 4 83 100 68 51 24 94 64 81 99 30 4 75 68 72 2 38 50 8 66 39 7 60 39 35 34 72 56 51 33 70 31 
45 0 49 76 68 56 66 88 9 85 57 14 66 1 52 15 92 37 71 14 66 20 79 74 76 65 78 53 78 47 34 50 8 65 41 7 49 19 36 2 0 21 90 3 50 59 34 8 82 10 
22 49 0 44 40 42 42 28 71 84 89 66 25 34 13 84 2 47 59 32 29 94 45 27 46 68 94 42 90 47 37 78 10 22 97 26 30 7 25 80 40 91 5 24 56 80 38 92 84 29 
33 76 44 0 36 75 100 46 87 92 55 55 54 99 81 23 55 86 14 85 22 58 2 95 31 2 27 36 11 10 20 75 23 48 99 54 44 33 95 57 51 13 28 74 33 54 24 100 5 97 
41 68 40 36 0 38 81 48 81 88 48 42 41 78 58 31 47 32 89 80 14 39 34 9 80 98 46 32 59 54 33 30 17 57 46 63 54 24 21 30 76 95 88 14 76 99 46 18 93 40 
100 56 42 75 38 0 19 18 20 36 89 14 57 58 94 18 72 42 33 71 89 67 79 51 29 23 7 100 85 64 24 46 49 61 3 78 93 68 55 55 5 88 48 34 97 45 78 85 49 82 
70 66 42 100 81 19 0 77 3 31 53 8 75 94 32 43 86 79 100 97 39 80 49 40 54 88 60 14 65 71 52 44 69 11 53 36 5 9 26 50 90 49 31 56 95 3 32 7 24 21 
62 88 28 46 48 18 77 0 84 6 30 47 78 69 71 87 80 87 21 16 81 87 93 61 25 95 21 19 14 81 1 11 12 64 75 9 21 63 55 60 26 4 13 86 34 1 27 39 73 56 
72 9 71 87 81 20 3 84 0 35 39 38 71 55 62 65 92 74 15 92 19 75 95 17 50 41 85 78 18 28 66 63 86 13 74 18 82 15 81 50 87 59 44 97 96 99 78 46 19 92 
56 85 84 92 88 36 31 6 35 0 88 27 88 27 72 17 74 62 32 77 83 9 27 99 35 92 77 87 15 16 81 95 22 63 45 52 17 25 42 69 9 55 26 45 97 73 79 17 20 1 
55 57 89 55 48 89 53 30 39 88 0 100 23 92 52 57 81 44 70 83 81 36 43 25 38 17 33 23 63 2 12 91 40 37 14 90 90 83 5 76 87 93 99 10 66 19 21 72 15 21 
48 14 66 55 42 14 8 47 38 27 100 0 72 26 12 100 37 50 1 69 0 17 61 44 58 94 43 36 88 96 80 84 72 69 23 61 58 77 61 58 37 60 57 90 55 48 99 83 17 51 
51 66 25 54 41 57 75 78 71 88 23 72 0 85 12 35 61 7 11 66 1 17 7 89 18 99 33 17 8 64 74 33 35 81 49 53 38 88 55 57 68 1 70 95 76 100 47 18 18 9 
46 1 34 99 78 58 94 69 55 27 92 26 85 0 46 22 63 85 0 0 86 37 17 45 98 48 38 82 31 15 10 81 31 46 26 4 28 100 0 22 62 31 85 36 46 88 54 11 92 9 
35 52 13 81 58 94 32 71 62 72 52 12 12 46 0 93 60 51 15 81 33 57 84 81 60 32 58 46 33 44 49 51 56 60 73 30 99 8 35 47 29 92 48 9 35 25 87 70 46 56 
12 15 84 23 31 18 43 87 65 17 57 100 35 22 93 0 56 70 13 46 50 20 21 11 32 46 16 79 31 21 98 23 71 29 56 24 44 73 88 77 24 81 26 9 15 68 27 46 76 93 
74 92 2 55 47 72 86 80 92 74 81 37 61 63 60 56 0 16 39 70 96 53 51 81 84 49 52 34 39 40 73 98 3 78 50 88 42 49 57 29 97 43 83 49 49 81 36 13 37 46 
40 37 47 86 32 42 79 87 74 62 44 50 7 85 51 70 16 0 52 4 11 26 57 30 53 63 85 2 80 3 49 80 94 35 1 60 82 14 6 35 59 22 67 83 44 82 39 1 77 74 
4 71 59 14 89 33 100 21 15 32 70 1 11 0 15 13 39 52 0 29 2 14 13 60 30 19 25 76 0 68 81 39 10 56 11 31 98 3 68 72 17 2 86 45 38 79 95 80 69 15 
83 14 32 85 80 71 97 16 92 77 83 69 66 0 81 46 70 4 29 0 1 32 78 49 68 91 21 23 38 85 2 42 34 19 92 80 98 7 5 33 0 41 38 71 64 45 58 98 70 81 
100 66 29 22 14 89 39 81 19 83 81 0 1 86 33 50 96 11 2 1 0 35 19 36 1 67 72 89 35 75 65 65 26 41 100 98 7 93 26 5 18 68 90 21 7 33 53 59 27 52 
68 20 94 58 39 67 80 87 75 9 36 17 17 37 57 20 53 26 14 32 35 0 5 36 66 65 57 14 37 39 42 12 89 35 21 57 98 51 72 73 65 84 4 92 39 54 42 59 87 59 
51 79 45 2 34 79 49 93 95 27 43 61 7 17 84 21 51 57 13 78 19 5 0 74 92 7 10 84 63 19 79 60 31 81 97 80 9 95 99 65 62 68 85 36 74 30 27 11 32 35 
24 74 27 95 9 51 40 61 17 99 25 44 89 45 81 11 81 30 60 49 36 36 74 0 68 44 21 100 39 82 59 18 49 72 64 87 11 94 14 27 61 35 52 74 21 52 78 5 85 23 
94 76 46 31 80 29 54 25 50 35 38 58 18 98 60 32 84 53 30 68 1 66 92 68 0 56 27 36 40 19 94 51 67 67 16 94 19 12 96 44 41 73 32 45 60 51 83 42 61 6 
64 65 68 2 98 23 88 95 41 92 17 94 99 48 32 46 49 63 19 91 67 65 7 44 56 0 80 40 77 48 42 98 63 38 56 33 45 42 41 93 9 42 6 80 0 42 99 87 94 65 
81 78 94 27 46 7 60 21 85 77 33 43 33 38 58 16 52 85 25 21 72 57 10 21 27 80 0 87 29 88 49 38 36 18 30 53 82 3 17 49 68 54 67 45 94 4 39 94 33 83 
99 53 42 36 32 100 14 19 78 87 23 36 17 82 46 79 34 2 76 23 89 14 84 100 36 40 87 0 62 11 8 31 7 87 34 52 15 65 23 1 64 32 61 88 99 27 22 50 73 12 
30 78 90 11 59 85 65 14 18 15 63 88 8 31 33 31 39 80 0 38 35 37 63 39 40 77 29 62 0 58 96 4 65 31 86 1 72 91 40 13 60 34 47 97 47 1 5 63 72 31 
4 47 47 10 54 64 71 81 28 16 2 96 64 15 44 21 40 3 68 85 75 39 19 82 19 48 88 11 58 0 79 22 19 18 11 45 55 17 90 16 79 17 87 51 22 20 55 66 83 83 
75 34 37 20 33 24 52 1 66 81 12 80 74 10 49 98 73 49 81 2 65 42 79 59 94 42 49 8 96 79 0 82 88 77 25 13 1 30 20 21 65 63 74 87 46 28 59 89 83 91 
68 50 78 75 30 46 44 11 63 95 91 84 33 81 51 23 98 80 39 42 65 12 60 18 51 98 38 31 4 22 82 0 62 22 89 74 35 26 19 88 13 18 72 89 95 67 39 97 78 47 
72 8 10 23 17 49 69 12 86 22 40 72 35 31 56 71 3 94 10 34 26 89 31 49 67 63 36 7 65 19 88 62 0 36 15 65 54 62 69 96 42 29 34 72 39 99 6 95 66 62 
2 65 22 48 57 61 11 64 13 63 37 69 81 46 60 29 78 35 56 19 41 35 81 72 67 38 18 87 31 18 77 22 36 0 22 72 46 89 13 8 68 76 89 47 83 5 22 37 97 8 
38 41 97 99 46 3 53 75 74 45 14 23 49 26 73 56 50 1 11 92 100 21 97 64 16 56 30 34 86 11 25 89 15 22 0 86 72 53 17 25 82 56 10 76 38 11 94 46 1 17 
50 7 26 54 63 78 36 9 18 52 90 61 53 4 30 24 88 60 31 80 98 57 80 87 94 33 53 52 1 45 13 74 65 72 86 0 5 18 12 16 74 17 90 30 41 87 82 68 7 28 
8 49 30 44 54 93 5 21 82 17 90 58 38 28 99 44 42 82 98 98 7 98 9 11 19 45 82 15 72 55 1 35 54 46 72 5 0 11 46 72 88 83 31 36 94 32 60 24 0 93 
66 19 7 33 24 68 9 63 15 25 83 77 88 100 8 73 49 14 3 7 93 51 95 94 12 42 3 65 91 17 30 26 62 89 53 18 11 0 94 61 0 79 46 80 2 97 41 60 21 66 
39 36 25 95 21 55 26 55 81 42 5 61 55 0 35 88 57 6 68 5 26 72 99 14 96 41 17 23 40 90 20 19 69 13 17 12 46 94 0 77 32 75 21 16 9 81 90 69 51 3 
7 2 80 57 30 55 50 60 50 69 76 58 57 22 47 77 29 35 72 33 5 73 65 27 44 93 49 1 13 16 21 88 96 8 25 16 72 61 77 0 81 7 39 4 90 15 58 56 76 11 
60 0 40 51 76 5 90 26 87 9 87 37 68 62 29 24 97 59 17 0 18 65 62 61 41 9 68 64 60 79 65 13 42 68 82 74 88 0 32 81 0 32 70 44 39 0 77 82 50 41 
39 21 91 13 95 88 49 4 59 55 93 60 1 31 92 81 43 22 2 41 68 84 68 35 73 42 54 32 34 17 63 18 29 76 56 17 83 79 75 7 32 0 39 28 28 56 39 44 53 55 
35 90 5 28 88 48 31 13 44 26 99 57 70 85 48 26 83 67 86 38 90 4 85 52 32 6 67 61 47 87 74 72 34 89 10 90 31 46 21 39 70 39 0 85 88 40 76 86 22 70 
34 3 24 74 14 34 56 86 97 45 10 90 95 36 9 9 49 83 45 71 21 92 36 74 45 80 45 88 97 51 87 89 72 47 76 30 36 80 16 4 44 28 85 0 94 72 82 93 12 72 
72 50 56 33 76 97 95 34 96 97 66 55 76 46 35 15 49 44 38 64 7 39 74 21 60 0 94 99 47 22 46 95 39 83 38 41 94 2 9 90 39 28 88 94 0 48 43 74 61 10 
56 59 80 54 99 45 3 1 99 73 19 48 100 88 25 68 81 82 79 45 33 54 30 52 51 42 4 27 1 20 28 67 99 5 11 87 32 97 81 15 0 56 40 72 48 0 43 84 68 40 
51 34 38 24 46 78 32 27 78 79 21 99 47 54 87 27 36 39 95 58 53 42 27 78 83 99 39 22 5 55 59 39 6 22 94 82 60 41 90 58 77 39 76 82 43 43 0 30 56 77 
33 8 92 100 18 85 7 39 46 17 72 83 18 11 70 46 13 1 80 98 59 59 11 5 42 87 94 50 63 66 89 97 95 37 46 68 24 60 69 56 82 44 86 93 74 84 30 0 30 93 
70 82 84 5 93 49 24 73 19 20 15 17 18 92 46 76 37 77 69 70 27 87 32 85 61 94 33 73 72 83 83 78 66 97 1 7 0 21 51 76 50 53 22 12 61 68 56 30 0 42 
31 10 29 97 40 82 21 56 92 1 21 51 9 9 56 93 46 74 15 81 52 59 35 23 6 65 83 12 31 83 91 47 62 8 17 28 93 66 3 11 41 55 70 72 10 40 77 93 42 0 
RRBRBRRRRBBBBBBRBBRRBBRRRBRBRRRBBRBRRBRBBRBBBRBRRB
