48
0 89 58 91 5 48 27 87 61 72 77 37 33 64 82 5 52 15 63 43 65 2 94 33 19 53 90 8 26 58 87 71 17 24 36 75 12 11 89 39 2 25 43 24 73 47 94 89 
89 0 76 13 79 98 50 52 80 67 57 25 59 24 71 71 55 75 18 33 65 74 64 0 52 36 40 47 19 73 96 53 30 3 16 53 95 69 71 5 52 91 23 20 65 17 21 93 
58 76 0 20 69 79 70 20 19 46 27 42 92 87 32 27 83 17 78 99 71 45 85 32 80 96 3 71 61 36 61 5 53 14 79 67 1 14 35 68 7 53 74 33 25 84 53 51 
91 13 20 0 42 29 13 83 96 29 10 100 81 31 93 71 72 24 58 68 25 36 34 28 53 42 90 71 91 82 72 79 35 49 29 39 10 81 11 14 36 44 30 7 79 64 30 32 
5 79 69 42 0 59 40 45 59 46 72 41 30 13 10 40 37 29 30 30 54 89 57 47 60 3 45 33 100 22 54 62 24 17 31 48 76 61 40 44 46 21 28 75 61 57 95 42 
48 98 79 29 59 0 77 49 65 12 71 11 22 27 81 67 57 18 77 62 15 97 6 55 95 29 23 96 56 40 4 63 72 42 73 69 85 31 78 48 31 37 87 5 61 87 4 69 
27 50 70 13 40 77 0 36 48 66 57 2 63 3 73 20 80 82 33 85 51 13 59 66 76 90 51 99 64 5 53 39 56 33 84 64 61 24 3 94 23 93 30 3 7 93 56 88 
87 52 20 83 45 49 36 0 24 41 60 94 66 91 98 96 98 21 45 55 28 56 19 97 85 9 31 73 83 57 77 89 28 12 62 68 23 38 0 2 10 100 2 42 9 23 33 27 
61 80 19 96 59 65 48 24 0 67 23 80 7 52 10 7 21 88 7 58 68 98 37 2 52 32 67 40 80 33 3 94 51 8 80 27 14 50 51 19 16 63 72 67 75 59 86 40 
72 67 46 29 46 12 66 41 67 0 91 75 24 29 52 65 67 10 50 11 94 64 34 21 39 40 78 72 68 40 19 44 5 62 87 46 65 40 53 58 57 61 51 23 61 17 20 30 
77 57 27 10 72 71 57 60 23 91 0 72 1 30 30 39 46 52 78 24 83 41 76 14 13 66 90 21 94 100 16 62 53 83 63 30 25 8 95 64 66 47 77 18 75 30 69 4 
37 25 42 100 41 11 2 94 80 75 72 0 82 99 39 81 76 7 7 96 62 81 26 25 36 91 37 6 90 13 36 99 43 69 83 1 82 93 74 20 4 88 11 59 17 7 34 65 
33 59 92 81 30 22 63 66 7 24 1 82 0 76 5 67 43 22 7 2 33 27 81 82 95 16 29 47 43 43 43 41 84 90 3 18 71 67 29 68 86 52 83 0 77 5 91 95 
64 24 87 31 13 27 3 91 52 29 30 99 76 0 60 53 90 91 17 48 93 61 14 3 82 42 1 27 33 74 47 94 42 27 87 43 80 25 33 59 75 27 16 12 58 30 69 11 
82 71 32 93 10 81 73 98 10 52 30 39 5 60 0 36 94 63 85 47 43 45 88 34 27 4 72 83 100 79 45 93 42 39 80 26 69 54 26 55 75 39 33 26 36 57 10 48 
5 71 27 71 40 67 20 96 7 65 39 81 67 53 36 0 83 58 17 86 47 82 1 86 12 74 92 13 82 86 62 66 40 41 7 99 33 81 38 83 19 18 24 39 70 6 97 87 
52 55 83 72 37 57 80 98 21 67 46 76 43 90 94 83 0 35 40 92 4 11 36 61 75 71 19 66 96 27 1 15 96 53 44 50 41 14 9 41 89 73 59 32 66 14 39 85 
15 75 17 24 29 18 82 21 88 10 52 7 22 91 63 58 35 0 29 84 2 7 58 5 87 10 61 46 59 80 92 31 40 18 57 95 93 64 19 21 59 11 49 28 77 33 89 8 
63 18 78 58 30 77 33 45 7 50 78 7 7 17 85 17 40 29 0 42 35 92 61 56 47 42 86 13 31 8 30 86 69 76 16 65 37 95 12 91 70 56 71 93 1 81 72 21 
43 33 99 68 30 62 85 55 58 11 24 96 2 48 47 86 92 84 42 0 20 68 89 44 31 48 79 60 82 21 29 70 33 36 41 95 84 68 72 50 66 55 56 51 32 48 85 100 
65 65 71 25 54 15 51 28 68 94 83 62 33 93 43 47 4 2 35 20 0 42 58 14 55 66 0 63 33 83 72 3 92 23 44 31 36 10 26 14 82 8 14 52 51 38 69 74 
2 74 45 36 89 97 13 56 98 64 41 81 27 61 45 82 11 7 92 68 42 0 79 83 1 17 61 41 56 83 30 89 1 9 49 29 2 14 54 100 13 91 11 5 89 92 71 66 
94 64 85 34 57 6 59 19 37 34 76 26 81 14 88 1 36 58 61 89 58 79 0 27 35 13 77 59 29 95 54 50 4 88 33 14 81 98 90 44 63 77 29 53 60 84 2 29 
33 0 32 28 47 55 66 97 2 21 14 25 82 3 34 86 61 5 56 44 14 83 27 0 21 9 53 13 1 20 54 72 42 22 12 1 43 57 46 57 94 6 83 41 24 94 35 66 
19 52 80 53 60 95 76 85 52 39 13 36 95 82 27 12 75 87 47 31 55 1 35 21 0 14 76 21 20 70 35 46 3 95 30 76 34 75 50 86 60 21 55 22 69 84 87 34 
53 36 96 42 3 29 90 9 32 40 66 91 16 42 4 74 71 10 42 48 66 17 13 9 14 0 95 89 86 6 75 9 46 87 47 52 3 33 94 4 62 15 58 87 82 93 5 50 
90 40 3 90 45 23 51 31 67 78 90 37 29 1 72 92 19 61 86 79 0 61 77 53 76 95 0 40 59 56 19 90 70 39 81 30 86 37 13 34 19 41 65 25 35 40 88 93 
8 47 71 71 33 96 99 73 40 72 21 6 47 27 83 13 66 46 13 60 63 41 59 13 21 89 40 0 11 53 66 82 98 53 29 46 1 6 49 79 52 4 7 73 6 12 29 16 
26 19 61 91 100 56 64 83 80 68 94 90 43 33 100 82 96 59 31 82 33 56 29 1 20 86 59 11 0 22 44 83 98 64 7 41 13 15 92 21 13 98 69 94 33 13 64 36 
58 73 36 82 22 40 5 57 33 40 100 13 43 74 79 86 27 80 8 21 83 83 95 20 70 6 56 53 22 0 6 66 63 22 16 73 9 94 100 29 46 86 53 60 6 20 60 24 
87 96 61 72 54 4 53 77 3 19 16 36 43 47 45 62 1 92 30 29 72 30 54 54 35 75 19 66 44 6 0 3 5 2 87 97 85 72 46 27 39 59 56 62 82 76 24 47 
71 53 5 79 62 63 39 89 94 44 62 99 41 94 93 66 15 31 86 70 3 89 50 72 46 9 90 82 83 66 3 0 8 27 91 23 91 56 86 86 23 94 28 32 97 89 51 40 
17 30 53 35 24 72 56 28 51 5 53 43 84 42 42 40 96 40 69 33 92 1 4 42 3 46 70 98 98 63 5 8 0 61 99 93 8 7 52 92 41 25 6 18 22 13 36 15 
24 3 14 49 17 42 33 12 8 62 83 69 90 27 39 41 53 18 76 36 23 9 88 22 95 87 39 53 64 22 2 27 61 0 43 29 27 49 13 88 95 79 54 95 92 31 14 53 
36 16 79 29 31 73 84 62 80 87 63 83 3 87 80 7 44 57 16 41 44 49 33 12 30 47 81 29 7 16 87 91 99 43 0 91 93 89 1 51 61 20 5 65 11 10 8 100 
75 53 67 39 48 69 64 68 27 46 30 1 18 43 26 99 50 95 65 95 31 29 14 1 76 52 30 46 41 73 97 23 93 29 91 0 2 90 71 37 15 59 19 97 94 6 45 65 
12 95 1 10 76 85 61 23 14 65 25 82 71 80 69 33 41 93 37 84 36 2 81 43 34 3 86 1 13 9 85 91 8 27 93 2 0 33 84 40 16 30 91 8 4 46 39 38 
11 69 14 81 61 31 24 38 50 40 8 93 67 25 54 81 14 64 95 68 10 14 98 57 75 33 37 6 15 94 72 56 7 49 89 90 33 0 27 60 0 30 18 32 56 74 16 55 
89 71 35 11 40 78 3 0 51 53 95 74 29 33 26 38 9 19 12 72 26 54 90 46 50 94 13 49 92 100 46 86 52 13 1 71 84 27 0 46 59 15 35 25 51 40 42 97 
39 5 68 14 44 48 94 2 19 58 64 20 68 59 55 83 41 21 91 50 14 100 44 57 86 4 34 79 21 29 27 86 92 88 51 37 40 60 46 0 75 3 89 60 63 33 89 84 
2 52 7 36 46 31 23 10 16 57 66 4 86 75 75 19 89 59 70 66 82 13 63 94 60 62 19 52 13 46 39 23 41 95 61 15 16 0 59 75 0 72 80 75 80 56 3 86 
25 91 53 44 21 37 93 100 63 61 47 88 52 27 39 18 73 11 56 55 8 91 77 6 21 15 41 4 98 86 59 94 25 79 20 59 30 30 15 3 72 0 24 73 83 35 9 30 
43 23 74 30 28 87 30 2 72 51 77 11 83 16 33 24 59 49 71 56 14 11 29 83 55 58 65 7 69 53 56 28 6 54 5 19 91 18 35 89 80 24 0 47 7 25 55 18 
24 20 33 7 75 5 3 42 67 23 18 59 0 12 26 39 32 28 93 51 52 5 53 41 22 87 25 73 94 60 62 32 18 95 65 97 8 32 25 60 75 73 47 0 80 64 48 31 
73 65 25 79 61 61 7 9 75 61 75 17 77 58 36 70 66 77 1 32 51 89 60 24 69 82 35 6 33 6 82 97 22 92 11 94 4 56 51 63 80 83 7 80 0 98 27 47 
47 17 84 64 57 87 93 23 59 17 30 7 5 30 57 6 14 33 81 48 38 92 84 94 84 93 40 12 13 20 76 89 13 31 10 6 46 74 40 33 56 35 25 64 98 0 2 77 
94 21 53 30 95 4 56 33 86 20 69 34 91 69 10 97 39 89 72 85 69 71 2 35 87 5 88 29 64 60 24 51 36 14 8 45 39 16 42 89 3 9 55 48 27 2 0 100 
89 93 51 32 42 69 88 27 40 30 4 65 95 11 48 87 85 8 21 100 74 66 29 66 34 50 93 16 36 24 47 40 15 53 100 65 38 55 97 84 86 30 18 31 47 77 100 0 
RRBRRRBRRRBBBRRBBRBRBBRRBRRBBBRRRRRBRRBBBRBBBBBB
