38
0 9 39 40 13 30 69 92 92 91 27 15 87 95 62 82 70 1 49 64 96 10 27 88 9 39 56 45 6 27 82 2 20 16 61 19 39 73 
9 0 84 38 5 31 36 16 57 10 8 19 39 53 84 99 49 2 48 21 11 52 42 42 69 91 24 80 99 53 67 60 38 63 61 35 70 27 
39 84 0 45 42 2 98 72 5 47 91 63 11 25 61 75 16 7 1 29 38 6 56 43 63 28 60 98 43 77 46 67 8 91 83 54 76 75 
40 38 45 0 32 98 73 66 69 32 51 72 56 34 5 15 3 58 64 42 57 99 51 25 22 35 7 73 30 50 75 86 93 45 6 63 37 81 
13 5 42 32 0 62 71 45 78 3 80 67 38 88 9 26 12 7 59 32 24 36 4 13 80 71 9 36 79 81 46 20 81 83 55 87 82 32 
30 31 2 98 62 0 72 3 25 48 33 8 53 40 67 77 96 85 85 90 38 1 39 23 83 43 9 60 10 73 66 86 36 38 32 69 15 87 
69 36 98 73 71 72 0 72 64 87 41 92 74 20 13 49 88 100 90 18 26 22 20 93 3 88 9 13 72 32 77 12 68 86 66 100 27 43 
92 16 72 66 45 3 72 0 91 83 76 92 61 67 69 27 54 25 49 42 41 7 48 50 80 90 92 13 4 9 44 91 27 23 18 56 69 18 
92 57 5 69 78 25 64 91 0 65 100 19 60 57 43 15 20 92 95 23 77 40 5 25 79 36 27 8 25 99 66 86 78 29 32 9 61 53 
91 10 47 32 3 48 87 83 65 0 56 53 36 63 28 64 54 81 25 60 95 76 61 0 77 76 99 16 52 68 21 37 92 34 18 26 73 75 
27 8 91 51 80 33 41 76 100 56 0 55 89 22 13 82 95 60 88 31 30 69 88 73 24 55 40 65 5 59 3 17 42 71 65 75 61 33 
15 19 63 72 67 8 92 92 19 53 55 0 75 59 27 0 77 74 75 23 10 91 2 50 76 17 65 86 18 93 47 91 79 17 93 11 23 51 
87 39 11 56 38 53 74 61 60 36 89 75 0 83 21 91 6 85 77 53 39 81 17 12 0 17 10 2 35 17 36 72 59 96 34 21 41 80 
95 53 25 34 88 40 20 67 57 63 22 59 83 0 78 84 5 66 25 37 10 6 43 5 84 98 39 73 91 53 75 9 72 33 77 56 67 51 
62 84 61 5 9 67 13 69 43 28 13 27 21 78 0 29 42 86 98 2 34 18 9 28 80 99 27 6 85 70 96 41 43 31 57 5 26 81 
82 99 75 15 26 77 49 27 15 64 82 0 91 84 29 0 74 59 40 4 70 63 21 20 7 50 52 9 95 52 57 92 60 51 19 28 16 35 
70 49 16 3 12 96 88 54 20 54 95 77 6 5 42 74 0 2 36 16 54 15 46 7 55 20 72 36 29 35 50 17 35 61 96 33 16 64 
1 2 7 58 7 85 100 25 92 81 60 74 85 66 86 59 2 0 80 18 82 73 49 29 13 92 87 79 2 87 6 35 25 29 79 10 81 81 
49 48 1 64 59 85 90 49 95 25 88 75 77 25 98 40 36 80 0 87 92 96 75 35 94 67 30 49 90 53 3 82 1 0 52 50 89 22 
64 21 29 42 32 90 18 42 23 60 31 23 53 37 2 4 16 18 87 0 49 65 40 71 33 68 50 33 43 27 47 76 70 66 21 98 77 19 
96 11 38 57 24 38 26 41 77 95 30 10 39 10 34 70 54 82 92 49 0 9 27 48 80 30 6 1 70 74 64 61 66 92 11 100 96 40 
10 52 6 99 36 1 22 7 40 76 69 91 81 6 18 63 15 73 96 65 9 0 98 42 7 84 39 64 31 4 73 75 81 2 42 70 64 70 
27 42 56 51 4 39 20 48 5 61 88 2 17 43 9 21 46 49 75 40 27 98 0 90 62 75 73 84 48 69 52 76 1 90 15 17 39 18 
88 42 43 25 13 23 93 50 25 0 73 50 12 5 28 20 7 29 35 71 48 42 90 0 91 12 17 86 41 38 100 12 85 6 8 65 30 22 
9 69 63 22 80 83 3 80 79 77 24 76 0 84 80 7 55 13 94 33 80 7 62 91 0 47 3 85 43 90 1 67 98 99 38 33 91 63 
39 91 28 35 71 43 88 90 36 76 55 17 17 98 99 50 20 92 67 68 30 84 75 12 47 0 69 66 40 36 79 5 65 80 62 20 4 54 
56 24 60 7 9 9 9 92 27 99 40 65 10 39 27 52 72 87 30 50 6 39 73 17 3 69 0 86 59 85 8 68 75 42 83 43 7 63 
45 80 98 73 36 60 13 13 8 16 65 86 2 73 6 9 36 79 49 33 1 64 84 86 85 66 86 0 3 4 67 82 83 16 53 82 81 5 
6 99 43 30 79 10 72 4 25 52 5 18 35 91 85 95 29 2 90 43 70 31 48 41 43 40 59 3 0 93 82 2 35 7 8 77 74 92 
27 53 77 50 81 73 32 9 99 68 59 93 17 53 70 52 35 87 53 27 74 4 69 38 90 36 85 4 93 0 10 20 55 90 50 97 75 51 
82 67 46 75 46 66 77 44 66 21 3 47 36 75 96 57 50 6 3 47 64 73 52 100 1 79 8 67 82 10 0 65 40 75 67 63 87 87 
2 60 67 86 20 86 12 91 86 37 17 91 72 9 41 92 17 35 82 76 61 75 76 12 67 5 68 82 2 20 65 0 11 69 22 41 7 29 
20 38 8 93 81 36 68 27 78 92 42 79 59 72 43 60 35 25 1 70 66 81 1 85 98 65 75 83 35 55 40 11 0 76 51 35 20 54 
16 63 91 45 83 38 86 23 29 34 71 17 96 33 31 51 61 29 0 66 92 2 90 6 99 80 42 16 7 90 75 69 76 0 76 94 37 73 
61 61 83 6 55 32 66 18 32 18 65 93 34 77 57 19 96 79 52 21 11 42 15 8 38 62 83 53 8 50 67 22 51 76 0 89 28 46 
19 35 54 63 87 69 100 56 9 26 75 11 21 56 5 28 33 10 50 98 100 70 17 65 33 20 43 82 77 97 63 41 35 94 89 0 13 43 
39 70 76 37 82 15 27 69 61 73 61 23 41 67 26 16 16 81 89 77 96 64 39 30 91 4 7 81 74 75 87 7 20 37 28 13 0 17 
73 27 75 81 32 87 43 18 53 75 33 51 80 51 81 35 64 81 22 19 40 70 18 22 63 54 63 5 92 51 87 29 54 73 46 43 17 0 
RRBRBRRRBBRRBRRBRRRBBBBBRBRRBBBBBBRBRR
