48
0 39 39 97 74 18 98 0 100 47 0 51 19 46 97 82 13 40 97 73 94 6 66 74 73 3 68 96 86 77 59 68 56 21 26 33 74 72 81 87 0 90 73 4 30 26 90 96 
39 0 56 27 53 48 86 9 44 45 99 80 37 20 84 44 99 33 91 43 96 27 40 28 78 45 5 60 12 44 100 72 47 42 97 93 94 17 42 54 84 65 68 27 57 97 53 47 
39 56 0 91 33 64 13 80 49 46 75 36 0 54 67 3 79 44 57 31 90 24 53 7 70 96 23 49 84 88 16 80 67 45 7 40 22 34 52 100 82 70 88 85 24 27 76 80 
97 27 91 0 43 41 39 58 34 2 96 26 28 86 49 86 5 47 81 84 13 86 25 66 55 80 94 84 42 77 30 58 72 66 71 85 35 30 100 78 46 39 39 86 61 8 2 50 
74 53 33 43 0 22 74 61 82 13 99 3 22 85 76 89 42 50 93 97 31 100 48 65 56 28 12 13 19 72 68 29 14 59 94 9 20 100 48 71 31 14 29 20 94 33 89 21 
18 48 64 41 22 0 37 21 11 55 92 4 8 38 22 8 76 94 3 70 64 73 18 71 54 90 95 75 96 69 10 99 3 71 35 66 25 31 75 62 15 9 40 11 47 10 96 64 
98 86 13 39 74 37 0 83 17 3 86 77 58 32 72 14 70 3 1 9 55 29 75 11 91 53 59 20 51 92 4 30 68 25 39 65 94 92 50 26 2 39 71 43 35 47 92 68 
0 9 80 58 61 21 83 0 50 30 55 78 4 32 44 82 1 37 20 83 79 9 85 39 73 51 24 96 85 64 76 16 25 63 54 69 44 40 12 63 13 70 40 68 40 6 20 11 
100 44 49 34 82 11 17 50 0 75 23 97 89 18 3 20 58 58 81 27 0 67 26 14 75 25 63 6 88 80 90 36 27 93 42 81 6 58 49 34 54 70 91 53 97 10 93 7 
47 45 46 2 13 55 3 30 75 0 33 43 19 88 43 46 13 6 45 86 67 34 75 20 85 85 28 4 3 4 33 17 43 8 51 80 88 4 37 33 61 18 62 3 22 15 74 13 
0 99 75 96 99 92 86 55 23 33 0 18 2 46 84 53 21 22 25 37 35 44 91 65 48 61 50 37 27 10 13 28 58 62 91 80 71 98 60 37 16 34 17 82 94 72 18 26 
51 80 36 26 3 4 77 78 97 43 18 0 66 79 82 74 25 56 75 91 74 86 55 48 61 10 98 6 20 51 26 18 49 94 21 59 41 11 19 71 32 79 71 54 47 100 6 84 
19 37 0 28 22 8 58 4 89 19 2 66 0 43 45 43 89 70 71 91 0 85 69 74 4 21 90 40 79 89 63 20 1 21 1 38 64 88 52 7 35 28 95 18 17 69 70 70 
46 20 54 86 85 38 32 32 18 88 46 79 43 0 88 52 82 99 7 19 9 43 96 23 88 23 33 4 48 40 76 13 0 42 69 35 76 39 81 79 47 21 49 48 61 11 26 76 
97 84 67 49 76 22 72 44 3 43 84 82 45 88 0 15 27 46 49 62 79 11 86 51 21 97 20 14 69 77 93 7 37 55 11 62 72 51 85 19 20 74 94 80 16 25 78 1 
82 44 3 86 89 8 14 82 20 46 53 74 43 52 15 0 84 14 70 39 14 68 66 65 5 60 84 90 26 86 88 51 33 59 18 19 97 88 24 25 3 86 13 78 14 38 24 24 
13 99 79 5 42 76 70 1 58 13 21 25 89 82 27 84 0 25 2 80 65 86 44 33 58 11 32 8 61 8 17 89 45 82 4 31 85 25 12 76 65 59 22 28 13 78 37 34 
40 33 44 47 50 94 3 37 58 6 22 56 70 99 46 14 25 0 76 11 19 7 16 29 37 32 12 56 79 25 31 27 47 70 2 89 15 48 37 39 27 90 95 94 33 96 90 71 
97 91 57 81 93 3 1 20 81 45 25 75 71 7 49 70 2 76 0 9 22 70 38 66 53 35 0 37 58 65 42 61 32 54 28 11 72 45 54 4 40 90 95 67 88 19 96 45 
73 43 31 84 97 70 9 83 27 86 37 91 91 19 62 39 80 11 9 0 81 1 91 37 46 83 40 40 62 76 50 89 31 87 68 69 68 30 55 85 81 21 37 66 24 10 98 50 
94 96 90 13 31 64 55 79 0 67 35 74 0 9 79 14 65 19 22 81 0 70 63 45 68 92 44 7 57 92 32 5 7 83 65 86 63 2 80 48 41 12 16 67 58 95 59 6 
6 27 24 86 100 73 29 9 67 34 44 86 85 43 11 68 86 7 70 1 70 0 60 19 11 27 25 24 20 84 20 33 62 4 71 86 18 42 7 28 65 19 11 16 23 78 16 65 
66 40 53 25 48 18 75 85 26 75 91 55 69 96 86 66 44 16 38 91 63 60 0 39 0 57 91 21 1 23 14 62 71 82 34 7 98 52 5 62 17 86 72 14 55 13 69 16 
74 28 7 66 65 71 11 39 14 20 65 48 74 23 51 65 33 29 66 37 45 19 39 0 84 99 22 98 4 56 58 48 28 62 81 5 86 87 13 77 35 32 5 75 89 70 81 38 
73 78 70 55 56 54 91 73 75 85 48 61 4 88 21 5 58 37 53 46 68 11 0 84 0 33 93 52 60 1 43 89 41 48 8 71 58 11 98 73 96 67 36 54 60 91 68 40 
3 45 96 80 28 90 53 51 25 85 61 10 21 23 97 60 11 32 35 83 92 27 57 99 33 0 90 52 25 91 96 89 37 10 18 64 65 35 44 56 9 16 61 28 60 22 96 14 
68 5 23 94 12 95 59 24 63 28 50 98 90 33 20 84 32 12 0 40 44 25 91 22 93 90 0 53 34 39 33 54 20 30 86 15 4 29 69 36 82 21 18 5 52 64 61 67 
96 60 49 84 13 75 20 96 6 4 37 6 40 4 14 90 8 56 37 40 7 24 21 98 52 52 53 0 4 14 15 35 15 57 45 7 43 92 17 66 80 10 31 65 96 6 1 76 
86 12 84 42 19 96 51 85 88 3 27 20 79 48 69 26 61 79 58 62 57 20 1 4 60 25 34 4 0 30 92 62 66 73 98 38 53 54 33 51 52 6 35 18 31 85 52 76 
77 44 88 77 72 69 92 64 80 4 10 51 89 40 77 86 8 25 65 76 92 84 23 56 1 91 39 14 30 0 97 78 85 48 12 28 64 38 18 97 3 59 83 100 2 87 42 5 
59 100 16 30 68 10 4 76 90 33 13 26 63 76 93 88 17 31 42 50 32 20 14 58 43 96 33 15 92 97 0 52 88 14 48 91 37 10 40 48 58 99 100 30 37 68 79 95 
68 72 80 58 29 99 30 16 36 17 28 18 20 13 7 51 89 27 61 89 5 33 62 48 89 89 54 35 62 78 52 0 0 95 11 24 74 90 10 2 30 24 21 28 60 39 75 4 
56 47 67 72 14 3 68 25 27 43 58 49 1 0 37 33 45 47 32 31 7 62 71 28 41 37 20 15 66 85 88 0 0 75 32 33 82 45 72 38 45 18 92 46 73 67 26 2 
21 42 45 66 59 71 25 63 93 8 62 94 21 42 55 59 82 70 54 87 83 4 82 62 48 10 30 57 73 48 14 95 75 0 57 49 18 14 55 63 14 39 20 69 97 16 95 4 
26 97 7 71 94 35 39 54 42 51 91 21 1 69 11 18 4 2 28 68 65 71 34 81 8 18 86 45 98 12 48 11 32 57 0 82 49 24 93 71 75 70 76 32 9 76 9 16 
33 93 40 85 9 66 65 69 81 80 80 59 38 35 62 19 31 89 11 69 86 86 7 5 71 64 15 7 38 28 91 24 33 49 82 0 34 39 76 34 42 53 58 2 93 0 25 41 
74 94 22 35 20 25 94 44 6 88 71 41 64 76 72 97 85 15 72 68 63 18 98 86 58 65 4 43 53 64 37 74 82 18 49 34 0 85 26 93 67 26 72 41 10 68 65 97 
72 17 34 30 100 31 92 40 58 4 98 11 88 39 51 88 25 48 45 30 2 42 52 87 11 35 29 92 54 38 10 90 45 14 24 39 85 0 66 24 28 97 17 93 96 26 80 44 
81 42 52 100 48 75 50 12 49 37 60 19 52 81 85 24 12 37 54 55 80 7 5 13 98 44 69 17 33 18 40 10 72 55 93 76 26 66 0 70 79 70 84 7 92 21 79 100 
87 54 100 78 71 62 26 63 34 33 37 71 7 79 19 25 76 39 4 85 48 28 62 77 73 56 36 66 51 97 48 2 38 63 71 34 93 24 70 0 42 84 7 38 95 97 72 8 
0 84 82 46 31 15 2 13 54 61 16 32 35 47 20 3 65 27 40 81 41 65 17 35 96 9 82 80 52 3 58 30 45 14 75 42 67 28 79 42 0 19 91 76 37 93 45 54 
90 65 70 39 14 9 39 70 70 18 34 79 28 21 74 86 59 90 90 21 12 19 86 32 67 16 21 10 6 59 99 24 18 39 70 53 26 97 70 84 19 0 43 21 18 76 84 96 
73 68 88 39 29 40 71 40 91 62 17 71 95 49 94 13 22 95 95 37 16 11 72 5 36 61 18 31 35 83 100 21 92 20 76 58 72 17 84 7 91 43 0 22 60 46 90 88 
4 27 85 86 20 11 43 68 53 3 82 54 18 48 80 78 28 94 67 66 67 16 14 75 54 28 5 65 18 100 30 28 46 69 32 2 41 93 7 38 76 21 22 0 83 66 12 85 
30 57 24 61 94 47 35 40 97 22 94 47 17 61 16 14 13 33 88 24 58 23 55 89 60 60 52 96 31 2 37 60 73 97 9 93 10 96 92 95 37 18 60 83 0 46 24 7 
26 97 27 8 33 10 47 6 10 15 72 100 69 11 25 38 78 96 19 10 95 78 13 70 91 22 64 6 85 87 68 39 67 16 76 0 68 26 21 97 93 76 46 66 46 0 19 30 
90 53 76 2 89 96 92 20 93 74 18 6 70 26 78 24 37 90 96 98 59 16 69 81 68 96 61 1 52 42 79 75 26 95 9 25 65 80 79 72 45 84 90 12 24 19 0 34 
96 47 80 50 21 64 68 11 7 13 26 84 70 76 1 24 34 71 45 50 6 65 16 38 40 14 67 76 76 5 95 4 2 4 16 41 97 44 100 8 54 96 88 85 7 30 34 0 
BBRRRRBRBRRRBBRRRBBRBRBBRBBRBRBBRRBBBBRRRRBBBRBR
