34
0 56 35 96 82 36 16 98 37 24 34 87 37 8 32 25 21 21 81 24 25 38 46 57 17 6 22 32 44 87 17 50 28 90 
56 0 21 53 44 15 38 100 97 46 20 10 36 11 76 34 3 54 66 65 15 46 48 87 67 43 78 48 99 69 20 22 2 50 
35 21 0 88 99 83 58 24 81 9 87 83 2 23 42 14 14 77 66 10 23 96 69 55 62 18 83 56 1 56 30 6 44 9 
96 53 88 0 15 54 37 69 24 54 30 8 49 3 53 55 1 98 28 8 29 53 94 17 46 91 43 71 27 50 79 3 39 82 
82 44 99 15 0 24 30 39 33 5 75 2 17 59 93 32 94 56 50 90 57 88 53 83 44 38 7 34 2 19 70 42 63 97 
36 15 83 54 24 0 7 14 34 40 25 84 91 13 62 59 46 89 76 5 88 29 77 3 4 18 28 57 85 60 100 10 4 52 
16 38 58 37 30 7 0 80 72 15 26 86 77 28 33 3 54 46 83 29 64 21 28 31 34 44 81 55 0 79 73 31 61 39 
98 100 24 69 39 14 80 0 81 83 45 26 30 2 46 52 22 16 69 59 18 13 84 36 60 86 100 4 16 82 30 26 14 72 
37 97 81 24 33 34 72 81 0 59 56 41 45 83 79 7 20 35 78 11 5 24 95 16 69 57 35 2 37 19 35 85 53 31 
24 46 9 54 5 40 15 83 59 0 44 27 99 85 46 48 69 69 17 78 9 93 80 40 29 73 96 7 38 83 32 92 17 74 
34 20 87 30 75 25 26 45 56 44 0 3 30 47 7 63 77 18 29 35 11 35 2 52 44 12 64 17 57 48 74 37 100 39 
87 10 83 8 2 84 86 26 41 27 3 0 38 82 28 42 50 65 0 74 89 92 29 47 68 33 34 81 96 52 19 61 75 28 
37 36 2 49 17 91 77 30 45 99 30 38 0 66 97 39 18 89 24 68 89 12 43 53 72 68 38 18 37 73 99 73 88 65 
8 11 23 3 59 13 28 2 83 85 47 82 66 0 6 5 52 23 81 49 93 63 30 53 85 1 41 44 74 81 94 69 37 50 
32 76 42 53 93 62 33 46 79 46 7 28 97 6 0 63 49 66 11 23 97 61 68 41 75 60 46 81 59 99 67 84 41 11 
25 34 14 55 32 59 3 52 7 48 63 42 39 5 63 0 46 84 17 68 42 27 81 92 68 27 90 44 78 9 60 81 75 79 
21 3 14 1 94 46 54 22 20 69 77 50 18 52 49 46 0 51 23 41 34 54 84 80 3 69 85 57 0 51 24 46 30 20 
21 54 77 98 56 89 46 16 35 69 18 65 89 23 66 84 51 0 61 54 100 18 50 3 91 100 80 34 15 41 24 51 40 58 
81 66 66 28 50 76 83 69 78 17 29 0 24 81 11 17 23 61 0 74 93 49 51 37 36 65 60 67 4 12 34 72 29 47 
24 65 10 8 90 5 29 59 11 78 35 74 68 49 23 68 41 54 74 0 74 10 13 31 31 59 67 29 73 61 50 0 1 68 
25 15 23 29 57 88 64 18 5 9 11 89 89 93 97 42 34 100 93 74 0 40 11 61 87 67 65 15 19 46 4 52 94 37 
38 46 96 53 88 29 21 13 24 93 35 92 12 63 61 27 54 18 49 10 40 0 1 40 13 58 35 7 72 38 64 23 73 25 
46 48 69 94 53 77 28 84 95 80 2 29 43 30 68 81 84 50 51 13 11 1 0 42 31 86 18 86 49 92 55 53 72 3 
57 87 55 17 83 3 31 36 16 40 52 47 53 53 41 92 80 3 37 31 61 40 42 0 72 68 5 71 45 76 72 17 54 7 
17 67 62 46 44 4 34 60 69 29 44 68 72 85 75 68 3 91 36 31 87 13 31 72 0 89 81 11 49 76 52 74 97 24 
6 43 18 91 38 18 44 86 57 73 12 33 68 1 60 27 69 100 65 59 67 58 86 68 89 0 91 44 3 28 15 99 37 27 
22 78 83 43 7 28 81 100 35 96 64 34 38 41 46 90 85 80 60 67 65 35 18 5 81 91 0 75 21 49 95 99 61 46 
32 48 56 71 34 57 55 4 2 7 17 81 18 44 81 44 57 34 67 29 15 7 86 71 11 44 75 0 53 49 66 71 6 22 
44 99 1 27 2 85 0 16 37 38 57 96 37 74 59 78 0 15 4 73 19 72 49 45 49 3 21 53 0 80 49 4 24 14 
87 69 56 50 19 60 79 82 19 83 48 52 73 81 99 9 51 41 12 61 46 38 92 76 76 28 49 49 80 0 81 8 59 16 
17 20 30 79 70 100 73 30 35 32 74 19 99 94 67 60 24 24 34 50 4 64 55 72 52 15 95 66 49 81 0 13 31 42 
50 22 6 3 42 10 31 26 85 92 37 61 73 69 84 81 46 51 72 0 52 23 53 17 74 99 99 71 4 8 13 0 19 97 
28 2 44 39 63 4 61 14 53 17 100 75 88 37 41 75 30 40 29 1 94 73 72 54 97 37 61 6 24 59 31 19 0 45 
90 50 9 82 97 52 39 72 31 74 39 28 65 50 11 79 20 58 47 68 37 25 3 7 24 27 46 22 14 16 42 97 45 0 
BBBBRRRRBRBRBRRRRBBRBBBBRBBRBRBRRR
