50
0 18 11 6 55 83 47 26 5 41 2 51 45 42 26 79 86 1 12 42 75 58 14 69 64 24 50 23 47 45 60 46 47 38 40 52 13 33 83 47 58 21 56 38 85 68 57 7 64 32 
18 0 7 21 63 45 19 48 15 93 13 26 30 81 62 54 77 75 41 44 2 74 93 53 65 84 85 51 7 51 93 38 98 90 94 75 28 17 57 86 28 26 24 21 80 55 54 2 70 94 
11 7 0 30 10 39 94 89 80 28 83 53 2 58 26 60 22 69 29 25 7 80 74 72 32 84 68 9 75 5 91 24 76 1 73 53 80 32 0 58 56 97 68 62 73 14 7 26 55 90 
6 21 30 0 57 1 86 38 70 18 96 60 46 60 71 19 40 47 81 58 39 84 17 9 14 11 56 44 86 42 45 24 94 54 4 29 71 15 78 98 1 46 69 95 9 40 55 41 74 74 
55 63 10 57 0 20 54 39 9 74 25 90 52 1 88 7 48 4 58 75 14 81 7 9 95 35 93 23 94 33 15 21 78 23 20 35 20 10 9 46 88 69 24 51 2 59 90 53 39 13 
83 45 39 1 20 0 34 79 56 65 66 24 57 31 1 14 51 47 6 68 61 73 89 65 2 47 70 46 99 92 36 99 10 66 62 44 11 40 17 78 91 11 0 46 14 75 62 55 1 87 
47 19 94 86 54 34 0 65 62 87 83 36 59 63 4 38 46 100 47 8 69 74 14 64 48 14 24 50 93 44 81 67 22 45 78 6 86 80 66 53 36 92 63 65 86 40 7 36 50 33 
26 48 89 38 39 79 65 0 27 55 34 7 26 0 66 79 2 5 60 13 10 64 33 81 29 44 55 83 99 3 34 87 9 13 65 19 97 89 35 2 30 29 29 10 87 63 45 18 49 13 
5 15 80 70 9 56 62 27 0 22 80 50 48 36 54 69 86 76 93 66 34 20 95 46 89 70 17 31 22 25 69 70 64 69 28 1 50 47 71 35 21 73 69 7 80 4 70 17 67 15 
41 93 28 18 74 65 87 55 22 0 93 94 21 36 76 8 2 12 19 23 49 24 6 86 38 55 47 50 40 43 77 28 34 29 52 58 27 86 91 26 96 40 79 12 34 93 31 76 31 56 
2 13 83 96 25 66 83 34 80 93 0 27 63 80 30 80 40 22 26 91 34 9 94 30 29 66 89 27 100 50 20 41 33 92 71 48 52 27 97 78 42 84 61 7 97 48 33 49 0 78 
51 26 53 60 90 24 36 7 50 94 27 0 79 25 78 58 57 48 4 45 74 78 38 63 31 79 2 1 0 53 76 95 10 58 83 57 13 83 77 50 85 72 76 85 11 46 11 96 85 83 
45 30 2 46 52 57 59 26 48 21 63 79 0 32 33 5 62 65 14 60 12 21 13 77 35 59 17 59 19 57 42 20 35 29 58 6 52 51 33 29 44 89 6 62 38 99 90 50 99 83 
42 81 58 60 1 31 63 0 36 36 80 25 32 0 91 98 48 67 49 33 26 41 75 19 84 69 75 7 12 35 90 98 27 51 83 99 54 46 75 27 96 46 84 63 54 22 64 94 13 42 
26 62 26 71 88 1 4 66 54 76 30 78 33 91 0 97 95 2 76 83 62 38 56 33 17 80 72 31 97 84 76 49 67 92 72 42 28 17 13 65 10 99 89 20 81 53 49 68 16 20 
79 54 60 19 7 14 38 79 69 8 80 58 5 98 97 0 15 48 33 78 61 51 29 76 85 26 81 23 46 37 97 17 99 36 14 15 35 51 25 4 1 93 70 5 15 1 20 26 85 56 
86 77 22 40 48 51 46 2 86 2 40 57 62 48 95 15 0 45 96 88 49 82 16 86 78 88 51 18 17 10 17 81 7 96 89 34 22 7 54 69 11 15 9 12 18 89 63 65 66 91 
1 75 69 47 4 47 100 5 76 12 22 48 65 67 2 48 45 0 98 88 66 54 34 42 50 3 84 22 69 26 98 41 62 29 18 39 60 58 43 59 47 7 11 78 57 90 71 82 66 88 
12 41 29 81 58 6 47 60 93 19 26 4 14 49 76 33 96 98 0 61 50 39 13 79 41 85 28 82 38 75 27 76 93 72 81 12 87 65 44 73 82 12 54 44 8 13 41 22 31 35 
42 44 25 58 75 68 8 13 66 23 91 45 60 33 83 78 88 88 61 0 77 33 69 58 9 18 71 35 45 35 63 78 36 99 18 64 52 79 48 70 58 56 83 8 5 97 93 40 15 24 
75 2 7 39 14 61 69 10 34 49 34 74 12 26 62 61 49 66 50 77 0 4 85 71 47 35 55 52 86 39 69 27 24 23 83 67 11 51 72 57 50 50 51 90 93 76 50 81 77 75 
58 74 80 84 81 73 74 64 20 24 9 78 21 41 38 51 82 54 39 33 4 0 20 71 92 94 6 46 19 49 81 72 47 83 69 14 26 20 87 53 84 97 5 92 96 83 56 43 46 49 
14 93 74 17 7 89 14 33 95 6 94 38 13 75 56 29 16 34 13 69 85 20 0 75 81 87 0 3 54 34 34 65 63 26 90 31 41 87 4 36 34 86 26 91 31 18 36 79 44 80 
69 53 72 9 9 65 64 81 46 86 30 63 77 19 33 76 86 42 79 58 71 71 75 0 54 27 23 64 80 31 36 71 90 39 36 13 40 57 41 46 95 79 57 9 81 36 4 40 49 15 
64 65 32 14 95 2 48 29 89 38 29 31 35 84 17 85 78 50 41 9 47 92 81 54 0 81 85 35 53 26 49 70 53 17 9 79 96 25 20 41 97 92 86 49 40 57 94 73 70 1 
24 84 84 11 35 47 14 44 70 55 66 79 59 69 80 26 88 3 85 18 35 94 87 27 81 0 46 13 29 83 17 0 53 79 24 92 68 67 99 19 23 82 92 63 67 11 18 4 62 9 
50 85 68 56 93 70 24 55 17 47 89 2 17 75 72 81 51 84 28 71 55 6 0 23 85 46 0 93 87 53 44 33 58 10 51 98 32 58 97 14 8 100 56 8 37 95 55 32 58 97 
23 51 9 44 23 46 50 83 31 50 27 1 59 7 31 23 18 22 82 35 52 46 3 64 35 13 93 0 61 94 75 75 87 23 26 50 79 59 59 73 43 11 88 82 69 53 13 95 27 35 
47 7 75 86 94 99 93 99 22 40 100 0 19 12 97 46 17 69 38 45 86 19 54 80 53 29 87 61 0 35 22 74 5 44 33 67 94 72 60 46 35 81 57 38 21 16 35 3 97 17 
45 51 5 42 33 92 44 3 25 43 50 53 57 35 84 37 10 26 75 35 39 49 34 31 26 83 53 94 35 0 13 22 37 15 2 42 4 67 79 10 14 55 69 35 73 68 78 55 40 47 
60 93 91 45 15 36 81 34 69 77 20 76 42 90 76 97 17 98 27 63 69 81 34 36 49 17 44 75 22 13 0 18 13 83 88 67 26 70 86 71 86 63 33 90 22 41 52 21 57 9 
46 38 24 24 21 99 67 87 70 28 41 95 20 98 49 17 81 41 76 78 27 72 65 71 70 0 33 75 74 22 18 0 74 84 1 70 53 83 91 56 96 85 0 12 0 75 50 6 60 62 
47 98 76 94 78 10 22 9 64 34 33 10 35 27 67 99 7 62 93 36 24 47 63 90 53 53 58 87 5 37 13 74 0 98 62 85 39 53 78 78 33 23 16 59 73 69 10 88 46 73 
38 90 1 54 23 66 45 13 69 29 92 58 29 51 92 36 96 29 72 99 23 83 26 39 17 79 10 23 44 15 83 84 98 0 13 20 65 33 99 60 35 50 53 25 97 81 47 77 34 9 
40 94 73 4 20 62 78 65 28 52 71 83 58 83 72 14 89 18 81 18 83 69 90 36 9 24 51 26 33 2 88 1 62 13 0 87 54 93 51 34 95 66 87 12 98 16 36 46 30 76 
52 75 53 29 35 44 6 19 1 58 48 57 6 99 42 15 34 39 12 64 67 14 31 13 79 92 98 50 67 42 67 70 85 20 87 0 83 42 29 46 76 40 5 13 25 81 25 37 17 75 
13 28 80 71 20 11 86 97 50 27 52 13 52 54 28 35 22 60 87 52 11 26 41 40 96 68 32 79 94 4 26 53 39 65 54 83 0 59 76 45 43 73 35 85 37 100 52 63 82 10 
33 17 32 15 10 40 80 89 47 86 27 83 51 46 17 51 7 58 65 79 51 20 87 57 25 67 58 59 72 67 70 83 53 33 93 42 59 0 65 24 94 29 50 50 58 43 56 93 99 17 
83 57 0 78 9 17 66 35 71 91 97 77 33 75 13 25 54 43 44 48 72 87 4 41 20 99 97 59 60 79 86 91 78 99 51 29 76 65 0 42 89 59 15 96 87 28 37 39 89 74 
47 86 58 98 46 78 53 2 35 26 78 50 29 27 65 4 69 59 73 70 57 53 36 46 41 19 14 73 46 10 71 56 78 60 34 46 45 24 42 0 20 3 96 92 27 52 72 70 76 22 
58 28 56 1 88 91 36 30 21 96 42 85 44 96 10 1 11 47 82 58 50 84 34 95 97 23 8 43 35 14 86 96 33 35 95 76 43 94 89 20 0 27 27 49 73 21 14 0 15 61 
21 26 97 46 69 11 92 29 73 40 84 72 89 46 99 93 15 7 12 56 50 97 86 79 92 82 100 11 81 55 63 85 23 50 66 40 73 29 59 3 27 0 23 60 100 52 10 29 92 30 
56 24 68 69 24 0 63 29 69 79 61 76 6 84 89 70 9 11 54 83 51 5 26 57 86 92 56 88 57 69 33 0 16 53 87 5 35 50 15 96 27 23 0 81 17 43 50 99 26 56 
38 21 62 95 51 46 65 10 7 12 7 85 62 63 20 5 12 78 44 8 90 92 91 9 49 63 8 82 38 35 90 12 59 25 12 13 85 50 96 92 49 60 81 0 13 32 17 84 15 66 
85 80 73 9 2 14 86 87 80 34 97 11 38 54 81 15 18 57 8 5 93 96 31 81 40 67 37 69 21 73 22 0 73 97 98 25 37 58 87 27 73 100 17 13 0 7 33 50 97 94 
68 55 14 40 59 75 40 63 4 93 48 46 99 22 53 1 89 90 13 97 76 83 18 36 57 11 95 53 16 68 41 75 69 81 16 81 100 43 28 52 21 52 43 32 7 0 95 88 42 38 
57 54 7 55 90 62 7 45 70 31 33 11 90 64 49 20 63 71 41 93 50 56 36 4 94 18 55 13 35 78 52 50 10 47 36 25 52 56 37 72 14 10 50 17 33 95 0 68 51 42 
7 2 26 41 53 55 36 18 17 76 49 96 50 94 68 26 65 82 22 40 81 43 79 40 73 4 32 95 3 55 21 6 88 77 46 37 63 93 39 70 0 29 99 84 50 88 68 0 58 32 
64 70 55 74 39 1 50 49 67 31 0 85 99 13 16 85 66 66 31 15 77 46 44 49 70 62 58 27 97 40 57 60 46 34 30 17 82 99 89 76 15 92 26 15 97 42 51 58 0 65 
32 94 90 74 13 87 33 13 15 56 78 83 83 42 20 56 91 88 35 24 75 49 80 15 1 9 97 35 17 47 9 62 73 9 76 75 10 17 74 22 61 30 56 66 94 38 42 32 65 0 
BBRRBRBRBBBBBBRRBBRBBBRRRRRRRRBBRRBRRRBRRBBRBBRBBR
