48
0 31 14 69 82 10 2 75 18 8 6 24 70 12 14 88 85 94 38 42 59 53 28 70 45 9 14 98 87 47 56 91 96 56 59 26 52 72 53 94 36 62 51 32 1 53 86 85 
31 0 38 1 57 98 78 60 28 14 73 47 18 54 81 44 39 33 73 62 67 47 62 21 3 26 10 58 89 61 89 9 78 0 12 98 82 88 28 69 89 31 60 23 64 71 84 4 
14 38 0 41 2 71 21 98 58 39 59 7 85 52 9 57 16 34 23 87 58 79 42 12 98 79 38 67 7 60 30 76 70 39 83 28 84 11 56 31 95 57 86 86 42 63 35 54 
69 1 41 0 18 46 41 71 20 45 47 45 33 2 16 76 4 70 14 4 6 0 72 51 98 64 54 17 97 71 33 8 5 76 45 5 47 11 7 82 16 73 47 30 72 73 83 56 
82 57 2 18 0 43 45 4 42 90 92 69 24 82 27 74 16 25 49 20 45 70 85 44 31 46 49 39 12 76 27 10 95 41 3 18 90 24 71 7 44 100 20 55 84 13 8 78 
10 98 71 46 43 0 58 79 54 43 98 85 3 36 50 60 12 3 8 84 39 57 97 51 13 15 5 71 82 78 41 57 7 97 77 100 39 86 47 75 27 77 83 95 79 43 97 32 
2 78 21 41 45 58 0 64 34 89 53 66 87 11 90 6 41 49 88 92 3 16 36 0 53 83 60 73 27 34 32 79 41 10 87 49 29 34 12 23 62 1 13 45 12 53 12 33 
75 60 98 71 4 79 64 0 35 63 89 41 39 22 95 41 34 17 89 0 52 42 70 99 55 38 60 90 38 1 16 46 27 19 89 92 59 95 16 40 42 96 34 77 95 87 25 0 
18 28 58 20 42 54 34 35 0 99 29 80 21 83 65 10 84 87 84 21 78 10 51 35 50 4 29 95 24 52 55 70 37 88 20 37 77 50 31 24 87 38 53 46 48 93 26 32 
8 14 39 45 90 43 89 63 99 0 35 62 78 48 48 26 61 71 60 25 26 50 5 26 92 97 71 9 81 87 9 56 86 40 73 89 18 38 7 30 100 58 48 84 52 87 94 54 
6 73 59 47 92 98 53 89 29 35 0 45 20 41 59 9 36 88 39 71 78 33 3 0 73 71 49 71 66 79 87 74 21 71 61 25 2 54 77 69 78 9 2 89 82 81 97 13 
24 47 7 45 69 85 66 41 80 62 45 0 90 82 0 96 69 96 50 50 46 96 55 52 1 65 16 9 45 15 70 74 35 36 62 44 92 93 50 15 0 68 9 77 97 18 41 80 
70 18 85 33 24 3 87 39 21 78 20 90 0 35 43 70 74 59 45 45 64 45 76 16 46 95 10 54 45 82 13 71 96 26 51 67 89 22 97 35 1 21 35 53 76 0 71 79 
12 54 52 2 82 36 11 22 83 48 41 82 35 0 74 52 99 80 12 26 70 76 26 94 59 99 97 15 93 23 23 69 51 64 70 50 76 9 80 77 76 37 2 39 60 27 46 26 
14 81 9 16 27 50 90 95 65 48 59 0 43 74 0 8 82 53 35 76 78 77 37 3 17 25 13 100 22 53 38 9 25 53 69 97 52 18 25 27 58 99 78 99 76 19 80 39 
88 44 57 76 74 60 6 41 10 26 9 96 70 52 8 0 8 27 14 24 33 89 19 58 67 44 14 61 68 22 91 80 100 48 26 62 61 56 50 67 29 98 95 53 85 6 3 73 
85 39 16 4 16 12 41 34 84 61 36 69 74 99 82 8 0 86 19 72 89 74 30 42 91 13 94 13 49 87 13 66 16 23 31 12 100 40 28 36 47 98 81 55 96 3 21 97 
94 33 34 70 25 3 49 17 87 71 88 96 59 80 53 27 86 0 34 24 34 60 44 30 69 22 98 63 14 15 54 71 67 57 39 70 74 10 57 100 63 6 24 98 3 56 36 96 
38 73 23 14 49 8 88 89 84 60 39 50 45 12 35 14 19 34 0 61 53 51 57 2 88 48 44 63 84 98 82 79 3 60 36 29 60 86 53 52 67 79 30 60 35 52 55 89 
42 62 87 4 20 84 92 0 21 25 71 50 45 26 76 24 72 24 61 0 51 90 33 51 65 58 12 32 51 98 9 18 69 16 29 0 57 6 44 51 88 79 61 60 71 94 16 93 
59 67 58 6 45 39 3 52 78 26 78 46 64 70 78 33 89 34 53 51 0 47 3 89 93 3 48 10 26 39 21 93 17 90 65 27 57 62 67 64 76 28 92 59 34 98 13 22 
53 47 79 0 70 57 16 42 10 50 33 96 45 76 77 89 74 60 51 90 47 0 15 59 50 16 55 73 64 56 86 3 21 73 63 5 80 69 8 45 94 81 100 60 38 96 74 18 
28 62 42 72 85 97 36 70 51 5 3 55 76 26 37 19 30 44 57 33 3 15 0 65 13 46 56 30 36 97 58 33 3 36 87 51 44 85 83 45 74 42 51 46 39 0 48 16 
70 21 12 51 44 51 0 99 35 26 0 52 16 94 3 58 42 30 2 51 89 59 65 0 82 65 54 49 32 23 39 88 47 56 5 52 59 87 36 45 46 59 89 44 47 40 46 38 
45 3 98 98 31 13 53 55 50 92 73 1 46 59 17 67 91 69 88 65 93 50 13 82 0 20 57 8 67 88 97 34 27 25 89 2 50 47 12 22 65 59 32 36 38 56 97 89 
9 26 79 64 46 15 83 38 4 97 71 65 95 99 25 44 13 22 48 58 3 16 46 65 20 0 24 90 29 57 59 20 1 63 34 7 23 92 41 51 55 68 9 56 97 87 31 89 
14 10 38 54 49 5 60 60 29 71 49 16 10 97 13 14 94 98 44 12 48 55 56 54 57 24 0 92 18 60 15 69 94 55 62 31 3 82 16 92 16 28 18 40 43 79 60 4 
98 58 67 17 39 71 73 90 95 9 71 9 54 15 100 61 13 63 63 32 10 73 30 49 8 90 92 0 49 36 5 45 27 61 45 29 39 25 86 79 69 41 45 53 83 74 31 70 
87 89 7 97 12 82 27 38 24 81 66 45 45 93 22 68 49 14 84 51 26 64 36 32 67 29 18 49 0 92 39 32 13 72 55 97 92 95 87 26 2 26 75 49 26 61 82 20 
47 61 60 71 76 78 34 1 52 87 79 15 82 23 53 22 87 15 98 98 39 56 97 23 88 57 60 36 92 0 25 84 61 64 24 57 93 36 44 79 71 33 48 38 6 22 77 57 
56 89 30 33 27 41 32 16 55 9 87 70 13 23 38 91 13 54 82 9 21 86 58 39 97 59 15 5 39 25 0 40 34 81 91 19 79 47 47 56 56 92 84 85 94 86 76 27 
91 9 76 8 10 57 79 46 70 56 74 74 71 69 9 80 66 71 79 18 93 3 33 88 34 20 69 45 32 84 40 0 93 7 75 71 53 54 38 72 62 83 50 27 6 44 76 37 
96 78 70 5 95 7 41 27 37 86 21 35 96 51 25 100 16 67 3 69 17 21 3 47 27 1 94 27 13 61 34 93 0 14 42 15 85 44 62 91 67 29 80 75 7 27 42 64 
56 0 39 76 41 97 10 19 88 40 71 36 26 64 53 48 23 57 60 16 90 73 36 56 25 63 55 61 72 64 81 7 14 0 5 75 2 15 35 76 79 32 42 4 2 34 60 94 
59 12 83 45 3 77 87 89 20 73 61 62 51 70 69 26 31 39 36 29 65 63 87 5 89 34 62 45 55 24 91 75 42 5 0 31 38 81 84 97 9 49 65 20 79 4 36 39 
26 98 28 5 18 100 49 92 37 89 25 44 67 50 97 62 12 70 29 0 27 5 51 52 2 7 31 29 97 57 19 71 15 75 31 0 84 41 0 62 56 90 6 93 5 64 64 53 
52 82 84 47 90 39 29 59 77 18 2 92 89 76 52 61 100 74 60 57 57 80 44 59 50 23 3 39 92 93 79 53 85 2 38 84 0 57 1 65 57 12 33 93 63 98 39 20 
72 88 11 11 24 86 34 95 50 38 54 93 22 9 18 56 40 10 86 6 62 69 85 87 47 92 82 25 95 36 47 54 44 15 81 41 57 0 43 25 66 20 56 62 82 33 78 32 
53 28 56 7 71 47 12 16 31 7 77 50 97 80 25 50 28 57 53 44 67 8 83 36 12 41 16 86 87 44 47 38 62 35 84 0 1 43 0 31 25 78 40 60 37 11 50 92 
94 69 31 82 7 75 23 40 24 30 69 15 35 77 27 67 36 100 52 51 64 45 45 45 22 51 92 79 26 79 56 72 91 76 97 62 65 25 31 0 44 24 23 55 53 13 41 1 
36 89 95 16 44 27 62 42 87 100 78 0 1 76 58 29 47 63 67 88 76 94 74 46 65 55 16 69 2 71 56 62 67 79 9 56 57 66 25 44 0 54 23 49 18 49 52 58 
62 31 57 73 100 77 1 96 38 58 9 68 21 37 99 98 98 6 79 79 28 81 42 59 59 68 28 41 26 33 92 83 29 32 49 90 12 20 78 24 54 0 19 49 84 2 55 36 
51 60 86 47 20 83 13 34 53 48 2 9 35 2 78 95 81 24 30 61 92 100 51 89 32 9 18 45 75 48 84 50 80 42 65 6 33 56 40 23 23 19 0 26 2 36 29 20 
32 23 86 30 55 95 45 77 46 84 89 77 53 39 99 53 55 98 60 60 59 60 46 44 36 56 40 53 49 38 85 27 75 4 20 93 93 62 60 55 49 49 26 0 37 76 91 24 
1 64 42 72 84 79 12 95 48 52 82 97 76 60 76 85 96 3 35 71 34 38 39 47 38 97 43 83 26 6 94 6 7 2 79 5 63 82 37 53 18 84 2 37 0 74 32 76 
53 71 63 73 13 43 53 87 93 87 81 18 0 27 19 6 3 56 52 94 98 96 0 40 56 87 79 74 61 22 86 44 27 34 4 64 98 33 11 13 49 2 36 76 74 0 64 24 
86 84 35 83 8 97 12 25 26 94 97 41 71 46 80 3 21 36 55 16 13 74 48 46 97 31 60 31 82 77 76 76 42 60 36 64 39 78 50 41 52 55 29 91 32 64 0 31 
85 4 54 56 78 32 33 0 32 54 13 80 79 26 39 73 97 96 89 93 22 18 16 38 89 89 4 70 20 57 27 37 64 94 39 53 20 32 92 1 58 36 20 24 76 24 31 0 
BRBBBBRRBRRBRRRBBBRBRRBBRBRRRRBRBRRRRRBBBBRBBBRB
