38
0 55 55 73 49 10 100 41 87 33 90 98 17 91 13 97 4 99 65 10 56 83 7 77 19 86 0 10 0 64 10 3 27 81 91 47 85 17 
55 0 19 16 4 54 33 89 59 27 74 81 80 90 49 18 91 11 86 5 68 45 48 6 14 1 90 34 62 80 96 27 40 94 88 24 27 37 
55 19 0 45 73 41 25 98 8 19 39 84 65 71 61 87 66 16 37 88 91 29 36 25 99 47 67 89 40 49 79 17 3 55 18 10 41 76 
73 16 45 0 26 5 62 45 40 30 67 13 96 81 43 29 28 72 22 14 11 79 36 53 75 94 61 45 95 70 47 100 87 11 44 85 12 34 
49 4 73 26 0 47 89 9 34 93 76 34 67 8 26 65 36 48 46 82 15 11 53 57 28 41 31 42 37 16 87 28 91 20 8 86 42 97 
10 54 41 5 47 0 99 13 46 71 11 19 25 39 63 53 48 14 74 98 32 2 63 77 57 41 70 55 54 12 93 78 82 35 8 88 37 36 
100 33 25 62 89 99 0 86 52 45 10 57 71 59 97 59 21 71 37 6 71 5 6 79 98 87 6 9 38 55 18 36 12 100 94 46 31 62 
41 89 98 45 9 13 86 0 78 77 75 9 5 56 21 71 17 100 51 57 88 34 24 58 15 61 84 80 43 15 46 13 2 24 86 46 72 89 
87 59 8 40 34 46 52 78 0 53 94 89 34 97 58 63 34 48 8 53 62 4 58 9 87 41 51 14 10 100 95 33 82 37 46 63 57 21 
33 27 19 30 93 71 45 77 53 0 18 38 49 48 45 96 67 71 89 71 2 72 92 35 90 85 43 54 22 96 83 16 52 100 3 40 47 79 
90 74 39 67 76 11 10 75 94 18 0 25 73 8 77 49 57 98 19 70 87 12 74 90 73 81 80 100 44 0 40 66 53 83 21 77 75 49 
98 81 84 13 34 19 57 9 89 38 25 0 48 36 46 40 16 24 93 70 42 8 77 44 64 6 53 42 78 6 23 40 37 46 29 27 29 47 
17 80 65 96 67 25 71 5 34 49 73 48 0 53 69 30 55 33 13 55 5 37 15 20 67 55 29 84 69 79 88 74 64 47 14 24 62 3 
91 90 71 81 8 39 59 56 97 48 8 36 53 0 22 61 46 49 75 8 93 19 82 85 84 47 27 12 57 60 60 7 60 98 33 26 53 23 
13 49 61 43 26 63 97 21 58 45 77 46 69 22 0 33 44 51 40 38 47 48 36 66 7 14 1 9 44 16 56 69 24 75 95 64 45 83 
97 18 87 29 65 53 59 71 63 96 49 40 30 61 33 0 63 84 47 95 17 51 1 3 63 97 60 18 51 64 79 69 91 44 64 25 48 36 
4 91 66 28 36 48 21 17 34 67 57 16 55 46 44 63 0 21 78 5 2 69 28 4 94 73 92 35 20 20 8 93 88 38 67 93 74 47 
99 11 16 72 48 14 71 100 48 71 98 24 33 49 51 84 21 0 26 12 19 72 3 26 46 35 84 81 18 2 80 94 71 73 73 25 10 24 
65 86 37 22 46 74 37 51 8 89 19 93 13 75 40 47 78 26 0 94 68 94 33 82 93 70 61 26 91 33 41 88 13 13 71 15 10 91 
10 5 88 14 82 98 6 57 53 71 70 70 55 8 38 95 5 12 94 0 41 91 97 82 11 28 77 47 79 64 79 58 60 36 34 13 49 81 
56 68 91 11 15 32 71 88 62 2 87 42 5 93 47 17 2 19 68 41 0 88 44 83 48 10 31 34 92 54 90 46 72 14 11 48 56 59 
83 45 29 79 11 2 5 34 4 72 12 8 37 19 48 51 69 72 94 91 88 0 49 91 23 58 30 84 61 70 31 29 64 81 43 95 31 10 
7 48 36 36 53 63 6 24 58 92 74 77 15 82 36 1 28 3 33 97 44 49 0 5 86 63 78 41 19 30 34 77 70 38 15 75 73 85 
77 6 25 53 57 77 79 58 9 35 90 44 20 85 66 3 4 26 82 82 83 91 5 0 27 71 98 27 40 61 12 57 34 27 61 85 26 31 
19 14 99 75 28 57 98 15 87 90 73 64 67 84 7 63 94 46 93 11 48 23 86 27 0 58 70 81 76 5 60 4 81 72 93 64 67 65 
86 1 47 94 41 41 87 61 41 85 81 6 55 47 14 97 73 35 70 28 10 58 63 71 58 0 37 1 42 81 29 55 23 80 36 76 62 72 
0 90 67 61 31 70 6 84 51 43 80 53 29 27 1 60 92 84 61 77 31 30 78 98 70 37 0 97 5 8 59 12 33 0 29 45 1 98 
10 34 89 45 42 55 9 80 14 54 100 42 84 12 9 18 35 81 26 47 34 84 41 27 81 1 97 0 57 2 6 73 82 90 31 12 17 57 
0 62 40 95 37 54 38 43 10 22 44 78 69 57 44 51 20 18 91 79 92 61 19 40 76 42 5 57 0 10 66 98 39 57 92 93 43 35 
64 80 49 70 16 12 55 15 100 96 0 6 79 60 16 64 20 2 33 64 54 70 30 61 5 81 8 2 10 0 47 74 72 58 72 0 99 7 
10 96 79 47 87 93 18 46 95 83 40 23 88 60 56 79 8 80 41 79 90 31 34 12 60 29 59 6 66 47 0 17 79 15 75 13 59 86 
3 27 17 100 28 78 36 13 33 16 66 40 74 7 69 69 93 94 88 58 46 29 77 57 4 55 12 73 98 74 17 0 74 97 70 31 18 24 
27 40 3 87 91 82 12 2 82 52 53 37 64 60 24 91 88 71 13 60 72 64 70 34 81 23 33 82 39 72 79 74 0 41 94 9 83 60 
81 94 55 11 20 35 100 24 37 100 83 46 47 98 75 44 38 73 13 36 14 81 38 27 72 80 0 90 57 58 15 97 41 0 68 24 11 51 
91 88 18 44 8 8 94 86 46 3 21 29 14 33 95 64 67 73 71 34 11 43 15 61 93 36 29 31 92 72 75 70 94 68 0 27 92 44 
47 24 10 85 86 88 46 46 63 40 77 27 24 26 64 25 93 25 15 13 48 95 75 85 64 76 45 12 93 0 13 31 9 24 27 0 56 70 
85 27 41 12 42 37 31 72 57 47 75 29 62 53 45 48 74 10 10 49 56 31 73 26 67 62 1 17 43 99 59 18 83 11 92 56 0 39 
17 37 76 34 97 36 62 89 21 79 49 47 3 23 83 36 47 24 91 81 59 10 85 31 65 72 98 57 35 7 86 24 60 51 44 70 39 0 
BBRBRRBRRBBRRBBBBRBRRRRRBBBRBRBRRBRRBB
