36
0 21 76 69 17 91 17 11 75 46 89 60 34 97 26 40 24 78 67 98 50 86 15 48 55 60 47 13 99 68 16 93 23 72 11 41 
21 0 31 36 97 66 39 4 36 70 64 98 83 94 27 13 82 12 45 64 52 99 56 56 11 3 83 97 97 36 17 95 89 51 72 98 
76 31 0 90 51 77 11 17 80 33 53 38 64 97 18 52 25 41 84 39 25 88 79 47 11 43 17 22 47 53 34 65 76 37 0 69 
69 36 90 0 48 94 26 39 49 29 90 10 7 58 85 75 74 68 21 12 1 16 30 82 21 44 56 10 52 49 83 14 2 64 42 56 
17 97 51 48 0 71 70 34 64 89 67 11 9 29 8 52 42 54 22 31 33 29 91 28 79 26 58 80 5 48 99 6 96 55 89 25 
91 66 77 94 71 0 13 44 19 89 52 28 27 43 96 43 24 59 34 34 85 18 16 55 61 27 75 30 79 91 57 57 73 11 52 45 
17 39 11 26 70 13 0 65 81 57 83 3 50 39 30 4 8 10 69 93 38 54 56 21 61 15 84 5 33 53 36 22 65 28 78 97 
11 4 17 39 34 44 65 0 10 26 66 63 68 57 61 73 21 88 99 38 42 1 25 85 22 69 5 12 32 26 63 67 96 25 86 69 
75 36 80 49 64 19 81 10 0 49 0 24 68 82 91 24 4 9 86 78 91 63 55 68 96 56 27 96 46 89 13 20 65 77 69 3 
46 70 33 29 89 89 57 26 49 0 20 42 2 93 94 31 17 5 40 59 54 6 52 47 76 52 36 45 62 80 58 99 45 32 43 68 
89 64 53 90 67 52 83 66 0 20 0 64 83 49 6 60 35 55 27 76 10 67 13 89 47 27 63 93 7 10 60 25 70 82 15 66 
60 98 38 10 11 28 3 63 24 42 64 0 20 46 35 14 51 50 81 81 50 98 59 95 22 34 95 50 97 65 1 37 2 20 12 0 
34 83 64 7 9 27 50 68 68 2 83 20 0 66 60 5 98 21 54 12 93 72 87 77 12 5 11 43 16 97 66 80 70 91 45 25 
97 94 97 58 29 43 39 57 82 93 49 46 66 0 51 57 46 58 11 26 10 28 22 72 18 61 6 59 60 81 71 56 42 2 16 16 
26 27 18 85 8 96 30 61 91 94 6 35 60 51 0 89 22 83 22 43 28 84 22 85 14 28 62 53 13 51 73 84 83 83 7 91 
40 13 52 75 52 43 4 73 24 31 60 14 5 57 89 0 3 73 0 43 26 62 38 5 20 100 20 4 78 21 34 74 45 77 48 19 
24 82 25 74 42 24 8 21 4 17 35 51 98 46 22 3 0 50 80 59 47 78 81 23 54 65 74 56 81 96 90 37 16 84 51 46 
78 12 41 68 54 59 10 88 9 5 55 50 21 58 83 73 50 0 100 38 10 11 79 55 32 97 75 50 15 21 96 8 22 99 80 91 
67 45 84 21 22 34 69 99 86 40 27 81 54 11 22 0 80 100 0 99 15 64 96 96 16 95 56 1 83 77 62 75 78 61 96 11 
98 64 39 12 31 34 93 38 78 59 76 81 12 26 43 43 59 38 99 0 49 60 47 4 15 32 42 78 8 23 22 70 50 69 95 55 
50 52 25 1 33 85 38 42 91 54 10 50 93 10 28 26 47 10 15 49 0 28 25 96 88 98 14 54 33 40 8 6 68 96 78 44 
86 99 88 16 29 18 54 1 63 6 67 98 72 28 84 62 78 11 64 60 28 0 25 58 40 48 88 82 23 90 44 36 67 58 7 66 
15 56 79 30 91 16 56 25 55 52 13 59 87 22 22 38 81 79 96 47 25 25 0 52 67 20 99 26 20 10 61 97 64 94 26 29 
48 56 47 82 28 55 21 85 68 47 89 95 77 72 85 5 23 55 96 4 96 58 52 0 85 89 45 0 88 89 11 94 97 36 37 63 
55 11 11 21 79 61 61 22 96 76 47 22 12 18 14 20 54 32 16 15 88 40 67 85 0 26 35 23 50 20 39 32 2 19 82 58 
60 3 43 44 26 27 15 69 56 52 27 34 5 61 28 100 65 97 95 32 98 48 20 89 26 0 20 58 41 76 24 25 21 1 70 32 
47 83 17 56 58 75 84 5 27 36 63 95 11 6 62 20 74 75 56 42 14 88 99 45 35 20 0 36 49 10 59 67 95 24 80 68 
13 97 22 10 80 30 5 12 96 45 93 50 43 59 53 4 56 50 1 78 54 82 26 0 23 58 36 0 63 28 80 43 6 71 89 76 
99 97 47 52 5 79 33 32 46 62 7 97 16 60 13 78 81 15 83 8 33 23 20 88 50 41 49 63 0 4 2 70 26 5 48 0 
68 36 53 49 48 91 53 26 89 80 10 65 97 81 51 21 96 21 77 23 40 90 10 89 20 76 10 28 4 0 1 99 25 58 62 27 
16 17 34 83 99 57 36 63 13 58 60 1 66 71 73 34 90 96 62 22 8 44 61 11 39 24 59 80 2 1 0 55 92 6 81 98 
93 95 65 14 6 57 22 67 20 99 25 37 80 56 84 74 37 8 75 70 6 36 97 94 32 25 67 43 70 99 55 0 34 49 73 55 
23 89 76 2 96 73 65 96 65 45 70 2 70 42 83 45 16 22 78 50 68 67 64 97 2 21 95 6 26 25 92 34 0 81 11 74 
72 51 37 64 55 11 28 25 77 32 82 20 91 2 83 77 84 99 61 69 96 58 94 36 19 1 24 71 5 58 6 49 81 0 92 9 
11 72 0 42 89 52 78 86 69 43 15 12 45 16 7 48 51 80 96 95 78 7 26 37 82 70 80 89 48 62 81 73 11 92 0 46 
41 98 69 56 25 45 97 69 3 68 66 0 25 16 91 19 46 91 11 55 44 66 29 63 58 32 68 76 0 27 98 55 74 9 46 0 
RRBRRRRRBBBRRBRBRBRBBRBBBBRRBBRBRBBR
