50
0 42 67 65 99 31 32 35 48 0 81 13 96 19 52 38 26 1 89 50 67 62 18 28 53 53 2 43 39 83 6 45 13 76 29 0 49 30 70 20 78 61 42 89 52 80 25 31 5 60 
42 0 69 86 79 17 28 63 10 35 76 48 47 69 11 46 59 11 89 62 9 93 79 34 4 95 46 5 35 46 30 98 23 86 27 92 4 55 17 73 43 95 84 35 9 54 81 0 44 87 
67 69 0 54 39 11 1 31 90 29 28 93 8 85 43 90 55 12 64 93 62 40 3 19 35 49 80 75 55 68 62 45 38 94 8 97 8 28 30 91 66 53 69 32 86 23 84 68 74 98 
65 86 54 0 41 43 27 29 67 47 94 78 22 90 35 25 61 37 91 87 18 99 55 55 90 66 51 68 2 80 32 41 57 9 80 90 67 61 84 6 1 53 40 85 48 84 76 100 20 55 
99 79 39 41 0 66 20 31 94 85 38 83 52 8 43 34 56 43 96 18 54 64 52 51 92 49 8 18 26 6 20 76 59 13 35 62 83 77 47 59 1 1 71 76 0 53 55 5 75 55 
31 17 11 43 66 0 60 45 60 2 58 47 99 52 41 24 17 78 31 38 41 1 82 20 65 60 37 54 32 45 43 39 64 33 16 98 61 38 82 46 37 16 69 23 13 62 92 1 100 38 
32 28 1 27 20 60 0 47 98 35 9 21 37 9 0 65 40 17 27 8 43 51 22 34 47 84 84 85 37 32 60 69 23 68 93 21 33 48 48 39 74 76 37 15 38 21 6 33 61 76 
35 63 31 29 31 45 47 0 73 84 42 95 100 61 89 10 95 34 38 27 27 24 8 88 0 84 62 92 15 74 34 27 79 73 10 58 60 26 80 92 14 20 70 17 65 53 12 84 74 50 
48 10 90 67 94 60 98 73 0 84 31 28 21 82 56 43 82 38 71 41 95 70 94 67 32 43 28 33 88 72 46 86 50 35 43 31 94 44 48 32 24 16 60 61 59 83 93 98 49 23 
0 35 29 47 85 2 35 84 84 0 92 44 30 92 66 78 3 62 57 39 11 44 34 16 84 4 97 63 67 29 28 10 95 5 14 81 35 11 29 100 5 57 36 74 8 24 23 12 100 52 
81 76 28 94 38 58 9 42 31 92 0 37 19 96 15 60 31 10 55 21 66 59 7 69 15 64 0 4 7 44 6 26 32 96 59 91 39 26 92 69 40 73 73 24 74 65 21 61 14 70 
13 48 93 78 83 47 21 95 28 44 37 0 44 61 94 63 28 11 15 46 8 79 2 40 62 74 68 81 36 48 47 15 92 72 46 90 1 75 76 73 51 68 5 52 91 27 100 99 66 75 
96 47 8 22 52 99 37 100 21 30 19 44 0 73 84 32 21 26 2 23 18 57 37 30 8 78 27 61 24 48 52 22 24 28 32 33 68 23 10 42 42 84 31 5 37 76 44 19 42 40 
19 69 85 90 8 52 9 61 82 92 96 61 73 0 32 82 40 99 41 72 59 50 56 17 98 96 38 15 84 31 67 98 52 29 27 74 5 44 25 42 15 2 19 79 79 62 5 40 30 74 
52 11 43 35 43 41 0 89 56 66 15 94 84 32 0 62 60 59 99 27 74 33 63 17 31 34 97 99 25 91 53 39 45 52 33 100 94 30 21 54 80 82 60 17 97 9 68 82 39 17 
38 46 90 25 34 24 65 10 43 78 60 63 32 82 62 0 57 39 5 31 49 23 76 0 91 99 65 96 62 42 9 77 51 67 59 3 32 23 78 56 70 8 89 9 37 70 99 79 56 49 
26 59 55 61 56 17 40 95 82 3 31 28 21 40 60 57 0 71 60 39 81 64 58 1 100 65 65 16 58 35 4 32 36 51 65 70 74 91 36 44 88 31 39 14 7 61 32 64 5 27 
1 11 12 37 43 78 17 34 38 62 10 11 26 99 59 39 71 0 24 54 33 62 2 41 16 67 84 85 80 12 19 43 98 3 65 6 6 31 36 41 45 34 82 22 18 28 45 56 41 6 
89 89 64 91 96 31 27 38 71 57 55 15 2 41 99 5 60 24 0 5 82 8 65 69 29 80 55 17 72 32 0 5 30 100 10 62 81 30 3 55 99 20 99 85 73 8 50 16 31 40 
50 62 93 87 18 38 8 27 41 39 21 46 23 72 27 31 39 54 5 0 76 12 11 63 51 80 58 55 97 1 22 6 58 48 48 22 14 70 6 2 73 66 42 8 25 29 48 16 34 86 
67 9 62 18 54 41 43 27 95 11 66 8 18 59 74 49 81 33 82 76 0 1 87 62 69 56 27 85 66 31 70 37 84 36 20 74 87 59 34 13 51 64 92 10 13 16 4 94 91 6 
62 93 40 99 64 1 51 24 70 44 59 79 57 50 33 23 64 62 8 12 1 0 57 56 61 9 17 59 66 12 13 26 71 66 84 0 79 83 97 82 3 6 56 60 23 29 89 49 6 60 
18 79 3 55 52 82 22 8 94 34 7 2 37 56 63 76 58 2 65 11 87 57 0 19 79 50 100 83 11 8 71 30 53 23 92 86 43 13 92 56 16 47 0 31 37 81 15 31 4 21 
28 34 19 55 51 20 34 88 67 16 69 40 30 17 17 0 1 41 69 63 62 56 19 0 71 73 88 19 10 23 55 10 87 59 78 95 8 26 89 49 50 49 32 60 15 87 56 9 71 63 
53 4 35 90 92 65 47 0 32 84 15 62 8 98 31 91 100 16 29 51 69 61 79 71 0 42 27 6 98 69 5 99 47 44 40 60 36 76 95 22 59 19 99 27 6 7 3 61 54 29 
53 95 49 66 49 60 84 84 43 4 64 74 78 96 34 99 65 67 80 80 56 9 50 73 42 0 40 94 41 53 11 17 43 66 0 98 43 33 74 47 37 3 0 79 30 75 46 17 43 38 
2 46 80 51 8 37 84 62 28 97 0 68 27 38 97 65 65 84 55 58 27 17 100 88 27 40 0 60 46 44 95 31 85 42 54 95 8 49 63 83 89 26 99 92 43 0 52 74 99 12 
43 5 75 68 18 54 85 92 33 63 4 81 61 15 99 96 16 85 17 55 85 59 83 19 6 94 60 0 3 88 100 93 0 35 95 91 18 27 25 96 57 63 65 88 74 96 64 34 14 75 
39 35 55 2 26 32 37 15 88 67 7 36 24 84 25 62 58 80 72 97 66 66 11 10 98 41 46 3 0 27 31 13 82 61 77 52 59 11 66 73 16 65 68 19 84 77 32 7 70 96 
83 46 68 80 6 45 32 74 72 29 44 48 48 31 91 42 35 12 32 1 31 12 8 23 69 53 44 88 27 0 16 38 37 42 81 15 38 70 98 35 10 38 15 57 83 8 43 31 24 47 
6 30 62 32 20 43 60 34 46 28 6 47 52 67 53 9 4 19 0 22 70 13 71 55 5 11 95 100 31 16 0 3 93 4 40 20 62 13 45 46 1 94 58 1 89 83 17 11 1 97 
45 98 45 41 76 39 69 27 86 10 26 15 22 98 39 77 32 43 5 6 37 26 30 10 99 17 31 93 13 38 3 0 75 60 95 26 4 90 55 71 92 59 13 97 84 19 81 51 61 10 
13 23 38 57 59 64 23 79 50 95 32 92 24 52 45 51 36 98 30 58 84 71 53 87 47 43 85 0 82 37 93 75 0 86 54 2 90 71 56 69 75 64 43 11 61 37 84 28 98 5 
76 86 94 9 13 33 68 73 35 5 96 72 28 29 52 67 51 3 100 48 36 66 23 59 44 66 42 35 61 42 4 60 86 0 35 18 67 96 30 25 69 87 46 30 62 44 32 37 2 39 
29 27 8 80 35 16 93 10 43 14 59 46 32 27 33 59 65 65 10 48 20 84 92 78 40 0 54 95 77 81 40 95 54 35 0 40 10 78 91 49 63 6 56 67 65 89 66 66 6 39 
0 92 97 90 62 98 21 58 31 81 91 90 33 74 100 3 70 6 62 22 74 0 86 95 60 98 95 91 52 15 20 26 2 18 40 0 48 90 85 25 55 43 7 97 5 40 94 37 96 83 
49 4 8 67 83 61 33 60 94 35 39 1 68 5 94 32 74 6 81 14 87 79 43 8 36 43 8 18 59 38 62 4 90 67 10 48 0 78 58 26 61 23 35 9 100 62 4 69 1 71 
30 55 28 61 77 38 48 26 44 11 26 75 23 44 30 23 91 31 30 70 59 83 13 26 76 33 49 27 11 70 13 90 71 96 78 90 78 0 45 76 96 47 92 88 65 51 37 29 9 36 
70 17 30 84 47 82 48 80 48 29 92 76 10 25 21 78 36 36 3 6 34 97 92 89 95 74 63 25 66 98 45 55 56 30 91 85 58 45 0 14 20 48 25 41 55 59 96 93 80 66 
20 73 91 6 59 46 39 92 32 100 69 73 42 42 54 56 44 41 55 2 13 82 56 49 22 47 83 96 73 35 46 71 69 25 49 25 26 76 14 0 59 39 75 83 58 75 71 37 21 34 
78 43 66 1 1 37 74 14 24 5 40 51 42 15 80 70 88 45 99 73 51 3 16 50 59 37 89 57 16 10 1 92 75 69 63 55 61 96 20 59 0 75 43 75 6 54 83 76 41 96 
61 95 53 53 1 16 76 20 16 57 73 68 84 2 82 8 31 34 20 66 64 6 47 49 19 3 26 63 65 38 94 59 64 87 6 43 23 47 48 39 75 0 19 35 39 20 25 21 63 57 
42 84 69 40 71 69 37 70 60 36 73 5 31 19 60 89 39 82 99 42 92 56 0 32 99 0 99 65 68 15 58 13 43 46 56 7 35 92 25 75 43 19 0 7 52 98 5 66 77 27 
89 35 32 85 76 23 15 17 61 74 24 52 5 79 17 9 14 22 85 8 10 60 31 60 27 79 92 88 19 57 1 97 11 30 67 97 9 88 41 83 75 35 7 0 9 30 21 99 7 86 
52 9 86 48 0 13 38 65 59 8 74 91 37 79 97 37 7 18 73 25 13 23 37 15 6 30 43 74 84 83 89 84 61 62 65 5 100 65 55 58 6 39 52 9 0 32 46 67 83 68 
80 54 23 84 53 62 21 53 83 24 65 27 76 62 9 70 61 28 8 29 16 29 81 87 7 75 0 96 77 8 83 19 37 44 89 40 62 51 59 75 54 20 98 30 32 0 69 81 96 62 
25 81 84 76 55 92 6 12 93 23 21 100 44 5 68 99 32 45 50 48 4 89 15 56 3 46 52 64 32 43 17 81 84 32 66 94 4 37 96 71 83 25 5 21 46 69 0 39 15 61 
31 0 68 100 5 1 33 84 98 12 61 99 19 40 82 79 64 56 16 16 94 49 31 9 61 17 74 34 7 31 11 51 28 37 66 37 69 29 93 37 76 21 66 99 67 81 39 0 97 13 
5 44 74 20 75 100 61 74 49 100 14 66 42 30 39 56 5 41 31 34 91 6 4 71 54 43 99 14 70 24 1 61 98 2 6 96 1 9 80 21 41 63 77 7 83 96 15 97 0 80 
60 87 98 55 55 38 76 50 23 52 70 75 40 74 17 49 27 6 40 86 6 60 21 63 29 38 12 75 96 47 97 10 5 39 39 83 71 36 66 34 96 57 27 86 68 62 61 13 80 0 
BBRBRRBRBRBRBBBRRRBBRBBBRBBRRBBBRBRRBRRBBRBRRRRRRB
