44
0 57 1 98 55 28 28 10 12 33 39 25 43 79 9 33 50 50 16 52 28 83 74 100 68 53 74 22 12 42 2 93 29 84 54 54 93 94 24 61 53 98 75 46 
57 0 63 57 96 89 64 17 95 48 53 78 18 44 6 43 8 96 33 5 25 76 37 82 86 95 4 11 45 70 55 87 93 16 4 45 65 86 33 71 31 45 48 47 
1 63 0 27 79 80 37 35 23 63 85 18 88 100 55 44 78 7 40 61 64 69 13 73 75 76 56 85 92 57 33 29 84 22 64 47 96 55 73 33 34 67 52 67 
98 57 27 0 21 16 28 33 93 8 67 50 4 91 5 46 31 29 100 55 71 60 100 83 74 11 10 59 43 58 71 29 54 19 18 78 60 53 39 23 61 19 93 81 
55 96 79 21 0 46 65 96 66 14 80 13 75 45 99 92 18 8 78 0 20 86 19 4 71 52 86 66 48 79 36 70 43 86 1 84 41 57 49 74 57 41 90 77 
28 89 80 16 46 0 36 86 6 70 13 83 4 52 70 34 21 34 32 30 32 66 13 65 83 8 89 8 38 77 78 35 2 70 87 39 1 52 16 17 71 35 18 36 
28 64 37 28 65 36 0 73 66 76 46 23 56 70 19 19 47 35 69 31 48 12 64 4 83 45 99 95 5 82 58 83 26 26 17 62 27 7 50 43 93 81 19 54 
10 17 35 33 96 86 73 0 25 82 58 40 40 90 90 97 90 60 19 5 92 40 28 83 83 38 31 56 39 14 7 54 40 60 73 60 74 14 18 90 80 59 40 34 
12 95 23 93 66 6 66 25 0 40 21 19 78 38 11 25 60 82 33 80 12 84 23 13 34 86 75 46 26 80 27 62 32 96 32 31 14 75 88 53 69 53 87 20 
33 48 63 8 14 70 76 82 40 0 35 74 26 81 100 49 48 70 29 100 33 61 53 59 81 82 51 52 72 46 59 93 81 67 55 5 70 18 2 99 37 97 14 63 
39 53 85 67 80 13 46 58 21 35 0 7 65 84 76 80 39 41 28 44 85 66 55 74 98 90 41 97 75 53 16 34 29 41 26 21 93 61 69 24 12 48 7 39 
25 78 18 50 13 83 23 40 19 74 7 0 84 18 93 96 91 83 56 48 71 61 51 14 59 92 31 0 79 3 28 41 40 4 65 93 9 56 15 46 55 30 62 73 
43 18 88 4 75 4 56 40 78 26 65 84 0 34 88 92 44 4 11 53 55 70 72 79 9 47 10 45 93 90 61 8 94 10 6 27 9 83 10 69 59 52 6 65 
79 44 100 91 45 52 70 90 38 81 84 18 34 0 42 95 89 40 26 76 39 62 61 67 70 58 1 96 19 71 65 39 6 33 32 39 57 38 86 28 90 36 87 37 
9 6 55 5 99 70 19 90 11 100 76 93 88 42 0 32 57 77 28 35 36 93 35 39 79 64 49 79 18 1 55 95 32 29 51 9 25 57 47 82 30 10 26 21 
33 43 44 46 92 34 19 97 25 49 80 96 92 95 32 0 53 58 55 46 78 55 68 60 88 1 76 71 63 53 96 13 84 18 41 3 92 93 11 75 27 13 28 90 
50 8 78 31 18 21 47 90 60 48 39 91 44 89 57 53 0 68 32 34 41 50 27 7 38 14 28 17 97 93 60 12 16 68 26 32 54 58 27 10 26 95 84 57 
50 96 7 29 8 34 35 60 82 70 41 83 4 40 77 58 68 0 84 8 86 87 27 51 45 57 10 56 28 4 54 56 97 57 93 31 66 59 77 99 36 29 38 22 
16 33 40 100 78 32 69 19 33 29 28 56 11 26 28 55 32 84 0 68 18 97 22 78 79 66 94 39 13 17 72 46 59 82 13 3 27 44 66 14 68 26 83 21 
52 5 61 55 0 30 31 5 80 100 44 48 53 76 35 46 34 8 68 0 45 10 90 47 99 30 32 45 58 84 97 38 2 92 47 86 71 63 69 92 9 41 59 8 
28 25 64 71 20 32 48 92 12 33 85 71 55 39 36 78 41 86 18 45 0 4 2 36 37 31 81 74 68 77 46 34 85 54 44 58 56 69 73 68 37 39 95 87 
83 76 69 60 86 66 12 40 84 61 66 61 70 62 93 55 50 87 97 10 4 0 82 64 64 68 69 91 4 84 71 8 52 20 94 44 25 43 88 52 0 17 49 58 
74 37 13 100 19 13 64 28 23 53 55 51 72 61 35 68 27 27 22 90 2 82 0 64 22 62 100 81 83 6 80 27 49 8 21 21 24 25 40 48 69 91 33 62 
100 82 73 83 4 65 4 83 13 59 74 14 79 67 39 60 7 51 78 47 36 64 64 0 74 85 59 31 24 32 30 40 29 79 60 41 45 44 90 19 52 49 89 11 
68 86 75 74 71 83 83 83 34 81 98 59 9 70 79 88 38 45 79 99 37 64 22 74 0 5 35 13 28 94 71 70 97 64 77 38 91 77 42 67 62 64 63 73 
53 95 76 11 52 8 45 38 86 82 90 92 47 58 64 1 14 57 66 30 31 68 62 85 5 0 41 46 81 63 9 82 65 48 14 81 14 78 35 20 96 88 58 63 
74 4 56 10 86 89 99 31 75 51 41 31 10 1 49 76 28 10 94 32 81 69 100 59 35 41 0 95 72 49 100 63 98 26 56 62 7 12 22 87 47 96 77 92 
22 11 85 59 66 8 95 56 46 52 97 0 45 96 79 71 17 56 39 45 74 91 81 31 13 46 95 0 19 100 27 94 64 74 5 73 99 21 28 71 1 68 41 56 
12 45 92 43 48 38 5 39 26 72 75 79 93 19 18 63 97 28 13 58 68 4 83 24 28 81 72 19 0 79 36 23 91 90 19 47 34 1 32 69 39 90 56 0 
42 70 57 58 79 77 82 14 80 46 53 3 90 71 1 53 93 4 17 84 77 84 6 32 94 63 49 100 79 0 32 91 92 58 87 18 8 55 82 87 48 59 68 86 
2 55 33 71 36 78 58 7 27 59 16 28 61 65 55 96 60 54 72 97 46 71 80 30 71 9 100 27 36 32 0 97 37 17 62 20 52 25 11 86 53 5 60 59 
93 87 29 29 70 35 83 54 62 93 34 41 8 39 95 13 12 56 46 38 34 8 27 40 70 82 63 94 23 91 97 0 99 20 70 8 71 73 94 12 10 57 88 58 
29 93 84 54 43 2 26 40 32 81 29 40 94 6 32 84 16 97 59 2 85 52 49 29 97 65 98 64 91 92 37 99 0 84 14 35 32 39 58 16 40 55 13 10 
84 16 22 19 86 70 26 60 96 67 41 4 10 33 29 18 68 57 82 92 54 20 8 79 64 48 26 74 90 58 17 20 84 0 97 44 64 33 41 78 97 73 16 50 
54 4 64 18 1 87 17 73 32 55 26 65 6 32 51 41 26 93 13 47 44 94 21 60 77 14 56 5 19 87 62 70 14 97 0 20 86 57 1 28 15 32 88 70 
54 45 47 78 84 39 62 60 31 5 21 93 27 39 9 3 32 31 3 86 58 44 21 41 38 81 62 73 47 18 20 8 35 44 20 0 13 33 77 100 39 40 63 42 
93 65 96 60 41 1 27 74 14 70 93 9 9 57 25 92 54 66 27 71 56 25 24 45 91 14 7 99 34 8 52 71 32 64 86 13 0 0 43 95 71 80 58 95 
94 86 55 53 57 52 7 14 75 18 61 56 83 38 57 93 58 59 44 63 69 43 25 44 77 78 12 21 1 55 25 73 39 33 57 33 0 0 71 32 78 58 63 9 
24 33 73 39 49 16 50 18 88 2 69 15 10 86 47 11 27 77 66 69 73 88 40 90 42 35 22 28 32 82 11 94 58 41 1 77 43 71 0 84 35 82 55 82 
61 71 33 23 74 17 43 90 53 99 24 46 69 28 82 75 10 99 14 92 68 52 48 19 67 20 87 71 69 87 86 12 16 78 28 100 95 32 84 0 59 21 18 30 
53 31 34 61 57 71 93 80 69 37 12 55 59 90 30 27 26 36 68 9 37 0 69 52 62 96 47 1 39 48 53 10 40 97 15 39 71 78 35 59 0 8 72 44 
98 45 67 19 41 35 81 59 53 97 48 30 52 36 10 13 95 29 26 41 39 17 91 49 64 88 96 68 90 59 5 57 55 73 32 40 80 58 82 21 8 0 56 88 
75 48 52 93 90 18 19 40 87 14 7 62 6 87 26 28 84 38 83 59 95 49 33 89 63 58 77 41 56 68 60 88 13 16 88 63 58 63 55 18 72 56 0 71 
46 47 67 81 77 36 54 34 20 63 39 73 65 37 21 90 57 22 21 8 87 58 62 11 73 63 92 56 0 86 59 58 10 50 70 42 95 9 82 30 44 88 71 0 
BBBRBBRRBBBRBBBBBRRRRRBRRRBBRRRBBBBRRBBRRRRR
