26
0 46 41 11 20 20 25 59 97 82 37 16 37 40 98 94 53 28 16 50 90 54 0 67 24 51 
46 0 83 0 38 15 43 6 36 73 90 56 14 69 18 79 48 45 63 5 4 21 48 56 97 77 
41 83 0 77 68 14 40 62 19 24 30 83 69 6 91 7 85 59 77 57 2 20 22 78 1 93 
11 0 77 0 80 79 84 64 59 68 13 11 93 93 68 38 55 17 75 76 65 16 19 14 12 20 
20 38 68 80 0 23 54 59 47 94 76 18 53 92 5 96 34 42 8 47 99 81 77 18 48 45 
20 15 14 79 23 0 41 0 8 20 9 13 76 1 25 93 94 8 88 3 69 69 19 43 63 77 
25 43 40 84 54 41 0 34 29 84 81 8 82 66 19 47 28 6 27 76 13 78 62 50 36 33 
59 6 62 64 59 0 34 0 18 4 75 38 54 29 57 6 45 0 39 19 26 97 70 99 20 67 
97 36 19 59 47 8 29 18 0 92 1 35 70 62 86 47 20 55 11 44 62 84 63 95 41 96 
82 73 24 68 94 20 84 4 92 0 4 19 30 12 97 35 89 49 57 0 36 47 39 23 28 79 
37 90 30 13 76 9 81 75 1 4 0 52 77 31 92 5 68 34 65 60 61 88 97 51 76 76 
16 56 83 11 18 13 8 38 35 19 52 0 78 80 89 72 94 35 84 76 35 48 2 11 48 4 
37 14 69 93 53 76 82 54 70 30 77 78 0 13 50 18 64 28 13 92 86 97 61 8 6 8 
40 69 6 93 92 1 66 29 62 12 31 80 13 0 29 94 46 56 39 11 18 3 72 8 85 53 
98 18 91 68 5 25 19 57 86 97 92 89 50 29 0 11 21 14 88 42 1 27 58 20 79 77 
94 79 7 38 96 93 47 6 47 35 5 72 18 94 11 0 43 93 21 50 17 25 6 74 67 97 
53 48 85 55 34 94 28 45 20 89 68 94 64 46 21 43 0 90 78 9 20 26 42 55 24 64 
28 45 59 17 42 8 6 0 55 49 34 35 28 56 14 93 90 0 7 89 53 78 65 78 58 25 
16 63 77 75 8 88 27 39 11 57 65 84 13 39 88 21 78 7 0 72 12 36 99 7 77 80 
50 5 57 76 47 3 76 19 44 0 60 76 92 11 42 50 9 89 72 0 39 7 28 79 63 47 
90 4 2 65 99 69 13 26 62 36 61 35 86 18 1 17 20 53 12 39 0 7 100 68 66 63 
54 21 20 16 81 69 78 97 84 47 88 48 97 3 27 25 26 78 36 7 7 0 87 34 97 96 
0 48 22 19 77 19 62 70 63 39 97 2 61 72 58 6 42 65 99 28 100 87 0 12 70 20 
67 56 78 14 18 43 50 99 95 23 51 11 8 8 20 74 55 78 7 79 68 34 12 0 14 63 
24 97 1 12 48 63 36 20 41 28 76 48 6 85 79 67 24 58 77 63 66 97 70 14 0 1 
51 77 93 20 45 77 33 67 96 79 76 4 8 53 77 97 64 25 80 47 63 96 20 63 1 0 
BRBRRRBBRRBRBRBBRRBBRRBRBB
