40
0 47 47 22 44 5 26 12 17 48 89 52 70 17 98 77 92 9 12 94 88 82 31 63 69 59 19 24 32 71 93 22 85 82 95 17 81 62 9 78 
47 0 87 51 38 23 10 77 57 100 48 27 3 59 50 15 74 11 81 60 74 84 19 14 87 24 3 0 19 74 20 31 27 83 19 2 35 43 95 87 
47 87 0 18 88 11 80 55 60 12 12 6 2 12 35 31 79 93 31 56 99 75 23 24 63 86 67 15 80 95 73 39 84 32 31 88 67 3 92 59 
22 51 18 0 64 66 14 94 62 19 13 15 52 57 71 70 73 93 14 66 83 52 57 11 66 79 63 13 23 34 67 3 100 40 56 68 94 3 79 63 
44 38 88 64 0 62 71 70 14 40 86 87 63 99 21 34 7 5 94 52 61 48 48 73 76 8 18 98 89 81 4 33 38 24 34 0 86 32 77 99 
5 23 11 66 62 0 11 88 30 90 10 6 57 81 28 14 45 64 73 99 32 1 98 4 17 89 4 11 84 20 48 99 90 22 64 38 31 84 87 68 
26 10 80 14 71 11 0 54 86 48 11 17 62 76 48 45 54 37 20 29 75 9 58 1 62 47 9 79 20 46 19 85 73 11 72 47 86 12 74 11 
12 77 55 94 70 88 54 0 14 34 72 48 0 34 97 71 5 25 67 64 86 25 70 0 47 82 87 83 78 32 90 13 77 61 16 21 6 100 14 7 
17 57 60 62 14 30 86 14 0 33 85 46 79 43 48 23 99 2 22 5 81 72 17 8 89 93 57 17 66 71 49 55 45 99 16 89 2 74 56 44 
48 100 12 19 40 90 48 34 33 0 28 62 1 76 7 97 9 34 94 2 45 35 84 13 100 48 55 39 44 8 67 62 1 10 8 10 37 49 50 94 
89 48 12 13 86 10 11 72 85 28 0 73 6 76 68 33 93 25 89 55 94 55 9 2 14 35 62 3 59 14 23 37 71 39 89 5 59 19 22 45 
52 27 6 15 87 6 17 48 46 62 73 0 67 78 24 61 93 94 69 47 22 88 60 14 27 23 42 36 31 75 99 49 25 37 85 41 69 81 42 11 
70 3 2 52 63 57 62 0 79 1 6 67 0 98 69 99 76 8 23 87 62 92 65 67 3 4 8 90 18 28 76 56 13 67 27 14 82 94 5 96 
17 59 12 57 99 81 76 34 43 76 76 78 98 0 15 91 38 23 56 17 33 25 69 27 96 4 9 48 35 75 79 79 40 13 61 15 46 86 27 44 
98 50 35 71 21 28 48 97 48 7 68 24 69 15 0 25 60 12 31 98 24 8 72 18 33 15 86 2 17 3 67 30 43 34 97 61 80 60 54 75 
77 15 31 70 34 14 45 71 23 97 33 61 99 91 25 0 19 57 96 88 42 28 54 35 26 78 42 78 30 86 1 22 93 95 70 62 19 55 44 20 
92 74 79 73 7 45 54 5 99 9 93 93 76 38 60 19 0 86 95 39 84 17 16 46 44 96 40 28 61 59 8 60 89 91 78 93 10 49 11 43 
9 11 93 93 5 64 37 25 2 34 25 94 8 23 12 57 86 0 70 88 40 14 92 34 26 24 80 49 45 17 10 94 94 97 68 81 2 74 8 49 
12 81 31 14 94 73 20 67 22 94 89 69 23 56 31 96 95 70 0 68 38 100 95 21 85 67 0 62 69 59 80 67 57 47 16 87 3 84 78 95 
94 60 56 66 52 99 29 64 5 2 55 47 87 17 98 88 39 88 68 0 77 19 76 49 61 18 33 40 42 83 10 56 57 57 6 93 54 6 58 89 
88 74 99 83 61 32 75 86 81 45 94 22 62 33 24 42 84 40 38 77 0 21 83 85 29 2 60 71 93 93 2 49 48 86 60 1 1 74 73 55 
82 84 75 52 48 1 9 25 72 35 55 88 92 25 8 28 17 14 100 19 21 0 43 35 84 25 83 27 27 57 2 33 91 18 10 84 83 46 32 64 
31 19 23 57 48 98 58 70 17 84 9 60 65 69 72 54 16 92 95 76 83 43 0 83 27 3 16 93 32 98 62 97 39 27 2 68 60 1 40 22 
63 14 24 11 73 4 1 0 8 13 2 14 67 27 18 35 46 34 21 49 85 35 83 0 85 100 40 96 41 13 96 67 85 14 75 41 31 58 81 28 
69 87 63 66 76 17 62 47 89 100 14 27 3 96 33 26 44 26 85 61 29 84 27 85 0 68 62 36 41 2 6 98 78 99 15 38 57 15 50 45 
59 24 86 79 8 89 47 82 93 48 35 23 4 4 15 78 96 24 67 18 2 25 3 100 68 0 58 46 69 11 81 32 0 66 85 47 50 15 23 92 
19 3 67 63 18 4 9 87 57 55 62 42 8 9 86 42 40 80 0 33 60 83 16 40 62 58 0 11 51 79 33 12 14 33 0 28 28 63 15 14 
24 0 15 13 98 11 79 83 17 39 3 36 90 48 2 78 28 49 62 40 71 27 93 96 36 46 11 0 3 84 66 25 0 60 14 87 58 71 60 43 
32 19 80 23 89 84 20 78 66 44 59 31 18 35 17 30 61 45 69 42 93 27 32 41 41 69 51 3 0 91 95 24 97 78 6 8 85 54 44 46 
71 74 95 34 81 20 46 32 71 8 14 75 28 75 3 86 59 17 59 83 93 57 98 13 2 11 79 84 91 0 69 24 14 22 72 25 8 87 33 57 
93 20 73 67 4 48 19 90 49 67 23 99 76 79 67 1 8 10 80 10 2 2 62 96 6 81 33 66 95 69 0 39 30 78 62 65 30 9 95 97 
22 31 39 3 33 99 85 13 55 62 37 49 56 79 30 22 60 94 67 56 49 33 97 67 98 32 12 25 24 24 39 0 7 76 16 53 85 50 74 10 
85 27 84 100 38 90 73 77 45 1 71 25 13 40 43 93 89 94 57 57 48 91 39 85 78 0 14 0 97 14 30 7 0 86 69 31 32 17 19 88 
82 83 32 40 24 22 11 61 99 10 39 37 67 13 34 95 91 97 47 57 86 18 27 14 99 66 33 60 78 22 78 76 86 0 53 93 12 33 64 75 
95 19 31 56 34 64 72 16 16 8 89 85 27 61 97 70 78 68 16 6 60 10 2 75 15 85 0 14 6 72 62 16 69 53 0 79 40 4 69 99 
17 2 88 68 0 38 47 21 89 10 5 41 14 15 61 62 93 81 87 93 1 84 68 41 38 47 28 87 8 25 65 53 31 93 79 0 93 92 38 5 
81 35 67 94 86 31 86 6 2 37 59 69 82 46 80 19 10 2 3 54 1 83 60 31 57 50 28 58 85 8 30 85 32 12 40 93 0 53 41 20 
62 43 3 3 32 84 12 100 74 49 19 81 94 86 60 55 49 74 84 6 74 46 1 58 15 15 63 71 54 87 9 50 17 33 4 92 53 0 65 35 
9 95 92 79 77 87 74 14 56 50 22 42 5 27 54 44 11 8 78 58 73 32 40 81 50 23 15 60 44 33 95 74 19 64 69 38 41 65 0 89 
78 87 59 63 99 68 11 7 44 94 45 11 96 44 75 20 43 49 95 89 55 64 22 28 45 92 14 43 46 57 97 10 88 75 99 5 20 35 89 0 
RBBRRRBRRBBRBBRRBBRBBRRRBBBBBBRBBRRRBRRR
