34
0 27 38 41 2 37 51 0 29 37 59 16 68 75 84 54 5 52 10 5 48 54 58 33 91 35 29 14 72 49 12 8 91 92 
27 0 10 92 83 52 6 80 42 40 2 79 63 76 18 25 39 98 50 16 98 22 2 5 42 33 58 93 9 27 31 73 66 96 
38 10 0 60 32 15 81 83 4 94 94 36 58 86 66 23 1 27 76 15 8 7 65 84 85 57 37 81 43 22 66 29 33 19 
41 92 60 0 42 48 64 40 86 37 28 40 76 12 62 97 35 33 33 33 21 76 73 16 53 92 85 33 0 26 44 99 18 75 
2 83 32 42 0 2 99 64 22 17 38 70 78 50 98 47 61 46 71 96 13 5 43 32 41 72 47 83 6 92 54 59 8 5 
37 52 15 48 2 0 97 40 77 82 66 50 40 79 34 62 7 39 91 97 55 90 100 86 10 83 42 77 39 9 98 37 33 30 
51 6 81 64 99 97 0 66 87 4 62 43 9 23 63 12 66 97 32 37 99 91 57 33 52 43 8 21 65 57 55 51 39 78 
0 80 83 40 64 40 66 0 83 12 68 74 7 27 92 73 33 56 100 7 38 74 91 65 39 77 51 0 77 0 40 27 60 39 
29 42 4 86 22 77 87 83 0 6 11 91 82 17 54 63 31 9 95 24 40 52 50 7 66 7 33 38 35 14 53 57 73 5 
37 40 94 37 17 82 4 12 6 0 39 53 41 38 84 92 61 60 87 26 61 89 77 40 100 54 66 73 74 76 43 47 70 34 
59 2 94 28 38 66 62 68 11 39 0 17 95 55 92 73 81 38 68 59 3 32 11 45 21 88 96 67 14 17 80 78 45 7 
16 79 36 40 70 50 43 74 91 53 17 0 84 57 8 2 70 58 18 91 10 53 95 30 95 96 93 67 23 0 37 21 90 17 
68 63 58 76 78 40 9 7 82 41 95 84 0 0 85 36 48 100 98 21 31 56 32 56 43 92 47 44 19 11 49 70 99 30 
75 76 86 12 50 79 23 27 17 38 55 57 0 0 95 52 23 62 15 44 6 45 25 64 10 11 61 27 64 1 47 93 78 25 
84 18 66 62 98 34 63 92 54 84 92 8 85 95 0 86 54 91 70 90 25 27 27 72 38 95 3 67 96 55 14 70 23 93 
54 25 23 97 47 62 12 73 63 92 73 2 36 52 86 0 65 56 29 78 50 100 6 100 28 83 30 45 8 23 73 1 73 41 
5 39 1 35 61 7 66 33 31 61 81 70 48 23 54 65 0 77 64 41 3 29 75 18 64 86 61 11 31 27 18 79 81 67 
52 98 27 33 46 39 97 56 9 60 38 58 100 62 91 56 77 0 66 4 18 33 51 15 30 66 82 27 50 27 80 76 87 18 
10 50 76 33 71 91 32 100 95 87 68 18 98 15 70 29 64 66 0 52 70 85 27 63 2 0 46 45 0 44 34 95 22 43 
5 16 15 33 96 97 37 7 24 26 59 91 21 44 90 78 41 4 52 0 21 52 51 9 87 21 76 40 48 78 72 53 31 42 
48 98 8 21 13 55 99 38 40 61 3 10 31 6 25 50 3 18 70 21 0 19 82 73 78 52 52 55 90 8 47 29 80 85 
54 22 7 76 5 90 91 74 52 89 32 53 56 45 27 100 29 33 85 52 19 0 83 96 39 53 84 11 81 73 8 89 77 90 
58 2 65 73 43 100 57 91 50 77 11 95 32 25 27 6 75 51 27 51 82 83 0 88 53 73 45 21 33 9 16 19 48 87 
33 5 84 16 32 86 33 65 7 40 45 30 56 64 72 100 18 15 63 9 73 96 88 0 53 1 42 65 33 21 30 66 82 91 
91 42 85 53 41 10 52 39 66 100 21 95 43 10 38 28 64 30 2 87 78 39 53 53 0 13 33 67 8 1 43 5 22 93 
35 33 57 92 72 83 43 77 7 54 88 96 92 11 95 83 86 66 0 21 52 53 73 1 13 0 16 45 5 46 62 95 48 23 
29 58 37 85 47 42 8 51 33 66 96 93 47 61 3 30 61 82 46 76 52 84 45 42 33 16 0 7 33 48 57 64 32 83 
14 93 81 33 83 77 21 0 38 73 67 67 44 27 67 45 11 27 45 40 55 11 21 65 67 45 7 0 28 64 52 0 83 5 
72 9 43 0 6 39 65 77 35 74 14 23 19 64 96 8 31 50 0 48 90 81 33 33 8 5 33 28 0 75 5 21 51 60 
49 27 22 26 92 9 57 0 14 76 17 0 11 1 55 23 27 27 44 78 8 73 9 21 1 46 48 64 75 0 98 59 41 9 
12 31 66 44 54 98 55 40 53 43 80 37 49 47 14 73 18 80 34 72 47 8 16 30 43 62 57 52 5 98 0 56 57 43 
8 73 29 99 59 37 51 27 57 47 78 21 70 93 70 1 79 76 95 53 29 89 19 66 5 95 64 0 21 59 56 0 83 62 
91 66 33 18 8 33 39 60 73 70 45 90 99 78 23 73 81 87 22 31 80 77 48 82 22 48 32 83 51 41 57 83 0 68 
92 96 19 75 5 30 78 39 5 34 7 17 30 25 93 41 67 18 43 42 85 90 87 91 93 23 83 5 60 9 43 62 68 0 
BRRBBRBRRRRBBRRBRRRBBRRBBRBBBRBRBB
