34
0 52 93 76 74 12 34 66 69 78 18 59 56 96 64 89 10 13 48 6 99 93 99 94 38 20 30 44 67 67 83 39 21 90 
52 0 37 24 41 99 92 9 60 93 83 28 84 72 58 20 35 55 59 93 8 70 80 95 79 9 19 79 94 36 88 97 10 40 
93 37 0 99 26 32 85 86 83 93 59 54 82 28 91 63 55 20 65 91 54 4 12 9 43 26 25 87 91 46 30 95 97 83 
76 24 99 0 0 11 1 99 66 88 84 87 88 9 13 91 88 16 45 70 68 100 55 93 41 37 18 45 66 84 13 30 38 33 
74 41 26 0 0 100 67 43 77 32 92 27 91 11 70 71 57 55 49 23 73 54 62 29 48 58 19 35 89 94 53 24 77 16 
12 99 32 11 100 0 35 23 34 2 79 73 55 27 94 69 44 32 61 83 45 21 4 59 52 53 38 79 30 76 68 82 14 71 
34 92 85 1 67 35 0 75 19 97 70 37 99 19 92 60 82 17 59 64 49 40 4 16 16 80 73 5 29 65 9 52 43 1 
66 9 86 99 43 23 75 0 96 30 16 18 10 1 17 79 31 41 57 56 65 1 88 20 31 12 74 55 93 90 31 24 53 82 
69 60 83 66 77 34 19 96 0 75 36 81 0 32 77 7 93 76 77 69 50 86 76 35 68 95 68 0 52 30 55 1 65 7 
78 93 93 88 32 2 97 30 75 0 42 15 23 51 68 50 25 16 70 55 68 8 40 81 53 74 28 19 98 84 78 32 68 38 
18 83 59 84 92 79 70 16 36 42 0 55 26 2 0 21 42 80 71 27 19 42 29 100 79 15 49 31 31 56 22 41 5 2 
59 28 54 87 27 73 37 18 81 15 55 0 10 78 4 98 25 87 68 60 49 51 7 34 41 18 54 47 71 87 79 42 28 91 
56 84 82 88 91 55 99 10 0 23 26 10 0 1 85 36 82 92 50 22 89 97 2 15 27 55 86 40 6 75 78 53 8 38 
96 72 28 9 11 27 19 1 32 51 2 78 1 0 18 9 27 50 29 44 9 24 98 67 5 12 53 20 60 64 25 15 35 71 
64 58 91 13 70 94 92 17 77 68 0 4 85 18 0 73 27 0 69 6 0 2 53 3 74 27 22 39 29 94 47 73 25 79 
89 20 63 91 71 69 60 79 7 50 21 98 36 9 73 0 50 69 48 39 53 16 15 35 71 42 98 82 69 15 68 28 46 31 
10 35 55 88 57 44 82 31 93 25 42 25 82 27 27 50 0 87 49 35 78 33 7 8 58 13 39 50 71 70 79 20 94 25 
13 55 20 16 55 32 17 41 76 16 80 87 92 50 0 69 87 0 55 15 29 8 11 57 41 68 11 42 39 17 45 50 44 19 
48 59 65 45 49 61 59 57 77 70 71 68 50 29 69 48 49 55 0 16 31 51 97 81 100 54 64 54 65 44 89 14 14 50 
6 93 91 70 23 83 64 56 69 55 27 60 22 44 6 39 35 15 16 0 77 91 29 9 2 14 95 55 84 15 67 21 33 75 
99 8 54 68 73 45 49 65 50 68 19 49 89 9 0 53 78 29 31 77 0 10 39 49 31 18 63 27 22 62 52 36 37 69 
93 70 4 100 54 21 40 1 86 8 42 51 97 24 2 16 33 8 51 91 10 0 93 57 30 39 39 95 65 87 25 62 8 52 
99 80 12 55 62 4 4 88 76 40 29 7 2 98 53 15 7 11 97 29 39 93 0 13 77 81 78 38 7 83 27 64 96 56 
94 95 9 93 29 59 16 20 35 81 100 34 15 67 3 35 8 57 81 9 49 57 13 0 85 92 37 21 11 37 42 86 87 28 
38 79 43 41 48 52 16 31 68 53 79 41 27 5 74 71 58 41 100 2 31 30 77 85 0 57 72 91 87 12 39 17 28 68 
20 9 26 37 58 53 80 12 95 74 15 18 55 12 27 42 13 68 54 14 18 39 81 92 57 0 2 11 24 95 55 13 29 62 
30 19 25 18 19 38 73 74 68 28 49 54 86 53 22 98 39 11 64 95 63 39 78 37 72 2 0 38 76 58 54 8 85 96 
44 79 87 45 35 79 5 55 0 19 31 47 40 20 39 82 50 42 54 55 27 95 38 21 91 11 38 0 14 9 16 11 71 39 
67 94 91 66 89 30 29 93 52 98 31 71 6 60 29 69 71 39 65 84 22 65 7 11 87 24 76 14 0 72 44 10 23 68 
67 36 46 84 94 76 65 90 30 84 56 87 75 64 94 15 70 17 44 15 62 87 83 37 12 95 58 9 72 0 34 99 69 28 
83 88 30 13 53 68 9 31 55 78 22 79 78 25 47 68 79 45 89 67 52 25 27 42 39 55 54 16 44 34 0 62 71 100 
39 97 95 30 24 82 52 24 1 32 41 42 53 15 73 28 20 50 14 21 36 62 64 86 17 13 8 11 10 99 62 0 12 25 
21 10 97 38 77 14 43 53 65 68 5 28 8 35 25 46 94 44 14 33 37 8 96 87 28 29 85 71 23 69 71 12 0 82 
90 40 83 33 16 71 1 82 7 38 2 91 38 71 79 31 25 19 50 75 69 52 56 28 68 62 96 39 68 28 100 25 82 0 
BRBRBBBRBRBRBRBBRBBRRBRBRRRRRBBRBR
