38
0 75 9 33 89 4 3 54 28 8 72 11 82 39 24 35 60 43 33 49 74 76 48 88 50 31 2 30 41 54 5 21 22 36 11 6 30 16 
75 0 37 83 34 55 1 70 92 60 8 90 36 58 25 92 70 43 68 54 60 42 97 34 26 46 64 5 92 18 33 70 73 39 34 2 42 0 
9 37 0 78 97 60 77 22 27 20 60 54 73 11 60 28 45 40 65 19 63 39 96 52 81 13 39 12 3 26 93 80 68 67 4 50 33 18 
33 83 78 0 80 9 60 22 44 61 99 78 59 64 45 39 92 12 86 20 81 10 52 50 17 0 20 92 80 29 36 74 67 69 71 49 59 99 
89 34 97 80 0 93 43 27 45 29 70 42 36 29 65 76 88 56 78 67 84 20 100 5 1 79 27 60 14 49 17 41 93 8 63 66 79 79 
4 55 60 9 93 0 27 22 18 61 66 41 57 51 28 5 11 38 28 100 93 72 83 81 47 89 3 62 32 60 65 27 98 95 69 60 4 59 
3 1 77 60 43 27 0 21 90 9 23 30 59 97 43 88 28 15 33 59 74 34 36 21 68 62 63 10 77 76 93 85 66 70 36 82 72 4 
54 70 22 22 27 22 21 0 64 32 7 4 25 71 2 29 22 65 88 68 61 89 77 48 17 82 99 60 74 7 76 35 80 65 12 77 81 26 
28 92 27 44 45 18 90 64 0 11 70 73 52 84 43 46 98 70 74 82 88 89 18 58 16 81 21 8 67 86 58 42 57 74 8 40 1 47 
8 60 20 61 29 61 9 32 11 0 43 80 81 14 70 16 89 49 44 56 32 39 70 32 65 55 54 99 5 64 74 55 97 8 44 72 78 93 
72 8 60 99 70 66 23 7 70 43 0 52 2 30 32 3 34 7 97 99 48 65 22 15 50 30 60 54 17 78 85 26 35 4 56 56 97 40 
11 90 54 78 42 41 30 4 73 80 52 0 51 40 39 61 31 35 16 0 24 89 41 58 30 92 88 48 19 18 28 96 17 55 48 0 33 26 
82 36 73 59 36 57 59 25 52 81 2 51 0 33 74 98 4 79 28 94 27 72 17 84 19 33 75 62 0 52 52 6 52 26 72 25 94 36 
39 58 11 64 29 51 97 71 84 14 30 40 33 0 65 78 47 50 80 69 42 0 51 24 48 78 53 31 7 22 73 48 40 73 81 16 39 64 
24 25 60 45 65 28 43 2 43 70 32 39 74 65 0 88 36 27 25 30 79 59 13 95 71 13 4 85 56 73 49 55 29 67 67 40 14 21 
35 92 28 39 76 5 88 29 46 16 3 61 98 78 88 0 80 89 90 18 32 74 65 35 93 16 2 81 85 83 61 92 62 18 61 25 66 74 
60 70 45 92 88 11 28 22 98 89 34 31 4 47 36 80 0 15 94 91 88 90 3 69 67 90 87 22 21 78 29 71 51 55 28 44 45 10 
43 43 40 12 56 38 15 65 70 49 7 35 79 50 27 89 15 0 86 86 10 46 84 20 75 90 6 58 94 91 59 73 11 34 68 38 2 75 
33 68 65 86 78 28 33 88 74 44 97 16 28 80 25 90 94 86 0 6 39 46 3 66 81 21 93 87 80 96 83 80 74 61 92 99 39 32 
49 54 19 20 67 100 59 68 82 56 99 0 94 69 30 18 91 86 6 0 28 97 94 65 94 72 81 55 59 84 32 11 50 11 91 21 41 20 
74 60 63 81 84 93 74 61 88 32 48 24 27 42 79 32 88 10 39 28 0 17 40 88 13 80 23 58 40 21 89 99 58 78 11 63 93 72 
76 42 39 10 20 72 34 89 89 39 65 89 72 0 59 74 90 46 46 97 17 0 25 37 93 18 65 98 74 90 51 35 38 62 73 61 62 14 
48 97 96 52 100 83 36 77 18 70 22 41 17 51 13 65 3 84 3 94 40 25 0 66 41 22 54 67 73 24 15 41 60 15 32 94 40 6 
88 34 52 50 5 81 21 48 58 32 15 58 84 24 95 35 69 20 66 65 88 37 66 0 54 15 6 17 8 66 8 88 72 57 49 30 100 83 
50 26 81 17 1 47 68 17 16 65 50 30 19 48 71 93 67 75 81 94 13 93 41 54 0 41 98 50 48 36 64 15 91 86 56 34 45 19 
31 46 13 0 79 89 62 82 81 55 30 92 33 78 13 16 90 90 21 72 80 18 22 15 41 0 65 82 49 30 35 10 34 75 78 96 87 3 
2 64 39 20 27 3 63 99 21 54 60 88 75 53 4 2 87 6 93 81 23 65 54 6 98 65 0 23 64 86 47 61 66 21 23 39 79 95 
30 5 12 92 60 62 10 60 8 99 54 48 62 31 85 81 22 58 87 55 58 98 67 17 50 82 23 0 50 61 19 84 47 33 17 25 89 11 
41 92 3 80 14 32 77 74 67 5 17 19 0 7 56 85 21 94 80 59 40 74 73 8 48 49 64 50 0 85 6 99 87 37 90 69 77 11 
54 18 26 29 49 60 76 7 86 64 78 18 52 22 73 83 78 91 96 84 21 90 24 66 36 30 86 61 85 0 50 99 57 25 99 90 32 63 
5 33 93 36 17 65 93 76 58 74 85 28 52 73 49 61 29 59 83 32 89 51 15 8 64 35 47 19 6 50 0 75 74 96 98 23 29 52 
21 70 80 74 41 27 85 35 42 55 26 96 6 48 55 92 71 73 80 11 99 35 41 88 15 10 61 84 99 99 75 0 18 65 36 5 10 79 
22 73 68 67 93 98 66 80 57 97 35 17 52 40 29 62 51 11 74 50 58 38 60 72 91 34 66 47 87 57 74 18 0 77 7 0 6 70 
36 39 67 69 8 95 70 65 74 8 4 55 26 73 67 18 55 34 61 11 78 62 15 57 86 75 21 33 37 25 96 65 77 0 78 5 81 56 
11 34 4 71 63 69 36 12 8 44 56 48 72 81 67 61 28 68 92 91 11 73 32 49 56 78 23 17 90 99 98 36 7 78 0 71 63 29 
6 2 50 49 66 60 82 77 40 72 56 0 25 16 40 25 44 38 99 21 63 61 94 30 34 96 39 25 69 90 23 5 0 5 71 0 59 91 
30 42 33 59 79 4 72 81 1 78 97 33 94 39 14 66 45 2 39 41 93 62 40 100 45 87 79 89 77 32 29 10 6 81 63 59 0 27 
16 0 18 99 79 59 4 26 47 93 40 26 36 64 21 74 10 75 32 20 72 14 6 83 19 3 95 11 11 63 52 79 70 56 29 91 27 0 
RBRBRBBRBRBBRBBBRRBBRBRRRRRRBRBBBBRRBR
