40
0 3 55 81 64 9 41 94 10 77 63 8 79 79 36 91 23 21 53 7 98 61 79 93 20 42 39 13 82 32 65 41 99 61 61 22 97 4 57 48 
3 0 6 31 91 100 70 1 7 42 41 37 74 69 93 41 65 81 43 31 3 46 80 33 78 78 100 59 96 31 57 23 16 51 7 54 11 4 83 96 
55 6 0 47 98 6 45 87 94 19 87 66 55 84 98 24 21 99 49 78 53 63 48 10 42 34 17 61 39 3 6 59 62 21 19 95 65 39 74 77 
81 31 47 0 45 41 70 70 42 72 10 15 57 12 32 47 3 50 54 89 55 99 75 25 77 10 3 84 69 68 14 1 98 80 53 15 79 0 46 62 
64 91 98 45 0 88 96 75 41 33 66 48 43 4 94 38 30 5 16 65 71 8 83 74 82 55 5 14 70 11 87 56 24 54 72 82 42 88 49 8 
9 100 6 41 88 0 29 70 90 58 15 84 44 38 17 42 5 94 44 3 86 73 34 22 72 57 3 100 78 25 69 24 56 62 51 66 86 25 77 81 
41 70 45 70 96 29 0 88 82 64 22 77 11 90 69 46 39 50 90 78 81 9 97 87 73 59 54 64 46 23 99 60 39 29 39 28 75 35 35 84 
94 1 87 70 75 70 88 0 63 82 69 87 88 49 53 83 70 87 75 27 93 68 50 89 67 5 37 2 55 55 66 19 51 78 73 85 31 90 80 91 
10 7 94 42 41 90 82 63 0 25 96 4 87 37 69 5 14 38 92 17 92 10 13 61 70 39 17 45 17 45 88 71 22 73 73 78 47 53 22 10 
77 42 19 72 33 58 64 82 25 0 88 58 23 32 6 55 63 83 50 4 96 42 37 38 10 39 93 39 89 61 14 38 99 14 37 8 19 37 59 9 
63 41 87 10 66 15 22 69 96 88 0 17 27 41 43 95 0 71 0 30 41 11 61 39 78 70 52 86 43 22 96 38 97 28 38 52 35 47 41 50 
8 37 66 15 48 84 77 87 4 58 17 0 0 6 15 61 55 19 84 67 57 41 94 48 37 9 45 17 80 89 90 44 95 59 45 93 33 68 63 79 
79 74 55 57 43 44 11 88 87 23 27 0 0 34 68 17 88 57 0 46 17 28 7 89 55 58 44 31 77 64 90 98 50 35 30 85 10 35 25 59 
79 69 84 12 4 38 90 49 37 32 41 6 34 0 43 81 92 63 87 20 98 15 8 30 35 3 84 73 70 16 48 100 6 53 86 16 46 99 90 38 
36 93 98 32 94 17 69 53 69 6 43 15 68 43 0 69 75 68 98 95 87 80 68 7 90 54 35 46 50 64 92 8 41 29 72 85 91 68 28 41 
91 41 24 47 38 42 46 83 5 55 95 61 17 81 69 0 10 50 61 85 13 60 91 89 19 27 70 72 76 70 4 78 32 58 56 90 48 65 18 92 
23 65 21 3 30 5 39 70 14 63 0 55 88 92 75 10 0 34 96 71 16 36 36 70 11 6 35 48 39 0 51 80 55 33 57 56 30 9 29 48 
21 81 99 50 5 94 50 87 38 83 71 19 57 63 68 50 34 0 47 53 50 13 33 19 82 9 78 87 45 15 55 67 98 83 78 71 16 61 24 25 
53 43 49 54 16 44 90 75 92 50 0 84 0 87 98 61 96 47 0 88 8 90 6 79 99 64 93 91 22 69 95 61 89 99 38 41 60 93 63 19 
7 31 78 89 65 3 78 27 17 4 30 67 46 20 95 85 71 53 88 0 47 78 98 77 93 58 79 89 6 14 24 17 51 50 14 92 24 26 35 28 
98 3 53 55 71 86 81 93 92 96 41 57 17 98 87 13 16 50 8 47 0 51 35 60 10 61 98 94 38 54 67 73 99 50 97 14 46 46 60 83 
61 46 63 99 8 73 9 68 10 42 11 41 28 15 80 60 36 13 90 78 51 0 92 77 29 68 27 2 53 9 86 43 81 67 43 60 63 8 26 13 
79 80 48 75 83 34 97 50 13 37 61 94 7 8 68 91 36 33 6 98 35 92 0 47 18 64 40 89 35 3 66 93 59 20 0 89 69 6 68 78 
93 33 10 25 74 22 87 89 61 38 39 48 89 30 7 89 70 19 79 77 60 77 47 0 62 98 43 61 20 6 56 37 6 70 42 35 92 26 9 98 
20 78 42 77 82 72 73 67 70 10 78 37 55 35 90 19 11 82 99 93 10 29 18 62 0 64 66 92 20 79 30 4 2 65 65 15 96 83 40 63 
42 78 34 10 55 57 59 5 39 39 70 9 58 3 54 27 6 9 64 58 61 68 64 98 64 0 4 20 8 26 42 23 100 68 39 88 33 74 51 31 
39 100 17 3 5 3 54 37 17 93 52 45 44 84 35 70 35 78 93 79 98 27 40 43 66 4 0 98 0 83 29 46 86 86 74 23 2 37 1 24 
13 59 61 84 14 100 64 2 45 39 86 17 31 73 46 72 48 87 91 89 94 2 89 61 92 20 98 0 44 19 98 59 68 83 10 24 64 2 43 77 
82 96 39 69 70 78 46 55 17 89 43 80 77 70 50 76 39 45 22 6 38 53 35 20 20 8 0 44 0 19 69 79 49 8 1 21 35 82 24 9 
32 31 3 68 11 25 23 55 45 61 22 89 64 16 64 70 0 15 69 14 54 9 3 6 79 26 83 19 19 0 33 79 54 31 70 73 32 86 83 92 
65 57 6 14 87 69 99 66 88 14 96 90 90 48 92 4 51 55 95 24 67 86 66 56 30 42 29 98 69 33 0 61 55 23 37 66 25 63 20 59 
41 23 59 1 56 24 60 19 71 38 38 44 98 100 8 78 80 67 61 17 73 43 93 37 4 23 46 59 79 79 61 0 3 65 46 75 35 28 74 49 
99 16 62 98 24 56 39 51 22 99 97 95 50 6 41 32 55 98 89 51 99 81 59 6 2 100 86 68 49 54 55 3 0 42 64 89 65 10 91 17 
61 51 21 80 54 62 29 78 73 14 28 59 35 53 29 58 33 83 99 50 50 67 20 70 65 68 86 83 8 31 23 65 42 0 9 4 85 74 57 54 
61 7 19 53 72 51 39 73 73 37 38 45 30 86 72 56 57 78 38 14 97 43 0 42 65 39 74 10 1 70 37 46 64 9 0 98 96 5 80 10 
22 54 95 15 82 66 28 85 78 8 52 93 85 16 85 90 56 71 41 92 14 60 89 35 15 88 23 24 21 73 66 75 89 4 98 0 98 4 52 25 
97 11 65 79 42 86 75 31 47 19 35 33 10 46 91 48 30 16 60 24 46 63 69 92 96 33 2 64 35 32 25 35 65 85 96 98 0 19 5 2 
4 4 39 0 88 25 35 90 53 37 47 68 35 99 68 65 9 61 93 26 46 8 6 26 83 74 37 2 82 86 63 28 10 74 5 4 19 0 41 76 
57 83 74 46 49 77 35 80 22 59 41 63 25 90 28 18 29 24 63 35 60 26 68 9 40 51 1 43 24 83 20 74 91 57 80 52 5 41 0 71 
48 96 77 62 8 81 84 91 10 9 50 79 59 38 41 92 48 25 19 28 83 13 78 98 63 31 24 77 9 92 59 49 17 54 10 25 2 76 71 0 
BBBRRBRBRRRRRRBBBBRBBRRBBRBRBRBBBBRBRRRR
