46
0 26 96 89 49 88 10 40 75 13 76 79 83 2 100 40 28 56 22 75 36 97 24 2 94 14 58 38 0 89 0 26 14 66 51 95 71 39 24 64 97 85 98 43 51 58 
26 0 72 28 2 17 5 29 8 62 15 95 87 57 47 46 11 77 18 78 98 8 23 11 94 92 96 90 15 3 70 26 10 81 58 51 50 38 26 40 50 25 41 49 15 4 
96 72 0 41 15 21 68 56 31 97 48 9 15 69 69 77 69 41 22 58 96 19 62 51 65 27 12 25 14 71 64 75 73 52 5 28 64 36 100 39 94 43 31 49 13 39 
89 28 41 0 52 51 12 72 24 73 58 93 56 24 35 29 95 92 90 15 19 34 50 68 45 10 94 51 66 23 34 71 3 97 84 20 66 36 82 82 49 23 80 1 98 61 
49 2 15 52 0 94 99 53 68 49 85 44 60 18 55 86 45 28 44 39 4 26 44 77 99 3 84 29 78 81 84 12 26 99 13 71 61 71 17 55 58 30 73 75 57 4 
88 17 21 51 94 0 30 34 99 29 30 25 82 83 41 56 77 88 5 83 22 62 88 44 35 15 54 5 67 63 58 11 68 96 9 39 24 28 45 0 91 28 30 82 89 99 
10 5 68 12 99 30 0 53 58 78 55 42 84 99 30 14 52 27 37 95 99 86 94 34 9 38 50 12 92 31 35 68 60 91 25 2 53 23 34 9 73 52 90 100 6 77 
40 29 56 72 53 34 53 0 12 100 63 29 50 90 72 28 35 23 100 59 72 66 18 25 71 67 34 6 2 99 31 73 17 18 79 55 27 43 19 24 52 57 37 18 94 63 
75 8 31 24 68 99 58 12 0 73 4 21 67 32 22 29 44 75 35 3 84 13 40 62 69 86 58 60 70 70 2 76 9 31 50 37 32 29 30 58 36 39 27 97 59 41 
13 62 97 73 49 29 78 100 73 0 84 54 31 23 27 4 42 88 25 94 77 67 65 84 65 3 42 80 45 54 59 12 23 80 80 9 3 61 56 17 12 94 3 46 60 23 
76 15 48 58 85 30 55 63 4 84 0 48 15 73 27 96 66 62 79 5 94 42 94 82 16 14 49 78 55 36 2 43 24 47 17 49 92 62 88 34 49 5 64 28 17 48 
79 95 9 93 44 25 42 29 21 54 48 0 3 100 73 78 85 48 97 58 90 96 68 46 88 82 81 47 68 63 23 72 49 34 76 57 19 75 66 27 35 47 54 47 55 58 
83 87 15 56 60 82 84 50 67 31 15 3 0 84 41 80 2 45 60 82 47 89 69 100 74 59 10 100 16 46 33 87 91 10 47 76 99 20 93 35 61 41 24 75 1 23 
2 57 69 24 18 83 99 90 32 23 73 100 84 0 67 17 61 89 28 31 53 4 20 76 98 46 91 93 20 17 64 93 94 57 33 13 77 46 69 26 53 24 3 87 13 60 
100 47 69 35 55 41 30 72 22 27 27 73 41 67 0 43 13 63 65 89 4 37 91 13 42 21 9 98 78 15 78 2 19 35 5 21 54 56 48 52 48 74 91 88 11 83 
40 46 77 29 86 56 14 28 29 4 96 78 80 17 43 0 25 58 57 32 1 89 91 2 1 97 33 14 17 49 26 45 29 73 98 91 19 65 0 51 9 52 71 96 25 25 
28 11 69 95 45 77 52 35 44 42 66 85 2 61 13 25 0 57 87 81 66 49 29 89 67 54 30 60 48 20 34 78 24 32 6 16 31 38 14 53 49 62 57 79 86 18 
56 77 41 92 28 88 27 23 75 88 62 48 45 89 63 58 57 0 22 97 84 62 7 31 49 45 85 8 12 50 30 14 25 76 75 40 58 73 2 80 99 47 49 16 51 19 
22 18 22 90 44 5 37 100 35 25 79 97 60 28 65 57 87 22 0 21 100 93 32 48 74 96 76 52 6 67 74 89 16 95 19 12 95 93 16 79 25 59 67 21 19 71 
75 78 58 15 39 83 95 59 3 94 5 58 82 31 89 32 81 97 21 0 52 28 37 12 42 67 11 38 5 66 12 47 4 19 24 24 17 44 45 9 30 72 6 69 11 67 
36 98 96 19 4 22 99 72 84 77 94 90 47 53 4 1 66 84 100 52 0 34 74 65 67 86 80 63 68 35 36 53 14 21 48 13 84 62 68 25 66 66 1 38 66 23 
97 8 19 34 26 62 86 66 13 67 42 96 89 4 37 89 49 62 93 28 34 0 23 78 62 87 100 51 55 71 28 3 6 19 62 17 19 95 29 30 1 100 8 19 26 0 
24 23 62 50 44 88 94 18 40 65 94 68 69 20 91 91 29 7 32 37 74 23 0 11 98 69 90 75 13 100 13 71 87 82 99 30 87 11 42 8 87 29 73 79 76 76 
2 11 51 68 77 44 34 25 62 84 82 46 100 76 13 2 89 31 48 12 65 78 11 0 82 82 16 34 53 67 2 53 54 26 39 81 46 6 14 49 87 90 52 69 88 86 
94 94 65 45 99 35 9 71 69 65 16 88 74 98 42 1 67 49 74 42 67 62 98 82 0 73 92 30 47 42 27 80 50 20 94 10 3 43 62 70 4 29 15 83 37 0 
14 92 27 10 3 15 38 67 86 3 14 82 59 46 21 97 54 45 96 67 86 87 69 82 73 0 19 17 63 96 62 0 93 41 80 100 65 47 28 8 33 17 88 34 71 13 
58 96 12 94 84 54 50 34 58 42 49 81 10 91 9 33 30 85 76 11 80 100 90 16 92 19 0 92 0 100 32 94 5 32 64 47 64 43 38 38 100 59 13 42 63 72 
38 90 25 51 29 5 12 6 60 80 78 47 100 93 98 14 60 8 52 38 63 51 75 34 30 17 92 0 63 15 58 98 32 34 85 54 56 8 36 2 62 44 55 81 66 49 
0 15 14 66 78 67 92 2 70 45 55 68 16 20 78 17 48 12 6 5 68 55 13 53 47 63 0 63 0 35 79 53 32 79 73 76 77 80 31 88 83 15 39 86 58 34 
89 3 71 23 81 63 31 99 70 54 36 63 46 17 15 49 20 50 67 66 35 71 100 67 42 96 100 15 35 0 41 30 30 58 22 39 59 17 73 79 4 42 74 7 84 97 
0 70 64 34 84 58 35 31 2 59 2 23 33 64 78 26 34 30 74 12 36 28 13 2 27 62 32 58 79 41 0 80 43 86 31 56 4 33 34 51 74 55 53 5 55 53 
26 26 75 71 12 11 68 73 76 12 43 72 87 93 2 45 78 14 89 47 53 3 71 53 80 0 94 98 53 30 80 0 30 34 4 65 1 87 57 61 14 9 76 39 26 5 
14 10 73 3 26 68 60 17 9 23 24 49 91 94 19 29 24 25 16 4 14 6 87 54 50 93 5 32 32 30 43 30 0 53 16 57 57 93 73 99 39 42 2 49 95 91 
66 81 52 97 99 96 91 18 31 80 47 34 10 57 35 73 32 76 95 19 21 19 82 26 20 41 32 34 79 58 86 34 53 0 31 40 2 81 37 65 36 16 91 92 10 33 
51 58 5 84 13 9 25 79 50 80 17 76 47 33 5 98 6 75 19 24 48 62 99 39 94 80 64 85 73 22 31 4 16 31 0 45 5 47 80 78 52 93 21 90 50 66 
95 51 28 20 71 39 2 55 37 9 49 57 76 13 21 91 16 40 12 24 13 17 30 81 10 100 47 54 76 39 56 65 57 40 45 0 12 7 51 63 74 28 68 63 53 36 
71 50 64 66 61 24 53 27 32 3 92 19 99 77 54 19 31 58 95 17 84 19 87 46 3 65 64 56 77 59 4 1 57 2 5 12 0 100 92 11 95 23 98 100 13 10 
39 38 36 36 71 28 23 43 29 61 62 75 20 46 56 65 38 73 93 44 62 95 11 6 43 47 43 8 80 17 33 87 93 81 47 7 100 0 83 3 13 69 70 73 39 98 
24 26 100 82 17 45 34 19 30 56 88 66 93 69 48 0 14 2 16 45 68 29 42 14 62 28 38 36 31 73 34 57 73 37 80 51 92 83 0 89 62 8 53 54 33 76 
64 40 39 82 55 0 9 24 58 17 34 27 35 26 52 51 53 80 79 9 25 30 8 49 70 8 38 2 88 79 51 61 99 65 78 63 11 3 89 0 58 2 100 4 87 47 
97 50 94 49 58 91 73 52 36 12 49 35 61 53 48 9 49 99 25 30 66 1 87 87 4 33 100 62 83 4 74 14 39 36 52 74 95 13 62 58 0 69 98 4 46 23 
85 25 43 23 30 28 52 57 39 94 5 47 41 24 74 52 62 47 59 72 66 100 29 90 29 17 59 44 15 42 55 9 42 16 93 28 23 69 8 2 69 0 35 11 2 78 
98 41 31 80 73 30 90 37 27 3 64 54 24 3 91 71 57 49 67 6 1 8 73 52 15 88 13 55 39 74 53 76 2 91 21 68 98 70 53 100 98 35 0 12 98 17 
43 49 49 1 75 82 100 18 97 46 28 47 75 87 88 96 79 16 21 69 38 19 79 69 83 34 42 81 86 7 5 39 49 92 90 63 100 73 54 4 4 11 12 0 34 44 
51 15 13 98 57 89 6 94 59 60 17 55 1 13 11 25 86 51 19 11 66 26 76 88 37 71 63 66 58 84 55 26 95 10 50 53 13 39 33 87 46 2 98 34 0 71 
58 4 39 61 4 99 77 63 41 23 48 58 23 60 83 25 18 19 71 67 23 0 76 86 0 13 72 49 34 97 53 5 91 33 66 36 10 98 76 47 23 78 17 44 71 0 
RRRBBRRBBRBBRRBBRRBRBBRBBBRBBBBRBRRRBBRBRRRBRR
