34
0 56 27 38 92 76 86 67 28 41 48 75 52 63 76 64 48 31 20 11 22 17 70 11 7 97 67 73 64 39 89 49 72 66 
56 0 93 78 44 47 40 36 96 28 81 41 74 90 14 47 48 100 83 59 32 52 10 22 55 90 28 42 77 18 88 24 96 78 
27 93 0 87 65 83 91 2 50 98 55 65 1 50 80 32 80 14 12 46 28 46 11 86 76 94 15 86 16 47 90 35 8 54 
38 78 87 0 76 78 65 91 9 34 44 26 78 67 31 44 16 39 49 5 71 25 36 88 5 27 98 92 7 92 99 54 93 39 
92 44 65 76 0 88 90 76 4 96 38 79 15 74 82 37 84 16 40 65 27 31 12 61 44 64 57 71 27 31 88 98 40 52 
76 47 83 78 88 0 45 34 98 67 10 52 18 52 13 1 35 56 15 8 2 92 43 85 39 3 76 27 32 31 41 43 16 56 
86 40 91 65 90 45 0 59 1 69 16 25 2 95 58 71 57 48 38 62 18 6 46 36 54 33 60 40 7 77 40 17 22 14 
67 36 2 91 76 34 59 0 98 18 62 44 91 72 80 22 41 62 77 26 47 60 95 18 38 92 21 95 68 49 13 70 28 87 
28 96 50 9 4 98 1 98 0 80 84 9 80 4 23 14 63 33 66 20 84 21 99 48 6 13 91 60 54 56 78 22 59 7 
41 28 98 34 96 67 69 18 80 0 63 52 97 84 90 58 39 74 21 49 52 15 63 8 51 8 62 39 69 9 90 48 89 85 
48 81 55 44 38 10 16 62 84 63 0 43 64 76 92 54 2 73 97 51 57 45 9 74 100 100 66 86 16 44 22 64 23 35 
75 41 65 26 79 52 25 44 9 52 43 0 94 28 56 26 19 40 57 97 58 81 8 90 16 46 67 6 22 26 35 26 72 40 
52 74 1 78 15 18 2 91 80 97 64 94 0 71 13 72 81 53 84 84 36 22 97 66 54 81 32 5 10 27 13 24 38 81 
63 90 50 67 74 52 95 72 4 84 76 28 71 0 27 54 12 14 6 28 58 30 96 83 99 42 83 72 31 81 85 78 97 33 
76 14 80 31 82 13 58 80 23 90 92 56 13 27 0 83 52 78 87 88 16 99 97 93 9 85 44 8 34 98 94 35 81 51 
64 47 32 44 37 1 71 22 14 58 54 26 72 54 83 0 48 20 8 89 9 31 1 53 0 75 87 89 56 81 57 58 4 80 
48 48 80 16 84 35 57 41 63 39 2 19 81 12 52 48 0 80 12 45 26 99 64 84 36 39 7 54 36 50 25 82 32 29 
31 100 14 39 16 56 48 62 33 74 73 40 53 14 78 20 80 0 34 72 3 84 72 45 52 66 55 30 83 25 67 11 1 52 
20 83 12 49 40 15 38 77 66 21 97 57 84 6 87 8 12 34 0 83 9 65 71 17 55 76 48 8 25 16 78 59 3 61 
11 59 46 5 65 8 62 26 20 49 51 97 84 28 88 89 45 72 83 0 33 85 5 44 47 6 80 85 73 17 57 29 86 56 
22 32 28 71 27 2 18 47 84 52 57 58 36 58 16 9 26 3 9 33 0 88 60 31 36 14 17 0 15 66 46 41 44 91 
17 52 46 25 31 92 6 60 21 15 45 81 22 30 99 31 99 84 65 85 88 0 46 8 32 16 68 3 4 100 49 48 11 80 
70 10 11 36 12 43 46 95 99 63 9 8 97 96 97 1 64 72 71 5 60 46 0 81 52 45 46 76 14 49 68 87 23 23 
11 22 86 88 61 85 36 18 48 8 74 90 66 83 93 53 84 45 17 44 31 8 81 0 14 75 56 0 91 7 86 31 46 74 
7 55 76 5 44 39 54 38 6 51 100 16 54 99 9 0 36 52 55 47 36 32 52 14 0 13 99 90 64 85 49 2 59 64 
97 90 94 27 64 3 33 92 13 8 100 46 81 42 85 75 39 66 76 6 14 16 45 75 13 0 13 34 63 0 13 4 4 89 
67 28 15 98 57 76 60 21 91 62 66 67 32 83 44 87 7 55 48 80 17 68 46 56 99 13 0 53 0 10 60 57 63 78 
73 42 86 92 71 27 40 95 60 39 86 6 5 72 8 89 54 30 8 85 0 3 76 0 90 34 53 0 58 70 43 63 0 23 
64 77 16 7 27 32 7 68 54 69 16 22 10 31 34 56 36 83 25 73 15 4 14 91 64 63 0 58 0 79 59 3 63 12 
39 18 47 92 31 31 77 49 56 9 44 26 27 81 98 81 50 25 16 17 66 100 49 7 85 0 10 70 79 0 37 23 19 37 
89 88 90 99 88 41 40 13 78 90 22 35 13 85 94 57 25 67 78 57 46 49 68 86 49 13 60 43 59 37 0 31 73 52 
49 24 35 54 98 43 17 70 22 48 64 26 24 78 35 58 82 11 59 29 41 48 87 31 2 4 57 63 3 23 31 0 5 23 
72 96 8 93 40 16 22 28 59 89 23 72 38 97 81 4 32 1 3 86 44 11 23 46 59 4 63 0 63 19 73 5 0 3 
66 78 54 39 52 56 14 87 7 85 35 40 81 33 51 80 29 52 61 56 91 80 23 74 64 89 78 23 12 37 52 23 3 0 
RRRRRBBRBBBBBRRBBBRRRRRRRRRBBBBBBB
