40
0 37 45 9 24 65 71 56 16 20 87 59 90 84 3 89 81 56 62 100 48 77 29 71 44 86 99 19 64 29 82 87 96 91 74 33 12 22 40 53 
37 0 48 96 13 25 2 26 40 90 16 90 37 57 11 86 99 32 15 4 8 35 25 30 58 95 35 11 67 30 83 76 3 78 72 4 55 99 81 5 
45 48 0 55 69 35 1 18 66 80 0 34 89 31 55 43 73 83 88 84 19 50 99 38 31 91 65 36 9 58 15 43 67 57 64 33 63 98 84 28 
9 96 55 0 77 35 68 49 53 60 3 71 97 20 70 38 38 88 20 73 24 37 39 55 77 95 60 21 56 44 25 47 41 29 37 26 92 18 54 61 
24 13 69 77 0 53 15 11 5 31 37 64 39 58 25 57 44 23 21 44 72 52 21 1 68 10 4 67 68 1 85 9 21 76 42 33 46 93 41 49 
65 25 35 35 53 0 39 38 44 25 22 75 84 80 59 53 61 37 8 89 40 40 44 9 39 57 88 52 51 23 98 74 28 50 7 71 19 78 92 35 
71 2 1 68 15 39 0 77 40 15 24 6 6 100 35 97 57 0 49 81 34 99 57 96 76 92 28 31 70 8 17 29 67 35 33 44 88 14 24 96 
56 26 18 49 11 38 77 0 12 99 41 19 36 27 29 71 6 50 23 2 86 94 3 30 7 78 86 88 78 5 46 23 57 21 62 100 12 64 15 10 
16 40 66 53 5 44 40 12 0 99 22 61 22 99 89 65 2 93 63 76 87 75 61 10 10 68 22 45 42 66 10 60 15 83 86 16 65 31 9 93 
20 90 80 60 31 25 15 99 99 0 78 83 19 15 5 7 99 7 84 65 23 91 1 72 1 91 19 4 63 60 92 6 67 95 95 52 90 5 85 64 
87 16 0 3 37 22 24 41 22 78 0 25 35 20 77 49 74 79 33 91 17 61 30 43 42 67 65 70 87 24 86 86 92 50 48 8 53 32 84 77 
59 90 34 71 64 75 6 19 61 83 25 0 95 78 78 20 53 96 37 89 27 21 14 14 16 37 48 41 24 96 18 40 49 12 100 28 30 96 32 1 
90 37 89 97 39 84 6 36 22 19 35 95 0 59 21 5 99 43 31 54 65 54 1 70 66 42 69 43 48 13 83 8 36 27 49 13 75 15 84 27 
84 57 31 20 58 80 100 27 99 15 20 78 59 0 30 77 74 33 4 21 99 80 14 45 11 4 13 46 32 73 17 83 83 81 39 8 9 13 41 16 
3 11 55 70 25 59 35 29 89 5 77 78 21 30 0 45 97 85 26 34 39 94 80 86 52 46 56 65 93 47 100 53 83 28 32 97 97 65 91 15 
89 86 43 38 57 53 97 71 65 7 49 20 5 77 45 0 9 0 64 58 99 7 27 48 33 44 27 98 7 81 13 81 40 46 43 16 20 28 46 80 
81 99 73 38 44 61 57 6 2 99 74 53 99 74 97 9 0 73 62 29 94 29 37 22 22 38 66 4 90 12 97 24 66 12 97 9 90 25 33 79 
56 32 83 88 23 37 0 50 93 7 79 96 43 33 85 0 73 0 1 77 36 28 1 71 15 23 64 83 27 14 63 45 11 4 29 48 68 74 78 94 
62 15 88 20 21 8 49 23 63 84 33 37 31 4 26 64 62 1 0 2 6 0 76 43 64 96 62 93 18 46 69 18 64 62 85 51 98 61 69 89 
100 4 84 73 44 89 81 2 76 65 91 89 54 21 34 58 29 77 2 0 72 48 72 86 24 72 13 11 14 74 78 35 100 81 56 80 83 2 58 42 
48 8 19 24 72 40 34 86 87 23 17 27 65 99 39 99 94 36 6 72 0 61 47 32 9 35 58 46 31 74 15 62 44 84 87 20 75 55 7 91 
77 35 50 37 52 40 99 94 75 91 61 21 54 80 94 7 29 28 0 48 61 0 37 18 24 71 41 24 93 77 97 78 62 23 45 90 21 60 23 41 
29 25 99 39 21 44 57 3 61 1 30 14 1 14 80 27 37 1 76 72 47 37 0 56 70 29 19 44 58 63 87 41 63 26 91 86 29 2 95 45 
71 30 38 55 1 9 96 30 10 72 43 14 70 45 86 48 22 71 43 86 32 18 56 0 52 75 36 15 73 51 24 65 34 96 50 99 97 0 79 48 
44 58 31 77 68 39 76 7 10 1 42 16 66 11 52 33 22 15 64 24 9 24 70 52 0 21 12 67 6 61 36 73 10 80 47 38 80 69 12 6 
86 95 91 95 10 57 92 78 68 91 67 37 42 4 46 44 38 23 96 72 35 71 29 75 21 0 82 97 86 35 43 100 30 28 80 19 24 74 18 98 
99 35 65 60 4 88 28 86 22 19 65 48 69 13 56 27 66 64 62 13 58 41 19 36 12 82 0 23 23 13 26 26 100 29 2 41 7 81 24 11 
19 11 36 21 67 52 31 88 45 4 70 41 43 46 65 98 4 83 93 11 46 24 44 15 67 97 23 0 80 49 35 27 15 6 55 70 78 28 73 69 
64 67 9 56 68 51 70 78 42 63 87 24 48 32 93 7 90 27 18 14 31 93 58 73 6 86 23 80 0 4 59 71 11 90 89 93 87 4 49 8 
29 30 58 44 1 23 8 5 66 60 24 96 13 73 47 81 12 14 46 74 74 77 63 51 61 35 13 49 4 0 84 63 95 10 16 57 44 28 67 40 
82 83 15 25 85 98 17 46 10 92 86 18 83 17 100 13 97 63 69 78 15 97 87 24 36 43 26 35 59 84 0 65 82 74 20 54 74 81 79 77 
87 76 43 47 9 74 29 23 60 6 86 40 8 83 53 81 24 45 18 35 62 78 41 65 73 100 26 27 71 63 65 0 80 6 86 46 12 8 13 23 
96 3 67 41 21 28 67 57 15 67 92 49 36 83 83 40 66 11 64 100 44 62 63 34 10 30 100 15 11 95 82 80 0 59 22 46 28 12 41 67 
91 78 57 29 76 50 35 21 83 95 50 12 27 81 28 46 12 4 62 81 84 23 26 96 80 28 29 6 90 10 74 6 59 0 72 54 59 35 47 63 
74 72 64 37 42 7 33 62 86 95 48 100 49 39 32 43 97 29 85 56 87 45 91 50 47 80 2 55 89 16 20 86 22 72 0 14 81 57 44 4 
33 4 33 26 33 71 44 100 16 52 8 28 13 8 97 16 9 48 51 80 20 90 86 99 38 19 41 70 93 57 54 46 46 54 14 0 73 54 37 48 
12 55 63 92 46 19 88 12 65 90 53 30 75 9 97 20 90 68 98 83 75 21 29 97 80 24 7 78 87 44 74 12 28 59 81 73 0 8 20 18 
22 99 98 18 93 78 14 64 31 5 32 96 15 13 65 28 25 74 61 2 55 60 2 0 69 74 81 28 4 28 81 8 12 35 57 54 8 0 100 12 
40 81 84 54 41 92 24 15 9 85 84 32 84 41 91 46 33 78 69 58 7 23 95 79 12 18 24 73 49 67 79 13 41 47 44 37 20 100 0 99 
53 5 28 61 49 35 96 10 93 64 77 1 27 16 15 80 79 94 89 42 91 41 45 48 6 98 11 69 8 40 77 23 67 63 4 48 18 12 99 0 
BBRRBRBRBRBRBRBRBRBRRRRBRRBBRBBBBRRRRBBB
