38
0 29 73 64 38 75 13 41 41 57 86 82 54 9 44 31 84 85 84 77 14 61 12 74 9 24 4 1 91 10 6 13 69 95 82 53 69 48 
29 0 62 29 14 82 62 28 46 4 26 0 15 93 96 21 45 43 28 94 6 69 27 5 83 57 31 85 93 65 41 25 30 8 88 16 16 38 
73 62 0 5 68 82 77 18 66 71 9 17 97 24 5 66 44 18 62 91 33 23 14 34 12 33 70 57 75 99 23 35 89 67 2 48 31 87 
64 29 5 0 48 2 95 92 15 14 9 75 19 43 48 88 16 88 94 14 14 68 92 24 94 16 87 84 35 16 93 4 6 52 22 6 92 78 
38 14 68 48 0 61 20 43 11 19 29 30 47 56 68 30 97 50 100 72 74 76 90 3 7 41 11 38 67 61 65 48 26 37 35 49 57 32 
75 82 82 2 61 0 38 54 14 15 20 24 9 28 91 63 79 66 80 2 11 64 71 98 72 44 22 32 88 98 69 99 84 87 67 1 70 53 
13 62 77 95 20 38 0 96 66 43 54 10 22 25 90 90 48 6 45 88 20 90 44 38 5 94 0 8 74 96 85 13 41 41 11 44 0 56 
41 28 18 92 43 54 96 0 22 71 76 72 39 7 11 95 50 11 30 4 6 99 75 43 80 27 26 12 34 99 10 68 90 1 93 72 33 26 
41 46 66 15 11 14 66 22 0 58 4 50 30 48 8 22 39 50 73 19 44 92 41 50 31 12 4 97 67 58 53 32 14 82 44 42 31 13 
57 4 71 14 19 15 43 71 58 0 25 1 87 62 11 69 81 49 33 49 1 93 98 68 28 27 57 90 64 85 43 73 84 15 8 8 44 61 
86 26 9 9 29 20 54 76 4 25 0 94 84 37 78 1 75 86 95 24 58 16 47 44 74 66 94 37 5 75 54 59 76 31 52 78 58 67 
82 0 17 75 30 24 10 72 50 1 94 0 100 2 5 93 32 80 63 36 58 86 30 86 93 95 92 38 64 75 3 9 10 34 18 7 83 50 
54 15 97 19 47 9 22 39 30 87 84 100 0 93 83 52 100 27 7 61 14 8 1 20 67 98 89 5 51 83 84 52 20 55 87 36 77 72 
9 93 24 43 56 28 25 7 48 62 37 2 93 0 13 35 46 45 4 33 65 45 65 68 75 85 48 62 70 39 7 22 57 30 5 87 31 92 
44 96 5 48 68 91 90 11 8 11 78 5 83 13 0 73 84 29 61 46 23 77 87 10 27 49 50 64 85 85 87 100 96 8 76 27 25 31 
31 21 66 88 30 63 90 95 22 69 1 93 52 35 73 0 59 35 99 13 27 79 32 69 88 15 71 44 60 10 87 58 36 31 59 30 30 83 
84 45 44 16 97 79 48 50 39 81 75 32 100 46 84 59 0 65 11 14 12 71 45 45 80 26 17 64 99 60 3 44 55 0 51 45 20 43 
85 43 18 88 50 66 6 11 50 49 86 80 27 45 29 35 65 0 48 71 83 98 53 85 36 59 94 42 72 53 8 94 74 55 60 61 70 53 
84 28 62 94 100 80 45 30 73 33 95 63 7 4 61 99 11 48 0 94 11 74 85 8 81 87 11 13 65 42 94 5 12 30 45 51 32 96 
77 94 91 14 72 2 88 4 19 49 24 36 61 33 46 13 14 71 94 0 25 52 8 98 100 63 75 73 8 36 52 43 75 75 40 100 47 84 
14 6 33 14 74 11 20 6 44 1 58 58 14 65 23 27 12 83 11 25 0 58 57 92 63 31 61 35 75 17 25 27 100 30 19 27 56 26 
61 69 23 68 76 64 90 99 92 93 16 86 8 45 77 79 71 98 74 52 58 0 55 69 13 85 27 6 9 100 44 75 42 49 28 3 42 29 
12 27 14 92 90 71 44 75 41 98 47 30 1 65 87 32 45 53 85 8 57 55 0 79 55 88 8 36 64 65 49 87 98 83 39 66 76 2 
74 5 34 24 3 98 38 43 50 68 44 86 20 68 10 69 45 85 8 98 92 69 79 0 23 9 12 77 80 99 88 88 76 29 32 72 36 12 
9 83 12 94 7 72 5 80 31 28 74 93 67 75 27 88 80 36 81 100 63 13 55 23 0 83 19 95 13 18 27 39 29 22 90 7 75 47 
24 57 33 16 41 44 94 27 12 27 66 95 98 85 49 15 26 59 87 63 31 85 88 9 83 0 13 23 0 53 5 63 5 37 70 79 8 35 
4 31 70 87 11 22 0 26 4 57 94 92 89 48 50 71 17 94 11 75 61 27 8 12 19 13 0 71 22 83 34 10 25 61 86 91 87 25 
1 85 57 84 38 32 8 12 97 90 37 38 5 62 64 44 64 42 13 73 35 6 36 77 95 23 71 0 47 37 100 27 46 47 1 69 64 72 
91 93 75 35 67 88 74 34 67 64 5 64 51 70 85 60 99 72 65 8 75 9 64 80 13 0 22 47 0 27 24 37 87 22 86 34 38 97 
10 65 99 16 61 98 96 99 58 85 75 75 83 39 85 10 60 53 42 36 17 100 65 99 18 53 83 37 27 0 93 100 43 84 44 58 46 14 
6 41 23 93 65 69 85 10 53 43 54 3 84 7 87 87 3 8 94 52 25 44 49 88 27 5 34 100 24 93 0 85 86 28 17 20 11 4 
13 25 35 4 48 99 13 68 32 73 59 9 52 22 100 58 44 94 5 43 27 75 87 88 39 63 10 27 37 100 85 0 58 44 5 90 31 14 
69 30 89 6 26 84 41 90 14 84 76 10 20 57 96 36 55 74 12 75 100 42 98 76 29 5 25 46 87 43 86 58 0 72 28 11 90 63 
95 8 67 52 37 87 41 1 82 15 31 34 55 30 8 31 0 55 30 75 30 49 83 29 22 37 61 47 22 84 28 44 72 0 91 77 88 25 
82 88 2 22 35 67 11 93 44 8 52 18 87 5 76 59 51 60 45 40 19 28 39 32 90 70 86 1 86 44 17 5 28 91 0 38 53 37 
53 16 48 6 49 1 44 72 42 8 78 7 36 87 27 30 45 61 51 100 27 3 66 72 7 79 91 69 34 58 20 90 11 77 38 0 89 7 
69 16 31 92 57 70 0 33 31 44 58 83 77 31 25 30 20 70 32 47 56 42 76 36 75 8 87 64 38 46 11 31 90 88 53 89 0 18 
48 38 87 78 32 53 56 26 13 61 67 50 72 92 31 83 43 53 96 84 26 29 2 12 47 35 25 72 97 14 4 14 63 25 37 7 18 0 
RRRBBBBBBBBRRBBRBRBRRRRRRBBRRRBBBRRBRB
