44
0 71 85 9 82 85 55 93 14 45 36 91 15 38 67 51 6 58 66 87 52 73 11 63 56 93 63 64 66 7 98 76 61 75 39 23 36 92 21 74 6 63 10 41 
71 0 16 3 31 100 45 4 97 100 99 71 58 95 3 86 76 84 2 44 96 23 90 40 19 61 41 65 10 25 28 21 10 88 88 0 76 54 85 40 24 4 96 37 
85 16 0 13 88 35 15 91 52 94 41 42 52 13 93 47 11 64 91 88 21 23 10 41 76 23 45 13 42 82 75 38 16 16 31 32 100 42 53 80 5 34 60 17 
9 3 13 0 84 52 6 55 12 72 92 29 79 91 53 48 43 54 97 21 7 11 52 100 27 37 39 17 97 69 77 8 32 52 58 66 75 23 32 88 95 77 94 12 
82 31 88 84 0 99 77 17 49 15 75 31 40 52 73 10 91 49 56 58 32 66 42 36 82 28 12 85 43 48 17 19 12 24 67 3 62 36 60 61 37 66 7 96 
85 100 35 52 99 0 37 86 21 9 16 84 2 39 58 54 77 67 32 78 95 12 68 61 73 6 33 8 19 1 38 68 0 71 58 100 94 50 54 76 2 66 31 77 
55 45 15 6 77 37 0 65 81 5 72 86 61 86 70 20 87 88 85 93 28 78 22 26 99 93 97 87 4 0 60 85 14 41 75 56 8 25 72 18 47 61 60 58 
93 4 91 55 17 86 65 0 70 36 63 12 72 7 51 43 25 15 73 4 78 67 93 85 85 55 20 87 95 51 55 82 72 63 58 21 81 83 64 91 5 40 19 2 
14 97 52 12 49 21 81 70 0 72 78 95 9 78 45 52 20 37 63 73 37 37 13 71 90 9 51 83 39 46 26 93 97 20 92 70 53 54 74 74 79 42 64 21 
45 100 94 72 15 9 5 36 72 0 85 36 81 73 0 23 84 32 8 4 22 5 52 76 29 45 21 99 0 83 44 89 100 64 49 69 39 23 59 94 66 45 21 58 
36 99 41 92 75 16 72 63 78 85 0 69 83 65 22 1 71 13 83 65 31 80 84 9 9 50 59 6 89 6 18 69 100 26 4 14 26 63 24 62 74 16 30 92 
91 71 42 29 31 84 86 12 95 36 69 0 3 7 69 52 76 65 96 90 52 33 45 87 66 39 9 82 89 66 9 38 87 40 85 79 39 81 59 8 43 47 97 24 
15 58 52 79 40 2 61 72 9 81 83 3 0 59 67 2 96 57 51 2 13 47 90 67 13 38 26 7 9 75 98 63 56 28 56 18 95 89 34 98 23 19 2 15 
38 95 13 91 52 39 86 7 78 73 65 7 59 0 86 85 40 60 12 40 91 22 61 36 10 44 92 65 100 61 55 98 83 28 58 52 41 7 30 73 39 22 80 72 
67 3 93 53 73 58 70 51 45 0 22 69 67 86 0 82 88 99 4 67 14 33 49 38 64 75 5 100 82 71 44 90 62 15 75 45 79 64 76 31 15 63 38 33 
51 86 47 48 10 54 20 43 52 23 1 52 2 85 82 0 36 31 81 94 69 22 3 33 27 89 69 78 54 61 55 56 30 34 87 37 74 31 20 63 21 42 15 99 
6 76 11 43 91 77 87 25 20 84 71 76 96 40 88 36 0 51 13 15 71 26 53 20 62 63 20 76 72 15 59 99 11 3 20 21 54 66 90 27 48 38 54 58 
58 84 64 54 49 67 88 15 37 32 13 65 57 60 99 31 51 0 98 11 59 69 35 25 57 83 43 37 44 52 87 72 83 59 24 21 89 2 0 100 41 11 84 90 
66 2 91 97 56 32 85 73 63 8 83 96 51 12 4 81 13 98 0 68 70 75 92 31 89 91 82 2 77 50 88 88 2 16 70 47 10 79 73 79 52 24 37 62 
87 44 88 21 58 78 93 4 73 4 65 90 2 40 67 94 15 11 68 0 16 40 87 22 17 63 84 72 99 79 55 77 45 44 9 45 83 55 22 15 3 76 23 58 
52 96 21 7 32 95 28 78 37 22 31 52 13 91 14 69 71 59 70 16 0 49 99 63 68 6 44 2 70 59 98 23 100 75 40 44 76 94 37 46 27 95 75 47 
73 23 23 11 66 12 78 67 37 5 80 33 47 22 33 22 26 69 75 40 49 0 67 46 3 0 87 72 4 90 72 73 96 83 94 65 84 82 100 95 33 39 3 55 
11 90 10 52 42 68 22 93 13 52 84 45 90 61 49 3 53 35 92 87 99 67 0 57 15 26 87 54 55 93 38 84 66 42 96 17 18 83 40 88 78 82 20 3 
63 40 41 100 36 61 26 85 71 76 9 87 67 36 38 33 20 25 31 22 63 46 57 0 14 90 10 80 63 4 37 19 91 38 73 15 21 32 54 44 17 1 26 30 
56 19 76 27 82 73 99 85 90 29 9 66 13 10 64 27 62 57 89 17 68 3 15 14 0 52 34 100 68 80 84 38 63 92 92 31 98 53 30 5 79 53 63 62 
93 61 23 37 28 6 93 55 9 45 50 39 38 44 75 89 63 83 91 63 6 0 26 90 52 0 0 51 65 10 32 30 95 70 61 23 28 100 99 53 77 62 22 86 
63 41 45 39 12 33 97 20 51 21 59 9 26 92 5 69 20 43 82 84 44 87 87 10 34 0 0 5 37 97 15 97 52 92 49 84 13 70 85 62 67 42 65 34 
64 65 13 17 85 8 87 87 83 99 6 82 7 65 100 78 76 37 2 72 2 72 54 80 100 51 5 0 97 72 98 57 54 42 34 56 70 41 100 36 75 32 96 23 
66 10 42 97 43 19 4 95 39 0 89 89 9 100 82 54 72 44 77 99 70 4 55 63 68 65 37 97 0 76 18 2 72 82 13 59 11 78 7 36 51 79 80 52 
7 25 82 69 48 1 0 51 46 83 6 66 75 61 71 61 15 52 50 79 59 90 93 4 80 10 97 72 76 0 60 37 14 26 72 91 45 67 53 86 50 19 86 72 
98 28 75 77 17 38 60 55 26 44 18 9 98 55 44 55 59 87 88 55 98 72 38 37 84 32 15 98 18 60 0 32 61 45 4 91 7 53 88 37 82 1 53 3 
76 21 38 8 19 68 85 82 93 89 69 38 63 98 90 56 99 72 88 77 23 73 84 19 38 30 97 57 2 37 32 0 1 100 14 56 28 8 12 93 1 23 30 73 
61 10 16 32 12 0 14 72 97 100 100 87 56 83 62 30 11 83 2 45 100 96 66 91 63 95 52 54 72 14 61 1 0 47 88 55 0 16 72 15 62 1 36 50 
75 88 16 52 24 71 41 63 20 64 26 40 28 28 15 34 3 59 16 44 75 83 42 38 92 70 92 42 82 26 45 100 47 0 71 25 65 36 38 27 46 92 58 22 
39 88 31 58 67 58 75 58 92 49 4 85 56 58 75 87 20 24 70 9 40 94 96 73 92 61 49 34 13 72 4 14 88 71 0 66 71 72 69 98 74 18 9 49 
23 0 32 66 3 100 56 21 70 69 14 79 18 52 45 37 21 21 47 45 44 65 17 15 31 23 84 56 59 91 91 56 55 25 66 0 10 34 76 77 49 3 3 41 
36 76 100 75 62 94 8 81 53 39 26 39 95 41 79 74 54 89 10 83 76 84 18 21 98 28 13 70 11 45 7 28 0 65 71 10 0 90 47 83 80 95 35 18 
92 54 42 23 36 50 25 83 54 23 63 81 89 7 64 31 66 2 79 55 94 82 83 32 53 100 70 41 78 67 53 8 16 36 72 34 90 0 41 83 3 100 8 94 
21 85 53 32 60 54 72 64 74 59 24 59 34 30 76 20 90 0 73 22 37 100 40 54 30 99 85 100 7 53 88 12 72 38 69 76 47 41 0 59 23 52 79 73 
74 40 80 88 61 76 18 91 74 94 62 8 98 73 31 63 27 100 79 15 46 95 88 44 5 53 62 36 36 86 37 93 15 27 98 77 83 83 59 0 82 93 24 1 
6 24 5 95 37 2 47 5 79 66 74 43 23 39 15 21 48 41 52 3 27 33 78 17 79 77 67 75 51 50 82 1 62 46 74 49 80 3 23 82 0 29 5 39 
63 4 34 77 66 66 61 40 42 45 16 47 19 22 63 42 38 11 24 76 95 39 82 1 53 62 42 32 79 19 1 23 1 92 18 3 95 100 52 93 29 0 24 54 
10 96 60 94 7 31 60 19 64 21 30 97 2 80 38 15 54 84 37 23 75 3 20 26 63 22 65 96 80 86 53 30 36 58 9 3 35 8 79 24 5 24 0 41 
41 37 17 12 96 77 58 2 21 58 92 24 15 72 33 99 58 90 62 58 47 55 3 30 62 86 34 23 52 72 3 73 50 22 49 41 18 94 73 1 39 54 41 0 
RRBRBBBRRRBBRBBRRRRBRRRRRRBBBBBRBBBRBRBRBBRB
