34
0 12 4 30 92 47 27 67 27 88 24 91 93 94 55 92 35 84 40 83 44 50 55 7 31 11 34 17 95 60 94 95 68 11 
12 0 66 13 84 23 89 95 60 17 0 0 62 22 62 96 49 5 51 88 96 85 44 79 27 22 82 10 30 40 15 33 12 50 
4 66 0 85 93 54 21 38 53 28 32 21 85 85 75 96 78 85 33 11 12 63 29 40 97 93 51 0 90 75 85 15 98 90 
30 13 85 0 21 0 45 33 41 49 2 55 76 22 68 14 63 67 31 62 46 75 77 20 35 90 64 69 28 79 53 72 69 54 
92 84 93 21 0 81 10 26 40 8 0 1 15 7 3 97 70 18 55 69 99 15 26 11 16 84 47 37 28 73 38 31 41 20 
47 23 54 0 81 0 94 58 3 64 7 86 35 71 29 24 43 98 85 5 30 91 42 16 67 57 72 31 10 28 67 99 85 41 
27 89 21 45 10 94 0 67 34 80 81 34 79 49 77 55 94 21 90 33 81 2 28 96 62 24 49 13 69 4 83 79 57 65 
67 95 38 33 26 58 67 0 20 83 5 71 75 57 33 98 69 85 46 14 43 4 67 29 22 33 90 33 71 24 5 43 96 85 
27 60 53 41 40 3 34 20 0 27 83 29 52 83 100 70 3 93 74 68 89 93 17 24 0 32 36 63 0 2 73 85 13 62 
88 17 28 49 8 64 80 83 27 0 12 55 99 37 75 51 86 7 49 15 84 27 73 51 89 42 67 32 89 78 56 18 40 31 
24 0 32 2 0 7 81 5 83 12 0 32 100 10 2 55 76 3 88 54 19 33 92 73 45 86 73 62 7 99 44 45 13 24 
91 0 21 55 1 86 34 71 29 55 32 0 49 99 43 85 42 93 54 31 58 90 59 83 79 69 0 28 31 9 94 3 40 45 
93 62 85 76 15 35 79 75 52 99 100 49 0 65 1 33 55 96 25 52 52 41 94 87 6 80 30 74 57 23 41 94 86 96 
94 22 85 22 7 71 49 57 83 37 10 99 65 0 49 92 48 99 34 66 46 88 29 4 88 73 66 23 14 17 30 97 50 6 
55 62 75 68 3 29 77 33 100 75 2 43 1 49 0 11 90 56 20 57 19 6 44 25 56 88 60 88 7 7 5 42 75 67 
92 96 96 14 97 24 55 98 70 51 55 85 33 92 11 0 23 94 10 5 52 98 55 24 68 8 82 96 6 48 33 17 64 32 
35 49 78 63 70 43 94 69 3 86 76 42 55 48 90 23 0 74 43 88 53 20 39 96 78 95 42 14 0 65 1 22 37 85 
84 5 85 67 18 98 21 85 93 7 3 93 96 99 56 94 74 0 39 62 40 9 75 58 30 100 55 24 23 3 81 86 9 50 
40 51 33 31 55 85 90 46 74 49 88 54 25 34 20 10 43 39 0 9 52 26 75 0 6 48 57 76 29 10 84 66 36 17 
83 88 11 62 69 5 33 14 68 15 54 31 52 66 57 5 88 62 9 0 51 71 66 55 10 16 31 30 73 99 17 81 41 98 
44 96 12 46 99 30 81 43 89 84 19 58 52 46 19 52 53 40 52 51 0 34 22 18 85 16 99 16 19 41 1 14 62 60 
50 85 63 75 15 91 2 4 93 27 33 90 41 88 6 98 20 9 26 71 34 0 84 88 17 96 66 21 25 13 37 35 47 87 
55 44 29 77 26 42 28 67 17 73 92 59 94 29 44 55 39 75 75 66 22 84 0 99 53 33 39 20 83 75 65 83 81 70 
7 79 40 20 11 16 96 29 24 51 73 83 87 4 25 24 96 58 0 55 18 88 99 0 95 99 55 7 26 99 33 37 12 83 
31 27 97 35 16 67 62 22 0 89 45 79 6 88 56 68 78 30 6 10 85 17 53 95 0 67 66 17 13 96 58 93 77 50 
11 22 93 90 84 57 24 33 32 42 86 69 80 73 88 8 95 100 48 16 16 96 33 99 67 0 4 40 32 82 84 25 84 73 
34 82 51 64 47 72 49 90 36 67 73 0 30 66 60 82 42 55 57 31 99 66 39 55 66 4 0 75 42 100 32 90 72 16 
17 10 0 69 37 31 13 33 63 32 62 28 74 23 88 96 14 24 76 30 16 21 20 7 17 40 75 0 77 28 26 4 83 47 
95 30 90 28 28 10 69 71 0 89 7 31 57 14 7 6 0 23 29 73 19 25 83 26 13 32 42 77 0 70 95 6 92 70 
60 40 75 79 73 28 4 24 2 78 99 9 23 17 7 48 65 3 10 99 41 13 75 99 96 82 100 28 70 0 93 80 8 82 
94 15 85 53 38 67 83 5 73 56 44 94 41 30 5 33 1 81 84 17 1 37 65 33 58 84 32 26 95 93 0 59 55 29 
95 33 15 72 31 99 79 43 85 18 45 3 94 97 42 17 22 86 66 81 14 35 83 37 93 25 90 4 6 80 59 0 5 18 
68 12 98 69 41 85 57 96 13 40 13 40 86 50 75 64 37 9 36 41 62 47 81 12 77 84 72 83 92 8 55 5 0 43 
11 50 90 54 20 41 65 85 62 31 24 45 96 6 67 32 85 50 17 98 60 87 70 83 50 73 16 47 70 82 29 18 43 0 
RRBRRBRRRRRBRBBBBRBBBRBRRBBRRBRBBB
