20
0 66 65 47 10 44 77 92 43 53 49 2 11 76 62 26 92 47 12 29 
66 0 86 16 70 42 79 36 53 48 28 95 1 54 99 81 83 17 75 2 
65 86 0 28 51 70 99 22 52 50 1 38 71 96 68 47 87 5 85 5 
47 16 28 0 26 89 65 56 65 60 5 65 47 64 65 64 20 93 75 46 
10 70 51 26 0 16 36 96 74 59 87 97 14 25 14 49 60 13 16 36 
44 42 70 89 16 0 33 22 80 74 90 57 90 46 53 26 35 39 56 57 
77 79 99 65 36 33 0 31 63 69 76 57 34 29 6 90 17 53 38 80 
92 36 22 56 96 22 31 0 20 78 58 62 3 50 63 12 75 49 61 98 
43 53 52 65 74 80 63 20 0 76 14 37 9 33 68 46 54 69 60 24 
53 48 50 60 59 74 69 78 76 0 15 36 58 31 27 58 43 16 23 58 
49 28 1 5 87 90 76 58 14 15 0 36 67 72 62 16 14 95 58 81 
2 95 38 65 97 57 57 62 37 36 36 0 62 38 86 80 28 71 22 96 
11 1 71 47 14 90 34 3 9 58 67 62 0 13 73 82 69 65 88 0 
76 54 96 64 25 46 29 50 33 31 72 38 13 0 4 58 38 78 31 1 
62 99 68 65 14 53 6 63 68 27 62 86 73 4 0 20 34 13 81 80 
26 81 47 64 49 26 90 12 46 58 16 80 82 58 20 0 48 26 12 54 
92 83 87 20 60 35 17 75 54 43 14 28 69 38 34 48 0 61 27 81 
47 17 5 93 13 39 53 49 69 16 95 71 65 78 13 26 61 0 76 42 
12 75 85 75 16 56 38 61 60 23 58 22 88 31 81 12 27 76 0 35 
29 2 5 46 36 57 80 98 24 58 81 96 0 1 80 54 81 42 35 0 
BRBRBRBRBRBBRRBBRRBR
