20
0 32 70 52 57 18 69 25 27 58 84 96 69 84 3 81 37 81 61 5 
32 0 55 52 30 71 87 31 38 60 6 91 62 1 76 60 62 79 56 0 
70 55 0 2 35 38 36 55 77 33 52 73 99 40 38 23 87 93 98 81 
52 52 2 0 20 74 89 72 2 99 53 93 67 50 7 36 55 8 89 42 
57 30 35 20 0 5 97 82 40 38 69 61 83 6 82 48 99 40 8 16 
18 71 38 74 5 0 95 23 83 89 57 4 42 50 76 63 93 86 79 6 
69 87 36 89 97 95 0 80 76 55 33 59 54 18 0 77 70 40 75 63 
25 31 55 72 82 23 80 0 43 74 78 33 19 66 64 75 39 59 8 29 
27 38 77 2 40 83 76 43 0 61 21 80 29 67 0 6 52 80 65 13 
58 60 33 99 38 89 55 74 61 0 97 69 0 39 62 36 61 85 60 72 
84 6 52 53 69 57 33 78 21 97 0 93 21 55 5 1 41 51 65 13 
96 91 73 93 61 4 59 33 80 69 93 0 19 28 51 10 43 15 13 76 
69 62 99 67 83 42 54 19 29 0 21 19 0 17 51 97 44 29 64 66 
84 1 40 50 6 50 18 66 67 39 55 28 17 0 0 41 58 28 18 82 
3 76 38 7 82 76 0 64 0 62 5 51 51 0 0 3 11 21 30 70 
81 60 23 36 48 63 77 75 6 36 1 10 97 41 3 0 48 73 68 24 
37 62 87 55 99 93 70 39 52 61 41 43 44 58 11 48 0 45 2 71 
81 79 93 8 40 86 40 59 80 85 51 15 29 28 21 73 45 0 60 46 
61 56 98 89 8 79 75 8 65 60 65 13 64 18 30 68 2 60 0 45 
5 0 81 42 16 6 63 29 13 72 13 76 66 82 70 24 71 46 45 0 
RRRRRBRBBRBBRBRBBBRB
