40
0 6 40 36 44 17 64 47 72 65 21 85 25 3 40 99 41 33 79 91 52 13 50 72 88 76 25 25 46 22 72 94 97 78 67 62 56 91 6 56 
6 0 76 77 7 6 58 14 95 3 26 73 39 21 82 95 34 57 10 3 75 67 99 68 65 4 84 89 87 29 4 90 7 24 52 73 26 60 88 77 
40 76 0 100 95 4 98 86 28 32 83 48 21 52 72 61 49 80 32 2 38 72 50 78 87 76 90 88 94 21 27 99 83 59 3 83 100 2 98 11 
36 77 100 0 76 16 48 16 99 23 17 88 79 42 8 3 1 20 21 34 84 79 50 22 96 73 65 8 16 59 75 61 72 54 52 55 94 8 47 49 
44 7 95 76 0 58 24 90 11 99 2 88 14 70 44 5 1 63 46 97 10 90 29 11 54 17 94 50 18 27 43 46 54 57 96 79 8 25 22 23 
17 6 4 16 58 0 66 96 32 6 81 18 98 4 9 27 90 91 7 2 27 46 27 25 93 6 18 6 19 26 46 35 92 42 78 17 90 78 99 58 
64 58 98 48 24 66 0 83 52 51 61 58 12 96 70 72 33 82 55 17 21 56 70 42 61 32 75 83 79 77 71 68 37 86 44 25 84 87 77 64 
47 14 86 16 90 96 83 0 69 38 89 81 10 55 3 96 41 59 85 0 44 44 68 83 95 14 17 33 0 28 91 79 66 33 97 44 72 84 24 19 
72 95 28 99 11 32 52 69 0 35 26 82 23 36 62 92 74 31 9 96 59 74 90 39 23 75 48 90 23 61 36 36 73 31 0 77 54 6 43 62 
65 3 32 23 99 6 51 38 35 0 96 57 96 65 45 91 41 10 96 60 15 54 65 27 34 89 91 97 55 26 93 95 64 12 93 55 17 68 53 57 
21 26 83 17 2 81 61 89 26 96 0 0 76 20 71 98 98 34 94 47 98 44 54 79 47 2 62 98 97 93 53 1 99 91 44 14 67 51 94 55 
85 73 48 88 88 18 58 81 82 57 0 0 10 6 77 3 47 68 85 22 25 17 36 62 24 19 47 54 68 11 67 1 45 19 61 12 68 86 61 97 
25 39 21 79 14 98 12 10 23 96 76 10 0 12 58 62 10 85 46 88 97 46 22 44 10 38 76 94 25 97 36 59 25 32 33 73 39 27 65 84 
3 21 52 42 70 4 96 55 36 65 20 6 12 0 82 5 87 66 79 37 90 83 43 38 34 62 97 87 90 12 91 6 53 66 66 82 10 85 9 26 
40 82 72 8 44 9 70 3 62 45 71 77 58 82 0 85 96 42 15 9 20 57 86 89 26 15 90 8 0 90 13 59 33 74 2 4 19 59 6 46 
99 95 61 3 5 27 72 96 92 91 98 3 62 5 85 0 60 7 69 43 40 3 53 53 89 83 10 90 88 32 74 48 30 40 40 40 30 22 99 90 
41 34 49 1 1 90 33 41 74 41 98 47 10 87 96 60 0 61 31 30 27 87 91 34 51 58 54 14 75 80 51 37 9 41 40 23 41 10 44 88 
33 57 80 20 63 91 82 59 31 10 34 68 85 66 42 7 61 0 12 56 4 8 47 66 43 50 73 4 74 83 84 46 90 25 58 55 39 52 7 53 
79 10 32 21 46 7 55 85 9 96 94 85 46 79 15 69 31 12 0 22 85 82 55 47 22 25 36 76 79 64 54 68 22 83 35 5 72 19 80 71 
91 3 2 34 97 2 17 0 96 60 47 22 88 37 9 43 30 56 22 0 32 12 83 97 38 43 35 54 53 51 29 10 8 26 49 45 71 87 27 80 
52 75 38 84 10 27 21 44 59 15 98 25 97 90 20 40 27 4 85 32 0 95 68 72 44 89 45 52 88 2 7 19 48 90 75 5 58 46 66 48 
13 67 72 79 90 46 56 44 74 54 44 17 46 83 57 3 87 8 82 12 95 0 2 55 93 97 39 98 39 30 75 49 48 44 8 41 0 91 50 0 
50 99 50 50 29 27 70 68 90 65 54 36 22 43 86 53 91 47 55 83 68 2 0 45 29 72 56 91 100 65 100 12 49 73 78 50 67 36 51 55 
72 68 78 22 11 25 42 83 39 27 79 62 44 38 89 53 34 66 47 97 72 55 45 0 22 88 41 98 91 31 47 58 56 4 3 32 71 77 31 46 
88 65 87 96 54 93 61 95 23 34 47 24 10 34 26 89 51 43 22 38 44 93 29 22 0 6 47 23 99 78 47 78 98 60 36 95 56 11 70 70 
76 4 76 73 17 6 32 14 75 89 2 19 38 62 15 83 58 50 25 43 89 97 72 88 6 0 96 82 19 84 53 75 29 6 13 90 75 61 41 63 
25 84 90 65 94 18 75 17 48 91 62 47 76 97 90 10 54 73 36 35 45 39 56 41 47 96 0 15 77 65 99 7 39 100 54 43 71 95 5 31 
25 89 88 8 50 6 83 33 90 97 98 54 94 87 8 90 14 4 76 54 52 98 91 98 23 82 15 0 73 77 88 39 70 57 14 95 48 85 81 5 
46 87 94 16 18 19 79 0 23 55 97 68 25 90 0 88 75 74 79 53 88 39 100 91 99 19 77 73 0 6 16 29 21 76 10 40 42 98 51 32 
22 29 21 59 27 26 77 28 61 26 93 11 97 12 90 32 80 83 64 51 2 30 65 31 78 84 65 77 6 0 83 18 78 48 80 97 64 49 79 8 
72 4 27 75 43 46 71 91 36 93 53 67 36 91 13 74 51 84 54 29 7 75 100 47 47 53 99 88 16 83 0 79 5 99 98 86 60 48 19 99 
94 90 99 61 46 35 68 79 36 95 1 1 59 6 59 48 37 46 68 10 19 49 12 58 78 75 7 39 29 18 79 0 26 9 41 8 44 52 61 49 
97 7 83 72 54 92 37 66 73 64 99 45 25 53 33 30 9 90 22 8 48 48 49 56 98 29 39 70 21 78 5 26 0 66 88 5 55 29 18 40 
78 24 59 54 57 42 86 33 31 12 91 19 32 66 74 40 41 25 83 26 90 44 73 4 60 6 100 57 76 48 99 9 66 0 18 92 56 1 28 23 
67 52 3 52 96 78 44 97 0 93 44 61 33 66 2 40 40 58 35 49 75 8 78 3 36 13 54 14 10 80 98 41 88 18 0 73 97 72 46 42 
62 73 83 55 79 17 25 44 77 55 14 12 73 82 4 40 23 55 5 45 5 41 50 32 95 90 43 95 40 97 86 8 5 92 73 0 78 90 84 53 
56 26 100 94 8 90 84 72 54 17 67 68 39 10 19 30 41 39 72 71 58 0 67 71 56 75 71 48 42 64 60 44 55 56 97 78 0 0 75 93 
91 60 2 8 25 78 87 84 6 68 51 86 27 85 59 22 10 52 19 87 46 91 36 77 11 61 95 85 98 49 48 52 29 1 72 90 0 0 68 62 
6 88 98 47 22 99 77 24 43 53 94 61 65 9 6 99 44 7 80 27 66 50 51 31 70 41 5 81 51 79 19 61 18 28 46 84 75 68 0 47 
56 77 11 49 23 58 64 19 62 57 55 97 84 26 46 90 88 53 71 80 48 0 55 46 70 63 31 5 32 8 99 49 40 23 42 53 93 62 47 0 
RRBBBBRBBRRBRRBBBBRBRBRBBRRBRBRRRRRBBRBR
