50
0 89 75 45 90 50 87 10 26 44 52 35 22 22 41 7 36 89 27 66 6 70 2 99 17 86 49 43 39 30 90 60 91 2 84 52 89 97 96 8 77 64 11 35 83 1 47 22 79 90 
89 0 88 55 82 20 48 34 15 9 23 66 3 39 43 74 51 25 48 61 49 22 7 14 34 77 66 89 78 67 40 94 19 48 30 14 50 66 17 99 45 70 9 30 66 34 52 26 56 78 
75 88 0 1 68 2 91 16 78 16 51 37 38 33 41 25 69 82 78 98 28 74 28 74 16 90 99 3 14 94 71 88 83 98 74 88 43 18 55 100 76 8 100 89 92 41 14 58 62 98 
45 55 1 0 78 93 14 2 79 23 30 11 4 99 51 20 68 93 43 70 59 78 7 48 4 31 76 55 1 27 67 16 89 70 83 1 11 44 43 17 25 2 94 53 67 15 12 25 92 40 
90 82 68 78 0 83 74 4 80 16 41 99 29 83 67 71 77 78 29 49 48 86 15 50 97 26 95 30 12 56 41 1 73 61 78 74 63 7 98 11 22 78 91 48 20 18 9 43 5 68 
50 20 2 93 83 0 90 59 10 38 71 100 63 78 48 72 88 63 2 39 81 59 54 84 0 10 49 58 61 53 25 88 91 72 18 56 63 25 48 19 54 33 52 12 42 58 32 89 45 34 
87 48 91 14 74 90 0 13 38 83 1 26 4 55 33 85 63 46 35 57 8 4 51 55 17 72 94 75 98 12 66 28 48 28 18 69 39 49 39 82 21 94 98 62 35 25 86 99 82 1 
10 34 16 2 4 59 13 0 87 83 7 38 74 82 60 51 12 48 88 22 0 79 73 0 76 3 85 94 9 11 10 30 61 44 29 9 7 63 73 18 45 72 9 96 72 20 90 29 95 88 
26 15 78 79 80 10 38 87 0 44 17 12 96 40 6 5 31 52 43 66 94 20 92 12 8 22 5 95 59 10 68 18 85 80 4 7 18 0 67 33 52 5 77 35 72 7 75 98 52 85 
44 9 16 23 16 38 83 83 44 0 70 81 14 68 46 82 38 7 71 31 43 79 19 100 37 83 69 50 78 69 66 56 18 99 14 93 49 25 69 54 56 81 25 57 68 35 72 46 6 23 
52 23 51 30 41 71 1 7 17 70 0 84 1 76 36 93 15 98 89 58 71 85 97 90 36 63 73 73 10 89 23 99 84 9 61 34 31 76 49 63 18 10 16 77 42 94 81 1 78 56 
35 66 37 11 99 100 26 38 12 81 84 0 43 62 39 79 43 7 62 87 90 11 54 77 27 24 58 69 54 17 28 85 98 34 11 16 69 11 64 60 92 44 21 19 68 65 75 50 1 73 
22 3 38 4 29 63 4 74 96 14 1 43 0 40 61 27 67 36 13 76 92 74 17 3 20 97 11 13 47 8 29 39 20 14 88 57 91 94 93 77 5 36 92 99 55 13 13 80 24 34 
22 39 33 99 83 78 55 82 40 68 76 62 40 0 61 66 11 1 88 63 34 38 64 1 95 81 18 57 50 72 66 74 87 82 100 52 28 53 82 80 16 4 66 93 13 37 51 22 7 76 
41 43 41 51 67 48 33 60 6 46 36 39 61 61 0 59 81 92 80 18 34 14 43 1 94 29 47 1 26 26 25 64 11 47 35 44 91 67 3 26 28 7 86 47 86 53 86 26 100 44 
7 74 25 20 71 72 85 51 5 82 93 79 27 66 59 0 97 83 88 71 23 10 43 81 24 48 20 46 48 63 16 97 9 62 78 81 41 100 76 2 97 4 13 52 86 99 36 75 21 65 
36 51 69 68 77 88 63 12 31 38 15 43 67 11 81 97 0 57 2 57 98 64 57 5 97 28 18 51 50 31 59 88 47 36 36 100 74 25 80 84 53 38 76 64 11 89 98 46 84 19 
89 25 82 93 78 63 46 48 52 7 98 7 36 1 92 83 57 0 80 48 72 9 22 32 10 95 23 63 47 58 88 16 53 77 21 34 50 94 82 42 34 45 64 44 55 14 8 5 9 98 
27 48 78 43 29 2 35 88 43 71 89 62 13 88 80 88 2 80 0 34 54 68 39 70 80 5 53 92 51 16 53 87 64 56 63 67 25 79 97 99 82 21 66 90 87 51 87 34 96 49 
66 61 98 70 49 39 57 22 66 31 58 87 76 63 18 71 57 48 34 0 5 37 95 31 38 36 73 21 18 76 78 71 49 41 83 87 14 37 70 80 70 68 10 89 2 26 32 83 42 90 
6 49 28 59 48 81 8 0 94 43 71 90 92 34 34 23 98 72 54 5 0 85 46 15 94 66 72 24 7 16 25 86 25 97 11 82 49 33 11 52 60 40 36 63 43 59 74 73 86 70 
70 22 74 78 86 59 4 79 20 79 85 11 74 38 14 10 64 9 68 37 85 0 44 66 50 57 43 62 94 5 73 61 85 90 20 32 52 100 61 53 8 39 79 63 92 68 34 92 99 78 
2 7 28 7 15 54 51 73 92 19 97 54 17 64 43 43 57 22 39 95 46 44 0 2 62 30 7 71 56 11 97 66 64 47 46 83 26 46 37 88 83 87 84 5 4 68 59 21 42 56 
99 14 74 48 50 84 55 0 12 100 90 77 3 1 1 81 5 32 70 31 15 66 2 0 71 11 78 79 71 27 66 88 69 73 50 13 60 64 24 19 62 46 24 66 45 89 17 16 81 69 
17 34 16 4 97 0 17 76 8 37 36 27 20 95 94 24 97 10 80 38 94 50 62 71 0 37 32 96 7 86 16 90 4 0 2 81 28 92 75 89 0 56 70 98 49 49 76 58 71 35 
86 77 90 31 26 10 72 3 22 83 63 24 97 81 29 48 28 95 5 36 66 57 30 11 37 0 5 19 48 73 6 14 38 100 76 13 46 34 40 7 11 45 100 58 21 34 55 36 22 57 
49 66 99 76 95 49 94 85 5 69 73 58 11 18 47 20 18 23 53 73 72 43 7 78 32 5 0 12 99 24 98 9 53 31 76 91 85 99 25 2 40 13 19 14 77 60 70 88 92 19 
43 89 3 55 30 58 75 94 95 50 73 69 13 57 1 46 51 63 92 21 24 62 71 79 96 19 12 0 25 16 67 94 78 63 78 66 33 88 60 84 31 65 89 73 70 77 73 69 53 21 
39 78 14 1 12 61 98 9 59 78 10 54 47 50 26 48 50 47 51 18 7 94 56 71 7 48 99 25 0 38 81 60 31 86 58 78 0 93 79 18 33 72 75 13 29 15 63 23 31 81 
30 67 94 27 56 53 12 11 10 69 89 17 8 72 26 63 31 58 16 76 16 5 11 27 86 73 24 16 38 0 20 6 40 6 96 97 1 25 15 66 88 15 66 39 41 96 72 49 65 32 
90 40 71 67 41 25 66 10 68 66 23 28 29 66 25 16 59 88 53 78 25 73 97 66 16 6 98 67 81 20 0 51 56 29 20 96 35 50 94 29 90 23 34 96 99 57 79 75 98 56 
60 94 88 16 1 88 28 30 18 56 99 85 39 74 64 97 88 16 87 71 86 61 66 88 90 14 9 94 60 6 51 0 83 67 82 88 11 9 10 85 95 72 72 26 15 60 88 65 8 46 
91 19 83 89 73 91 48 61 85 18 84 98 20 87 11 9 47 53 64 49 25 85 64 69 4 38 53 78 31 40 56 83 0 37 38 59 95 60 90 69 52 61 1 92 38 37 20 32 58 19 
2 48 98 70 61 72 28 44 80 99 9 34 14 82 47 62 36 77 56 41 97 90 47 73 0 100 31 63 86 6 29 67 37 0 89 58 68 82 40 42 12 21 29 60 21 28 6 26 86 100 
84 30 74 83 78 18 18 29 4 14 61 11 88 100 35 78 36 21 63 83 11 20 46 50 2 76 76 78 58 96 20 82 38 89 0 12 19 46 77 19 42 90 99 80 48 33 22 40 72 18 
52 14 88 1 74 56 69 9 7 93 34 16 57 52 44 81 100 34 67 87 82 32 83 13 81 13 91 66 78 97 96 88 59 58 12 0 4 95 49 45 98 16 77 62 70 36 41 5 97 50 
89 50 43 11 63 63 39 7 18 49 31 69 91 28 91 41 74 50 25 14 49 52 26 60 28 46 85 33 0 1 35 11 95 68 19 4 0 25 70 59 15 86 89 8 88 85 9 54 43 73 
97 66 18 44 7 25 49 63 0 25 76 11 94 53 67 100 25 94 79 37 33 100 46 64 92 34 99 88 93 25 50 9 60 82 46 95 25 0 55 69 72 92 23 39 29 100 64 46 56 5 
96 17 55 43 98 48 39 73 67 69 49 64 93 82 3 76 80 82 97 70 11 61 37 24 75 40 25 60 79 15 94 10 90 40 77 49 70 55 0 50 63 35 73 83 91 5 14 55 64 30 
8 99 100 17 11 19 82 18 33 54 63 60 77 80 26 2 84 42 99 80 52 53 88 19 89 7 2 84 18 66 29 85 69 42 19 45 59 69 50 0 77 17 26 35 26 50 78 64 49 33 
77 45 76 25 22 54 21 45 52 56 18 92 5 16 28 97 53 34 82 70 60 8 83 62 0 11 40 31 33 88 90 95 52 12 42 98 15 72 63 77 0 55 92 47 99 87 73 40 64 63 
64 70 8 2 78 33 94 72 5 81 10 44 36 4 7 4 38 45 21 68 40 39 87 46 56 45 13 65 72 15 23 72 61 21 90 16 86 92 35 17 55 0 92 54 87 63 98 25 33 59 
11 9 100 94 91 52 98 9 77 25 16 21 92 66 86 13 76 64 66 10 36 79 84 24 70 100 19 89 75 66 34 72 1 29 99 77 89 23 73 26 92 92 0 13 95 38 80 52 34 0 
35 30 89 53 48 12 62 96 35 57 77 19 99 93 47 52 64 44 90 89 63 63 5 66 98 58 14 73 13 39 96 26 92 60 80 62 8 39 83 35 47 54 13 0 34 85 89 87 81 88 
83 66 92 67 20 42 35 72 72 68 42 68 55 13 86 86 11 55 87 2 43 92 4 45 49 21 77 70 29 41 99 15 38 21 48 70 88 29 91 26 99 87 95 34 0 96 27 42 77 42 
1 34 41 15 18 58 25 20 7 35 94 65 13 37 53 99 89 14 51 26 59 68 68 89 49 34 60 77 15 96 57 60 37 28 33 36 85 100 5 50 87 63 38 85 96 0 37 30 28 21 
47 52 14 12 9 32 86 90 75 72 81 75 13 51 86 36 98 8 87 32 74 34 59 17 76 55 70 73 63 72 79 88 20 6 22 41 9 64 14 78 73 98 80 89 27 37 0 56 19 9 
22 26 58 25 43 89 99 29 98 46 1 50 80 22 26 75 46 5 34 83 73 92 21 16 58 36 88 69 23 49 75 65 32 26 40 5 54 46 55 64 40 25 52 87 42 30 56 0 41 20 
79 56 62 92 5 45 82 95 52 6 78 1 24 7 100 21 84 9 96 42 86 99 42 81 71 22 92 53 31 65 98 8 58 86 72 97 43 56 64 49 64 33 34 81 77 28 19 41 0 53 
90 78 98 40 68 34 1 88 85 23 56 73 34 76 44 65 19 98 49 90 70 78 56 69 35 57 19 21 81 32 56 46 19 100 18 50 73 5 30 33 63 59 0 88 42 21 9 20 53 0 
RRBRRRRRRRBBBBBBBRBBBRRBRBRBBBRRRBBBBRRBRRRRBBBBRR
