34
0 22 88 82 36 35 20 58 5 54 99 12 37 93 47 46 85 35 40 100 30 51 89 80 62 92 68 80 82 84 60 1 54 37 
22 0 94 55 55 61 98 95 29 93 29 22 83 22 67 58 43 23 12 63 40 44 42 35 34 67 78 45 31 66 80 18 24 28 
88 94 0 37 73 95 81 37 54 71 22 62 73 76 3 42 70 55 9 51 40 34 72 64 77 12 16 17 11 93 15 68 8 45 
82 55 37 0 34 18 23 15 86 36 22 31 48 16 63 97 26 38 38 59 92 83 69 88 81 86 73 33 10 55 30 73 14 35 
36 55 73 34 0 53 33 82 49 82 1 13 17 88 6 7 17 82 55 59 2 48 84 100 98 49 11 36 9 96 22 39 41 27 
35 61 95 18 53 0 43 76 40 30 99 69 70 67 91 55 90 50 69 87 20 25 56 46 35 16 69 15 69 41 9 55 25 63 
20 98 81 23 33 43 0 99 7 82 85 81 97 68 82 63 79 57 63 43 11 61 79 36 6 49 74 38 26 55 33 57 49 36 
58 95 37 15 82 76 99 0 21 73 58 66 44 26 24 71 38 45 86 80 25 93 53 43 89 59 23 93 37 60 34 72 78 16 
5 29 54 86 49 40 7 21 0 62 45 67 49 20 73 31 72 15 41 50 16 28 32 5 53 56 32 62 36 74 81 24 95 42 
54 93 71 36 82 30 82 73 62 0 94 62 22 41 78 54 49 47 44 31 88 47 43 0 61 11 72 55 57 98 84 11 17 21 
99 29 22 22 1 99 85 58 45 94 0 35 49 16 58 21 73 100 94 58 38 81 8 16 7 66 1 79 27 72 7 5 73 50 
12 22 62 31 13 69 81 66 67 62 35 0 47 61 4 41 64 75 71 39 82 11 22 6 36 90 10 65 61 96 65 98 91 31 
37 83 73 48 17 70 97 44 49 22 49 47 0 70 99 66 65 8 24 67 56 55 4 54 74 0 52 63 69 16 21 96 52 47 
93 22 76 16 88 67 68 26 20 41 16 61 70 0 10 31 77 73 22 37 27 85 3 91 37 13 90 32 36 97 4 35 15 40 
47 67 3 63 6 91 82 24 73 78 58 4 99 10 0 84 75 98 48 1 27 16 98 46 67 90 23 67 88 48 56 86 46 12 
46 58 42 97 7 55 63 71 31 54 21 41 66 31 84 0 27 42 66 90 80 15 29 55 45 30 76 52 74 92 29 58 95 26 
85 43 70 26 17 90 79 38 72 49 73 64 65 77 75 27 0 12 85 67 47 25 66 5 35 23 15 65 46 66 47 20 70 28 
35 23 55 38 82 50 57 45 15 47 100 75 8 73 98 42 12 0 3 25 24 82 84 47 8 12 15 21 38 18 60 98 40 11 
40 12 9 38 55 69 63 86 41 44 94 71 24 22 48 66 85 3 0 9 63 77 9 89 96 49 4 83 7 0 86 38 83 94 
100 63 51 59 59 87 43 80 50 31 58 39 67 37 1 90 67 25 9 0 96 27 41 98 84 84 14 59 70 31 34 78 86 14 
30 40 40 92 2 20 11 25 16 88 38 82 56 27 27 80 47 24 63 96 0 67 67 66 53 25 95 31 2 20 74 15 38 20 
51 44 34 83 48 25 61 93 28 47 81 11 55 85 16 15 25 82 77 27 67 0 38 38 53 49 0 99 48 8 76 28 12 42 
89 42 72 69 84 56 79 53 32 43 8 22 4 3 98 29 66 84 9 41 67 38 0 8 2 38 21 69 22 37 19 31 76 37 
80 35 64 88 100 46 36 43 5 0 16 6 54 91 46 55 5 47 89 98 66 38 8 0 83 68 38 14 24 60 31 19 65 64 
62 34 77 81 98 35 6 89 53 61 7 36 74 37 67 45 35 8 96 84 53 53 2 83 0 61 21 72 90 93 9 90 51 53 
92 67 12 86 49 16 49 59 56 11 66 90 0 13 90 30 23 12 49 84 25 49 38 68 61 0 83 33 72 96 21 40 96 83 
68 78 16 73 11 69 74 23 32 72 1 10 52 90 23 76 15 15 4 14 95 0 21 38 21 83 0 95 10 29 54 6 63 13 
80 45 17 33 36 15 38 93 62 55 79 65 63 32 67 52 65 21 83 59 31 99 69 14 72 33 95 0 30 79 6 36 24 94 
82 31 11 10 9 69 26 37 36 57 27 61 69 36 88 74 46 38 7 70 2 48 22 24 90 72 10 30 0 37 56 55 74 66 
84 66 93 55 96 41 55 60 74 98 72 96 16 97 48 92 66 18 0 31 20 8 37 60 93 96 29 79 37 0 22 83 18 35 
60 80 15 30 22 9 33 34 81 84 7 65 21 4 56 29 47 60 86 34 74 76 19 31 9 21 54 6 56 22 0 87 52 35 
1 18 68 73 39 55 57 72 24 11 5 98 96 35 86 58 20 98 38 78 15 28 31 19 90 40 6 36 55 83 87 0 28 18 
54 24 8 14 41 25 49 78 95 17 73 91 52 15 46 95 70 40 83 86 38 12 76 65 51 96 63 24 74 18 52 28 0 63 
37 28 45 35 27 63 36 16 42 21 50 31 47 40 12 26 28 11 94 14 20 42 37 64 53 83 13 94 66 35 35 18 63 0 
RBBRRBRRBRBRBRRBBRRBBBRRRRRBRBBBBB
