36
0 74 98 59 17 13 59 80 25 70 72 5 67 3 8 57 98 9 31 14 69 25 88 28 43 77 62 91 14 54 99 40 42 7 28 45 
74 0 45 28 25 47 56 74 86 63 63 75 52 59 18 41 36 39 98 84 57 16 93 41 23 73 40 2 90 13 85 81 78 50 3 7 
98 45 0 10 97 6 81 53 98 60 63 6 79 17 56 36 37 2 44 16 90 44 63 100 98 44 9 61 87 16 30 67 76 22 68 24 
59 28 10 0 42 46 97 5 17 45 33 20 19 89 39 13 13 90 83 55 0 97 70 24 34 74 34 66 53 51 85 96 75 100 12 9 
17 25 97 42 0 61 48 16 87 11 67 29 10 59 22 72 51 52 81 2 67 63 86 36 38 39 29 60 29 34 71 29 79 79 43 17 
13 47 6 46 61 0 56 100 88 82 74 1 15 53 65 60 37 4 94 77 49 63 83 72 31 79 15 96 68 93 40 35 77 47 96 59 
59 56 81 97 48 56 0 56 91 98 6 96 28 40 82 19 84 4 79 88 75 48 63 92 1 51 60 52 35 47 53 38 98 28 96 88 
80 74 53 5 16 100 56 0 52 70 4 93 81 6 50 64 61 88 85 13 79 19 90 89 15 3 50 67 15 6 68 55 79 40 13 6 
25 86 98 17 87 88 91 52 0 8 20 87 32 87 57 16 18 55 8 49 99 98 6 56 79 88 40 96 70 2 69 41 35 64 49 32 
70 63 60 45 11 82 98 70 8 0 33 96 97 23 1 19 70 57 20 21 86 86 66 15 40 100 20 52 72 8 89 39 35 49 10 78 
72 63 63 33 67 74 6 4 20 33 0 10 31 63 38 63 8 8 84 89 76 61 42 45 88 92 37 62 56 43 45 96 8 79 55 60 
5 75 6 20 29 1 96 93 87 96 10 0 59 5 28 91 32 33 51 74 76 37 99 85 43 7 44 12 83 47 37 9 24 34 42 12 
67 52 79 19 10 15 28 81 32 97 31 59 0 84 91 15 70 25 60 97 80 91 71 4 21 63 13 6 18 97 40 87 87 74 50 63 
3 59 17 89 59 53 40 6 87 23 63 5 84 0 9 10 80 89 11 82 56 9 86 95 60 51 91 76 72 32 31 12 32 34 74 65 
8 18 56 39 22 65 82 50 57 1 38 28 91 9 0 91 10 2 21 56 75 49 39 57 15 83 1 9 96 99 97 88 98 28 31 86 
57 41 36 13 72 60 19 64 16 19 63 91 15 10 91 0 57 100 76 26 17 67 78 7 6 87 22 75 67 64 54 90 16 91 67 45 
98 36 37 13 51 37 84 61 18 70 8 32 70 80 10 57 0 27 84 34 43 19 60 36 99 61 13 79 67 33 37 67 46 73 9 47 
9 39 2 90 52 4 4 88 55 57 8 33 25 89 2 100 27 0 25 67 87 83 66 31 19 11 27 16 78 78 23 36 71 46 19 4 
31 98 44 83 81 94 79 85 8 20 84 51 60 11 21 76 84 25 0 26 75 24 44 9 78 81 53 18 64 6 72 4 97 82 28 62 
14 84 16 55 2 77 88 13 49 21 89 74 97 82 56 26 34 67 26 0 0 68 24 60 66 98 67 17 0 47 77 49 68 99 34 63 
69 57 90 0 67 49 75 79 99 86 76 76 80 56 75 17 43 87 75 0 0 51 97 53 96 62 2 33 46 77 96 10 0 64 76 96 
25 16 44 97 63 63 48 19 98 86 61 37 91 9 49 67 19 83 24 68 51 0 40 3 85 57 76 55 24 76 3 82 20 49 46 56 
88 93 63 70 86 83 63 90 6 66 42 99 71 86 39 78 60 66 44 24 97 40 0 87 68 47 42 26 57 49 22 65 45 61 98 36 
28 41 100 24 36 72 92 89 56 15 45 85 4 95 57 7 36 31 9 60 53 3 87 0 14 71 17 84 61 17 23 87 54 32 79 0 
43 23 98 34 38 31 1 15 79 40 88 43 21 60 15 6 99 19 78 66 96 85 68 14 0 92 100 55 31 79 5 78 14 37 34 70 
77 73 44 74 39 79 51 3 88 100 92 7 63 51 83 87 61 11 81 98 62 57 47 71 92 0 86 58 5 11 84 32 43 82 46 59 
62 40 9 34 29 15 60 50 40 20 37 44 13 91 1 22 13 27 53 67 2 76 42 17 100 86 0 27 17 86 93 47 5 95 21 54 
91 2 61 66 60 96 52 67 96 52 62 12 6 76 9 75 79 16 18 17 33 55 26 84 55 58 27 0 78 82 54 3 90 2 72 11 
14 90 87 53 29 68 35 15 70 72 56 83 18 72 96 67 67 78 64 0 46 24 57 61 31 5 17 78 0 86 79 81 8 85 13 93 
54 13 16 51 34 93 47 6 2 8 43 47 97 32 99 64 33 78 6 47 77 76 49 17 79 11 86 82 86 0 48 23 69 91 65 58 
99 85 30 85 71 40 53 68 69 89 45 37 40 31 97 54 37 23 72 77 96 3 22 23 5 84 93 54 79 48 0 63 84 73 57 79 
40 81 67 96 29 35 38 55 41 39 96 9 87 12 88 90 67 36 4 49 10 82 65 87 78 32 47 3 81 23 63 0 2 83 72 19 
42 78 76 75 79 77 98 79 35 35 8 24 87 32 98 16 46 71 97 68 0 20 45 54 14 43 5 90 8 69 84 2 0 4 9 76 
7 50 22 100 79 47 28 40 64 49 79 34 74 34 28 91 73 46 82 99 64 49 61 32 37 82 95 2 85 91 73 83 4 0 49 31 
28 3 68 12 43 96 96 13 49 10 55 42 50 74 31 67 9 19 28 34 76 46 98 79 34 46 21 72 13 65 57 72 9 49 0 1 
45 7 24 9 17 59 88 6 32 78 60 12 63 65 86 45 47 4 62 63 96 56 36 0 70 59 54 11 93 58 79 19 76 31 1 0 
BRBBBRBRBRBBRBBRRRBBRBBRBRRBRRRBRBRR
