42
0 52 53 62 69 74 41 2 5 71 42 42 74 91 32 22 22 15 52 25 28 52 37 35 61 47 51 54 63 58 56 61 4 77 52 58 49 43 17 21 63 73 
52 0 21 52 94 32 9 66 85 12 77 65 73 25 32 45 84 37 3 36 31 32 14 41 17 81 88 53 78 48 29 27 84 68 9 90 34 69 19 31 77 96 
53 21 0 2 46 12 54 21 40 50 17 11 38 64 32 17 37 25 54 80 12 36 54 36 6 94 3 44 38 35 72 68 39 79 23 15 70 79 31 73 97 14 
62 52 2 0 40 12 2 15 37 32 15 66 24 93 28 0 28 45 70 64 31 86 49 58 98 50 70 71 21 74 57 72 93 68 76 74 90 7 17 82 16 70 
69 94 46 40 0 42 17 92 52 63 99 51 60 53 67 53 45 17 7 20 49 20 78 51 52 61 44 24 17 7 98 18 5 17 65 44 30 27 74 10 18 76 
74 32 12 12 42 0 20 75 52 59 6 34 13 12 37 88 97 97 9 74 56 57 93 83 87 29 91 90 62 90 97 84 41 62 41 5 80 24 23 49 43 94 
41 9 54 2 17 20 0 80 54 16 23 66 22 45 62 98 99 38 16 97 90 1 24 14 5 89 75 11 24 39 40 8 15 24 97 23 89 62 29 41 98 86 
2 66 21 15 92 75 80 0 100 61 46 76 62 25 48 87 24 33 79 92 64 21 94 48 47 65 13 59 23 31 23 69 91 64 31 79 75 23 7 51 80 44 
5 85 40 37 52 52 54 100 0 64 11 66 76 62 78 85 79 75 60 70 62 75 12 72 21 63 83 98 22 33 20 70 46 82 31 0 81 48 99 72 83 80 
71 12 50 32 63 59 16 61 64 0 30 93 22 29 25 17 32 2 15 30 17 46 81 22 22 54 55 31 68 88 97 47 96 53 34 33 62 70 19 8 74 25 
42 77 17 15 99 6 23 46 11 30 0 23 4 68 12 85 33 46 72 30 3 81 83 70 79 17 30 76 77 43 9 37 72 92 57 89 32 65 29 68 57 87 
42 65 11 66 51 34 66 76 66 93 23 0 11 0 78 59 44 89 54 86 19 30 34 83 63 26 39 20 64 28 26 78 75 25 11 11 98 46 60 18 75 97 
74 73 38 24 60 13 22 62 76 22 4 11 0 85 99 4 96 36 6 66 40 19 29 23 96 23 13 76 75 78 80 49 73 89 61 51 64 63 23 65 73 5 
91 25 64 93 53 12 45 25 62 29 68 0 85 0 51 83 4 33 95 58 39 64 85 88 24 18 34 13 33 98 99 3 28 37 6 0 57 26 93 90 42 39 
32 32 32 28 67 37 62 48 78 25 12 78 99 51 0 94 8 95 63 40 37 70 74 97 35 68 83 62 66 32 32 19 66 19 80 5 1 23 23 47 31 69 
22 45 17 0 53 88 98 87 85 17 85 59 4 83 94 0 76 2 45 15 6 15 57 95 24 35 29 97 60 35 54 23 15 21 8 35 100 18 63 70 2 9 
22 84 37 28 45 97 99 24 79 32 33 44 96 4 8 76 0 13 89 49 69 56 60 58 2 90 88 19 28 77 9 96 15 0 26 74 18 22 4 74 4 12 
15 37 25 45 17 97 38 33 75 2 46 89 36 33 95 2 13 0 15 9 23 40 40 77 35 19 43 84 25 75 44 86 78 59 48 7 77 90 98 75 97 17 
52 3 54 70 7 9 16 79 60 15 72 54 6 95 63 45 89 15 0 11 42 91 97 29 39 65 25 40 8 7 33 74 64 88 38 19 8 77 67 77 44 59 
25 36 80 64 20 74 97 92 70 30 30 86 66 58 40 15 49 9 11 0 63 67 73 73 52 8 69 86 100 88 13 62 69 34 29 66 9 72 21 68 18 53 
28 31 12 31 49 56 90 64 62 17 3 19 40 39 37 6 69 23 42 63 0 18 4 82 65 43 99 13 23 71 94 16 60 85 75 73 97 48 53 100 96 47 
52 32 36 86 20 57 1 21 75 46 81 30 19 64 70 15 56 40 91 67 18 0 1 65 40 81 14 61 57 45 94 88 2 9 97 84 90 4 62 98 35 99 
37 14 54 49 78 93 24 94 12 81 83 34 29 85 74 57 60 40 97 73 4 1 0 15 71 21 62 39 9 52 61 62 8 6 26 46 80 80 96 19 45 31 
35 41 36 58 51 83 14 48 72 22 70 83 23 88 97 95 58 77 29 73 82 65 15 0 36 90 7 11 38 100 26 47 98 73 87 77 77 73 16 6 83 86 
61 17 6 98 52 87 5 47 21 22 79 63 96 24 35 24 2 35 39 52 65 40 71 36 0 39 98 31 46 30 26 84 67 58 25 32 67 11 68 99 93 97 
47 81 94 50 61 29 89 65 63 54 17 26 23 18 68 35 90 19 65 8 43 81 21 90 39 0 68 40 13 91 1 1 95 74 71 87 17 91 96 57 40 36 
51 88 3 70 44 91 75 13 83 55 30 39 13 34 83 29 88 43 25 69 99 14 62 7 98 68 0 9 54 88 16 72 72 90 76 33 60 64 4 69 25 7 
54 53 44 71 24 90 11 59 98 31 76 20 76 13 62 97 19 84 40 86 13 61 39 11 31 40 9 0 1 56 93 18 66 41 99 20 77 17 81 48 34 8 
63 78 38 21 17 62 24 23 22 68 77 64 75 33 66 60 28 25 8 100 23 57 9 38 46 13 54 1 0 80 9 30 81 42 39 64 51 29 31 25 45 57 
58 48 35 74 7 90 39 31 33 88 43 28 78 98 32 35 77 75 7 88 71 45 52 100 30 91 88 56 80 0 12 44 91 79 48 89 9 70 45 59 24 79 
56 29 72 57 98 97 40 23 20 97 9 26 80 99 32 54 9 44 33 13 94 94 61 26 26 1 16 93 9 12 0 88 24 54 6 95 94 65 35 92 49 11 
61 27 68 72 18 84 8 69 70 47 37 78 49 3 19 23 96 86 74 62 16 88 62 47 84 1 72 18 30 44 88 0 24 71 52 68 20 92 90 63 57 75 
4 84 39 93 5 41 15 91 46 96 72 75 73 28 66 15 15 78 64 69 60 2 8 98 67 95 72 66 81 91 24 24 0 80 2 21 91 65 55 25 3 23 
77 68 79 68 17 62 24 64 82 53 92 25 89 37 19 21 0 59 88 34 85 9 6 73 58 74 90 41 42 79 54 71 80 0 58 31 21 49 37 51 90 72 
52 9 23 76 65 41 97 31 31 34 57 11 61 6 80 8 26 48 38 29 75 97 26 87 25 71 76 99 39 48 6 52 2 58 0 4 98 34 41 14 43 54 
58 90 15 74 44 5 23 79 0 33 89 11 51 0 5 35 74 7 19 66 73 84 46 77 32 87 33 20 64 89 95 68 21 31 4 0 39 54 45 52 3 14 
49 34 70 90 30 80 89 75 81 62 32 98 64 57 1 100 18 77 8 9 97 90 80 77 67 17 60 77 51 9 94 20 91 21 98 39 0 31 71 40 39 9 
43 69 79 7 27 24 62 23 48 70 65 46 63 26 23 18 22 90 77 72 48 4 80 73 11 91 64 17 29 70 65 92 65 49 34 54 31 0 93 66 67 25 
17 19 31 17 74 23 29 7 99 19 29 60 23 93 23 63 4 98 67 21 53 62 96 16 68 96 4 81 31 45 35 90 55 37 41 45 71 93 0 37 58 21 
21 31 73 82 10 49 41 51 72 8 68 18 65 90 47 70 74 75 77 68 100 98 19 6 99 57 69 48 25 59 92 63 25 51 14 52 40 66 37 0 17 59 
63 77 97 16 18 43 98 80 83 74 57 75 73 42 31 2 4 97 44 18 96 35 45 83 93 40 25 34 45 24 49 57 3 90 43 3 39 67 58 17 0 16 
73 96 14 70 76 94 86 44 80 25 87 97 5 39 69 9 12 17 59 53 47 99 31 86 97 36 7 8 57 79 11 75 23 72 54 14 9 25 21 59 16 0 
RRBBBBRRBBRBRBRRRBBBBRRBRBBRRRRRBBRBRRBRBB
