48
0 68 3 83 77 4 96 22 33 17 26 34 54 25 5 87 94 27 0 61 8 57 97 47 25 20 80 13 78 71 97 10 81 40 61 25 54 40 71 82 31 26 66 100 6 48 19 1 
68 0 80 55 17 94 74 36 97 100 87 33 84 65 66 10 27 24 0 78 85 73 39 93 95 83 9 67 20 51 75 92 19 70 100 26 43 10 94 26 75 53 36 86 19 65 14 67 
3 80 0 77 56 85 94 39 50 29 44 55 0 38 77 5 11 52 53 34 29 37 65 52 90 54 59 89 64 22 99 10 23 7 51 55 54 52 40 6 2 99 6 18 88 31 33 93 
83 55 77 0 46 48 20 44 17 73 76 52 69 31 74 29 61 7 42 99 68 52 67 99 97 21 0 90 75 13 2 66 22 13 71 59 79 82 5 0 70 57 24 96 53 47 95 77 
77 17 56 46 0 26 51 61 15 32 95 86 26 13 92 4 40 21 48 56 96 86 90 47 41 11 57 3 88 75 15 9 71 91 13 68 41 59 69 50 54 82 10 91 17 21 8 5 
4 94 85 48 26 0 76 11 33 28 16 8 23 23 14 76 73 42 47 9 1 64 25 36 95 98 40 85 84 69 31 22 99 19 94 28 95 43 30 6 17 58 89 8 33 82 47 85 
96 74 94 20 51 76 0 61 1 96 17 27 37 17 93 3 92 22 9 75 21 55 46 8 89 12 42 96 11 46 65 42 69 26 68 4 34 12 38 19 100 61 69 90 4 67 85 31 
22 36 39 44 61 11 61 0 46 2 86 90 29 65 99 54 61 68 97 75 78 25 80 63 60 84 87 73 26 39 11 34 3 50 80 84 89 69 75 43 91 56 42 25 44 74 54 61 
33 97 50 17 15 33 1 46 0 17 54 53 57 23 74 0 8 78 52 16 53 26 24 2 78 41 92 16 25 100 66 9 79 84 58 98 99 28 7 38 67 44 84 55 59 80 40 70 
17 100 29 73 32 28 96 2 17 0 40 45 79 14 24 69 56 64 45 69 45 75 82 20 71 71 45 60 34 17 53 65 24 66 36 17 33 2 54 89 93 47 29 38 24 10 53 8 
26 87 44 76 95 16 17 86 54 40 0 64 85 95 47 77 23 95 21 73 40 30 62 70 95 18 55 9 32 52 24 27 10 56 27 29 17 62 7 58 13 2 27 4 93 20 90 66 
34 33 55 52 86 8 27 90 53 45 64 0 19 67 49 56 50 23 99 78 96 9 84 66 20 42 91 14 27 46 13 28 100 36 92 81 37 17 66 26 80 55 7 55 99 96 27 59 
54 84 0 69 26 23 37 29 57 79 85 19 0 54 28 55 96 4 18 43 86 43 83 72 33 60 33 5 75 57 64 85 79 59 34 92 87 50 39 83 80 55 24 9 66 24 98 51 
25 65 38 31 13 23 17 65 23 14 95 67 54 0 36 11 48 5 59 73 93 44 0 79 66 55 38 80 79 63 56 29 64 70 69 95 91 55 83 50 22 38 33 59 24 86 22 42 
5 66 77 74 92 14 93 99 74 24 47 49 28 36 0 98 79 18 76 0 81 17 30 9 12 95 52 17 73 63 86 72 54 51 44 76 22 59 76 89 88 58 70 72 36 89 56 96 
87 10 5 29 4 76 3 54 0 69 77 56 55 11 98 0 49 89 28 78 9 60 27 27 78 17 91 92 35 2 27 54 24 37 3 71 94 75 22 14 15 82 62 23 9 12 86 74 
94 27 11 61 40 73 92 61 8 56 23 50 96 48 79 49 0 41 61 47 60 11 91 64 12 45 54 7 11 47 86 2 37 86 90 22 5 96 64 19 42 32 18 2 74 17 2 72 
27 24 52 7 21 42 22 68 78 64 95 23 4 5 18 89 41 0 52 40 33 58 9 12 3 53 29 96 9 100 29 98 100 6 58 37 29 67 62 8 92 30 96 82 11 52 99 15 
0 0 53 42 48 47 9 97 52 45 21 99 18 59 76 28 61 52 0 9 41 39 48 36 6 28 31 66 6 84 36 9 74 79 96 28 61 80 53 99 78 13 88 9 54 84 47 48 
61 78 34 99 56 9 75 75 16 69 73 78 43 73 0 78 47 40 9 0 57 18 66 54 90 6 99 83 4 94 94 17 29 32 9 2 58 85 53 10 69 94 21 25 76 100 51 19 
8 85 29 68 96 1 21 78 53 45 40 96 86 93 81 9 60 33 41 57 0 65 32 63 1 2 53 42 62 72 29 38 88 77 93 62 32 63 90 35 27 15 88 7 48 95 77 41 
57 73 37 52 86 64 55 25 26 75 30 9 43 44 17 60 11 58 39 18 65 0 50 59 53 95 33 30 38 72 86 47 54 36 10 21 80 21 70 48 89 78 34 27 35 80 45 53 
97 39 65 67 90 25 46 80 24 82 62 84 83 0 30 27 91 9 48 66 32 50 0 4 76 98 55 30 94 82 86 70 20 52 32 87 83 51 89 96 11 18 86 9 43 27 13 71 
47 93 52 99 47 36 8 63 2 20 70 66 72 79 9 27 64 12 36 54 63 59 4 0 37 0 66 93 18 14 8 33 78 64 21 88 23 92 20 73 10 11 41 63 73 62 6 2 
25 95 90 97 41 95 89 60 78 71 95 20 33 66 12 78 12 3 6 90 1 53 76 37 0 90 42 41 90 74 25 50 51 38 81 77 62 0 98 37 69 30 35 82 39 100 61 22 
20 83 54 21 11 98 12 84 41 71 18 42 60 55 95 17 45 53 28 6 2 95 98 0 90 0 26 3 24 19 39 76 54 27 22 44 43 76 61 22 81 3 15 9 52 78 2 55 
80 9 59 0 57 40 42 87 92 45 55 91 33 38 52 91 54 29 31 99 53 33 55 66 42 26 0 90 22 87 80 97 82 9 17 87 8 30 42 28 44 6 60 54 20 55 80 98 
13 67 89 90 3 85 96 73 16 60 9 14 5 80 17 92 7 96 66 83 42 30 30 93 41 3 90 0 7 92 34 24 65 16 22 6 39 19 10 87 95 31 84 98 32 74 44 31 
78 20 64 75 88 84 11 26 25 34 32 27 75 79 73 35 11 9 6 4 62 38 94 18 90 24 22 7 0 56 67 13 37 62 25 9 46 56 15 12 59 79 13 43 82 78 95 30 
71 51 22 13 75 69 46 39 100 17 52 46 57 63 63 2 47 100 84 94 72 72 82 14 74 19 87 92 56 0 12 14 27 83 53 6 37 56 4 23 20 6 92 98 58 18 97 60 
97 75 99 2 15 31 65 11 66 53 24 13 64 56 86 27 86 29 36 94 29 86 86 8 25 39 80 34 67 12 0 25 57 29 54 50 71 55 72 25 81 88 36 55 95 53 18 39 
10 92 10 66 9 22 42 34 9 65 27 28 85 29 72 54 2 98 9 17 38 47 70 33 50 76 97 24 13 14 25 0 11 78 63 89 38 18 18 24 1 99 51 52 9 50 1 46 
81 19 23 22 71 99 69 3 79 24 10 100 79 64 54 24 37 100 74 29 88 54 20 78 51 54 82 65 37 27 57 11 0 50 14 4 44 34 3 6 82 68 16 83 95 31 17 53 
40 70 7 13 91 19 26 50 84 66 56 36 59 70 51 37 86 6 79 32 77 36 52 64 38 27 9 16 62 83 29 78 50 0 66 52 88 72 69 40 81 18 53 34 44 89 17 48 
61 100 51 71 13 94 68 80 58 36 27 92 34 69 44 3 90 58 96 9 93 10 32 21 81 22 17 22 25 53 54 63 14 66 0 43 88 4 9 40 34 60 29 80 90 26 95 47 
25 26 55 59 68 28 4 84 98 17 29 81 92 95 76 71 22 37 28 2 62 21 87 88 77 44 87 6 9 6 50 89 4 52 43 0 8 17 17 67 62 75 44 68 75 40 17 1 
54 43 54 79 41 95 34 89 99 33 17 37 87 91 22 94 5 29 61 58 32 80 83 23 62 43 8 39 46 37 71 38 44 88 88 8 0 19 28 51 5 80 34 89 89 89 97 43 
40 10 52 82 59 43 12 69 28 2 62 17 50 55 59 75 96 67 80 85 63 21 51 92 0 76 30 19 56 56 55 18 34 72 4 17 19 0 30 98 69 95 41 20 82 33 48 30 
71 94 40 5 69 30 38 75 7 54 7 66 39 83 76 22 64 62 53 53 90 70 89 20 98 61 42 10 15 4 72 18 3 69 9 17 28 30 0 0 85 8 47 88 6 0 46 30 
82 26 6 0 50 6 19 43 38 89 58 26 83 50 89 14 19 8 99 10 35 48 96 73 37 22 28 87 12 23 25 24 6 40 40 67 51 98 0 0 88 2 78 74 45 57 81 34 
31 75 2 70 54 17 100 91 67 93 13 80 80 22 88 15 42 92 78 69 27 89 11 10 69 81 44 95 59 20 81 1 82 81 34 62 5 69 85 88 0 3 3 79 58 96 30 72 
26 53 99 57 82 58 61 56 44 47 2 55 55 38 58 82 32 30 13 94 15 78 18 11 30 3 6 31 79 6 88 99 68 18 60 75 80 95 8 2 3 0 7 58 36 65 66 98 
66 36 6 24 10 89 69 42 84 29 27 7 24 33 70 62 18 96 88 21 88 34 86 41 35 15 60 84 13 92 36 51 16 53 29 44 34 41 47 78 3 7 0 48 69 36 12 9 
100 86 18 96 91 8 90 25 55 38 4 55 9 59 72 23 2 82 9 25 7 27 9 63 82 9 54 98 43 98 55 52 83 34 80 68 89 20 88 74 79 58 48 0 66 64 9 27 
6 19 88 53 17 33 4 44 59 24 93 99 66 24 36 9 74 11 54 76 48 35 43 73 39 52 20 32 82 58 95 9 95 44 90 75 89 82 6 45 58 36 69 66 0 99 39 93 
48 65 31 47 21 82 67 74 80 10 20 96 24 86 89 12 17 52 84 100 95 80 27 62 100 78 55 74 78 18 53 50 31 89 26 40 89 33 0 57 96 65 36 64 99 0 95 64 
19 14 33 95 8 47 85 54 40 53 90 27 98 22 56 86 2 99 47 51 77 45 13 6 61 2 80 44 95 97 18 1 17 17 95 17 97 48 46 81 30 66 12 9 39 95 0 53 
1 67 93 77 5 85 31 61 70 8 66 59 51 42 96 74 72 15 48 19 41 53 71 2 22 55 98 31 30 60 39 46 53 48 47 1 43 30 30 34 72 98 9 27 93 64 53 0 
RRBBBBBBRBBRRRRRBRBRBBRBRRRRBRRRBBBRBBBBRRBRRBRB
