40
0 6 66 13 8 59 29 79 76 32 97 44 22 19 56 46 65 98 68 60 56 87 4 10 15 91 80 18 35 13 95 22 19 43 45 85 68 49 76 60 
6 0 60 63 67 91 33 94 13 6 73 97 63 54 9 57 29 52 54 42 44 21 41 47 91 14 46 32 62 46 17 67 33 42 0 2 23 100 19 41 
66 60 0 8 8 98 75 55 36 53 95 5 65 94 88 11 11 23 19 48 12 78 39 60 58 28 19 9 43 93 24 9 23 20 37 93 86 61 37 83 
13 63 8 0 39 79 36 27 75 81 89 54 26 32 26 6 45 18 54 87 74 59 35 38 7 92 39 68 99 54 8 14 100 86 54 34 65 83 35 99 
8 67 8 39 0 22 37 92 70 40 48 28 67 53 21 10 23 77 62 17 79 96 22 23 25 51 74 40 12 74 37 65 32 59 52 50 99 74 51 5 
59 91 98 79 22 0 55 89 81 76 58 46 41 72 44 28 90 30 11 37 33 63 53 38 55 34 69 5 7 83 19 74 34 76 79 27 72 48 59 57 
29 33 75 36 37 55 0 73 82 13 95 63 42 29 54 89 31 6 41 13 36 34 100 20 63 10 5 50 96 79 92 93 95 41 30 65 80 33 4 53 
79 94 55 27 92 89 73 0 15 60 59 30 23 48 58 12 46 92 36 20 60 81 18 6 59 95 82 6 81 36 24 99 33 74 6 53 14 1 49 32 
76 13 36 75 70 81 82 15 0 86 41 18 82 27 78 35 52 80 13 68 33 69 28 51 63 61 48 12 46 50 57 64 70 97 14 24 97 85 73 70 
32 6 53 81 40 76 13 60 86 0 21 52 33 73 14 30 6 82 45 45 4 76 50 79 45 3 17 15 6 4 89 71 11 66 84 42 5 29 16 81 
97 73 95 89 48 58 95 59 41 21 0 0 18 6 24 77 45 91 40 53 57 34 50 85 9 90 94 75 24 86 35 0 37 0 59 42 10 0 67 9 
44 97 5 54 28 46 63 30 18 52 0 0 10 79 62 68 77 50 39 39 48 44 4 92 55 6 77 31 41 26 44 62 92 42 32 20 81 46 86 83 
22 63 65 26 67 41 42 23 82 33 18 10 0 77 49 76 75 14 7 19 64 22 82 35 12 67 26 76 61 47 53 5 80 41 44 71 90 32 13 68 
19 54 94 32 53 72 29 48 27 73 6 79 77 0 54 99 77 65 34 50 85 67 58 52 3 47 63 87 13 82 20 4 44 95 42 27 9 5 94 18 
56 9 88 26 21 44 54 58 78 14 24 62 49 54 0 42 59 18 59 27 59 29 41 3 38 10 87 11 37 50 26 23 49 84 2 43 57 84 60 31 
46 57 11 6 10 28 89 12 35 30 77 68 76 99 42 0 100 70 90 89 67 77 35 31 41 68 51 99 31 54 91 10 34 66 86 14 6 35 56 30 
65 29 11 45 23 90 31 46 52 6 45 77 75 77 59 100 0 3 11 45 45 13 80 36 4 76 99 48 46 32 7 8 58 29 21 79 78 68 47 51 
98 52 23 18 77 30 6 92 80 82 91 50 14 65 18 70 3 0 95 16 16 57 92 3 49 35 46 18 31 31 14 65 87 47 49 55 100 21 85 21 
68 54 19 54 62 11 41 36 13 45 40 39 7 34 59 90 11 95 0 85 56 10 45 71 52 72 23 6 72 33 48 75 16 93 44 35 4 5 92 6 
60 42 48 87 17 37 13 20 68 45 53 39 19 50 27 89 45 16 85 0 42 55 85 11 35 54 65 41 6 33 29 71 73 22 7 2 57 98 26 66 
56 44 12 74 79 33 36 60 33 4 57 48 64 85 59 67 45 16 56 42 0 59 54 41 85 23 79 23 86 78 90 49 5 50 28 98 4 48 79 34 
87 21 78 59 96 63 34 81 69 76 34 44 22 67 29 77 13 57 10 55 59 0 31 30 93 64 11 29 67 89 86 54 82 98 54 51 91 97 8 82 
4 41 39 35 22 53 100 18 28 50 50 4 82 58 41 35 80 92 45 85 54 31 0 26 41 74 6 35 44 17 20 11 97 12 0 10 19 90 41 73 
10 47 60 38 23 38 20 6 51 79 85 92 35 52 3 31 36 3 71 11 41 30 26 0 21 77 15 44 48 88 52 21 58 70 29 71 38 39 22 30 
15 91 58 7 25 55 63 59 63 45 9 55 12 3 38 41 4 49 52 35 85 93 41 21 0 29 58 52 28 36 54 37 89 84 9 6 36 82 35 62 
91 14 28 92 51 34 10 95 61 3 90 6 67 47 10 68 76 35 72 54 23 64 74 77 29 0 70 53 66 63 58 67 21 45 5 90 66 49 59 97 
80 46 19 39 74 69 5 82 48 17 94 77 26 63 87 51 99 46 23 65 79 11 6 15 58 70 0 32 47 35 31 52 38 32 53 28 54 27 36 86 
18 32 9 68 40 5 50 6 12 15 75 31 76 87 11 99 48 18 6 41 23 29 35 44 52 53 32 0 80 71 57 29 89 63 14 82 8 37 32 79 
35 62 43 99 12 7 96 81 46 6 24 41 61 13 37 31 46 31 72 6 86 67 44 48 28 66 47 80 0 62 67 49 9 25 44 80 27 58 79 79 
13 46 93 54 74 83 79 36 50 4 86 26 47 82 50 54 32 31 33 33 78 89 17 88 36 63 35 71 62 0 85 43 23 14 95 71 91 19 68 63 
95 17 24 8 37 19 92 24 57 89 35 44 53 20 26 91 7 14 48 29 90 86 20 52 54 58 31 57 67 85 0 6 38 38 97 71 34 69 73 47 
22 67 9 14 65 74 93 99 64 71 0 62 5 4 23 10 8 65 75 71 49 54 11 21 37 67 52 29 49 43 6 0 71 14 5 10 36 85 58 3 
19 33 23 100 32 34 95 33 70 11 37 92 80 44 49 34 58 87 16 73 5 82 97 58 89 21 38 89 9 23 38 71 0 52 21 7 54 97 81 99 
43 42 20 86 59 76 41 74 97 66 0 42 41 95 84 66 29 47 93 22 50 98 12 70 84 45 32 63 25 14 38 14 52 0 15 26 34 62 3 71 
45 0 37 54 52 79 30 6 14 84 59 32 44 42 2 86 21 49 44 7 28 54 0 29 9 5 53 14 44 95 97 5 21 15 0 57 23 22 80 19 
85 2 93 34 50 27 65 53 24 42 42 20 71 27 43 14 79 55 35 2 98 51 10 71 6 90 28 82 80 71 71 10 7 26 57 0 47 59 57 45 
68 23 86 65 99 72 80 14 97 5 10 81 90 9 57 6 78 100 4 57 4 91 19 38 36 66 54 8 27 91 34 36 54 34 23 47 0 63 46 60 
49 100 61 83 74 48 33 1 85 29 0 46 32 5 84 35 68 21 5 98 48 97 90 39 82 49 27 37 58 19 69 85 97 62 22 59 63 0 81 74 
76 19 37 35 51 59 4 49 73 16 67 86 13 94 60 56 47 85 92 26 79 8 41 22 35 59 36 32 79 68 73 58 81 3 80 57 46 81 0 81 
60 41 83 99 5 57 53 32 70 81 9 83 68 18 31 30 51 21 6 66 34 82 73 30 62 97 86 79 79 63 47 3 99 71 19 45 60 74 81 0 
RRRRBRBBBRBRRBBBBBBRRRRBBRBRBRBBBRBRRRBR
