32
0 77 3 50 67 42 34 73 44 42 57 56 87 47 65 3 68 19 20 13 72 52 52 91 24 7 40 44 94 40 5 81 
77 0 29 95 70 37 96 62 35 53 93 2 58 15 92 16 33 78 61 48 69 90 100 73 29 55 9 68 40 45 53 3 
3 29 0 1 64 37 6 31 79 58 99 2 51 87 45 38 25 21 23 57 25 26 19 64 56 61 96 29 64 2 55 18 
50 95 1 0 63 49 12 53 30 46 69 90 91 73 49 78 67 23 95 73 100 100 42 0 30 0 12 55 4 2 63 84 
67 70 64 63 0 63 88 21 1 98 74 87 22 48 11 46 60 22 83 76 62 11 74 23 94 23 93 83 75 78 46 89 
42 37 37 49 63 0 28 77 49 54 1 52 46 86 43 55 55 43 88 5 100 25 18 80 39 50 73 46 79 80 76 95 
34 96 6 12 88 28 0 7 77 5 16 96 69 71 75 77 15 14 61 89 9 90 24 32 71 54 44 11 84 57 83 1 
73 62 31 53 21 77 7 0 32 43 34 37 37 7 89 72 89 69 64 87 21 23 0 42 70 73 37 86 5 28 4 69 
44 35 79 30 1 49 77 32 0 99 99 51 98 59 16 74 57 19 46 46 51 80 14 18 38 68 7 6 59 42 79 69 
42 53 58 46 98 54 5 43 99 0 46 100 3 92 82 32 88 61 55 97 89 100 30 74 96 55 30 45 59 91 47 46 
57 93 99 69 74 1 16 34 99 46 0 32 83 24 27 23 9 96 82 41 13 38 6 30 24 39 11 61 37 76 75 50 
56 2 2 90 87 52 96 37 51 100 32 0 13 93 1 32 91 38 94 71 63 92 28 33 2 76 11 59 75 75 58 43 
87 58 51 91 22 46 69 37 98 3 83 13 0 37 77 81 49 63 83 89 35 64 86 2 91 55 96 0 17 39 32 51 
47 15 87 73 48 86 71 7 59 92 24 93 37 0 18 0 44 61 11 23 59 6 44 72 13 83 52 86 77 39 56 53 
65 92 45 49 11 43 75 89 16 82 27 1 77 18 0 78 39 29 93 21 99 95 58 14 85 24 74 7 72 71 59 96 
3 16 38 78 46 55 77 72 74 32 23 32 81 0 78 0 99 64 52 47 71 76 79 1 21 14 50 36 18 75 10 58 
68 33 25 67 60 55 15 89 57 88 9 91 49 44 39 99 0 69 29 54 36 64 28 45 51 79 51 4 23 58 87 78 
19 78 21 23 22 43 14 69 19 61 96 38 63 61 29 64 69 0 67 10 35 79 64 69 88 100 86 26 80 16 39 18 
20 61 23 95 83 88 61 64 46 55 82 94 83 11 93 52 29 67 0 17 6 86 0 75 31 46 16 52 59 90 68 31 
13 48 57 73 76 5 89 87 46 97 41 71 89 23 21 47 54 10 17 0 27 13 36 45 70 39 93 34 48 63 87 40 
72 69 25 100 62 100 9 21 51 89 13 63 35 59 99 71 36 35 6 27 0 52 63 40 38 37 70 60 57 45 15 38 
52 90 26 100 11 25 90 23 80 100 38 92 64 6 95 76 64 79 86 13 52 0 83 62 69 29 84 15 93 19 10 34 
52 100 19 42 74 18 24 0 14 30 6 28 86 44 58 79 28 64 0 36 63 83 0 96 38 3 58 73 11 77 0 16 
91 73 64 0 23 80 32 42 18 74 30 33 2 72 14 1 45 69 75 45 40 62 96 0 87 57 22 99 87 28 85 35 
24 29 56 30 94 39 71 70 38 96 24 2 91 13 85 21 51 88 31 70 38 69 38 87 0 66 74 88 3 74 93 96 
7 55 61 0 23 50 54 73 68 55 39 76 55 83 24 14 79 100 46 39 37 29 3 57 66 0 85 11 39 54 21 59 
40 9 96 12 93 73 44 37 7 30 11 11 96 52 74 50 51 86 16 93 70 84 58 22 74 85 0 59 54 75 37 55 
44 68 29 55 83 46 11 86 6 45 61 59 0 86 7 36 4 26 52 34 60 15 73 99 88 11 59 0 91 87 68 19 
94 40 64 4 75 79 84 5 59 59 37 75 17 77 72 18 23 80 59 48 57 93 11 87 3 39 54 91 0 42 29 44 
40 45 2 2 78 80 57 28 42 91 76 75 39 39 71 75 58 16 90 63 45 19 77 28 74 54 75 87 42 0 92 66 
5 53 55 63 46 76 83 4 79 47 75 58 32 56 59 10 87 39 68 87 15 10 0 85 93 21 37 68 29 92 0 57 
81 3 18 84 89 95 1 69 69 46 50 43 51 53 96 58 78 18 31 40 38 34 16 35 96 59 55 19 44 66 57 0 
BRRBBBRRBRRRRBBRRRBRBRRBBRBBBRBB
