50
0 15 48 87 27 60 99 68 41 69 19 44 4 62 76 24 20 47 93 41 49 3 15 87 80 51 83 86 27 38 38 4 92 34 63 4 73 24 15 57 35 93 9 33 20 64 18 45 43 88 
15 0 43 34 43 66 14 35 3 29 33 26 84 80 35 17 83 53 38 7 68 31 66 6 17 92 12 71 37 80 43 47 16 35 78 92 24 92 70 4 48 44 78 89 53 29 53 94 90 52 
48 43 0 9 60 71 54 53 50 76 67 16 8 49 83 64 95 58 66 86 50 74 30 92 8 91 88 25 20 93 13 93 65 69 58 79 9 69 9 94 65 13 50 15 76 85 49 0 11 33 
87 34 9 0 97 28 69 36 57 51 37 5 93 37 42 6 16 40 12 0 2 57 5 76 68 11 81 80 69 3 91 74 91 60 27 69 66 35 52 50 90 43 54 32 33 50 66 12 89 82 
27 43 60 97 0 23 76 49 68 81 25 3 77 52 5 76 42 36 67 14 25 73 93 9 87 26 10 39 3 28 62 32 85 55 100 53 97 51 48 37 54 30 32 21 81 16 80 94 75 58 
60 66 71 28 23 0 58 41 2 24 79 16 12 44 9 14 26 40 65 13 20 8 35 80 34 84 26 94 90 14 19 49 12 94 77 84 17 17 87 97 2 51 48 53 0 78 28 95 44 68 
99 14 54 69 76 58 0 97 26 41 79 19 82 82 49 10 26 46 22 95 79 17 92 13 67 59 91 87 6 66 87 40 37 14 4 21 76 3 61 63 82 41 20 69 18 16 47 33 73 95 
68 35 53 36 49 41 97 0 70 38 93 43 41 74 97 87 15 91 71 28 93 91 41 29 34 79 77 56 51 86 37 23 85 38 96 97 83 6 34 89 22 15 44 53 100 28 57 34 97 14 
41 3 50 57 68 2 26 70 0 4 88 88 91 96 40 16 5 9 91 62 48 74 32 25 56 83 63 56 56 75 3 0 6 91 44 60 23 95 100 23 8 53 33 85 76 42 23 14 18 61 
69 29 76 51 81 24 41 38 4 0 39 61 76 7 11 81 57 30 93 42 73 26 58 34 26 41 49 87 2 88 90 24 19 89 5 15 83 1 67 9 71 27 35 53 79 56 38 33 66 46 
19 33 67 37 25 79 79 93 88 39 0 50 7 34 95 98 95 97 37 70 2 69 63 17 90 88 23 44 53 44 98 18 88 31 24 91 94 9 90 65 79 79 22 97 16 87 1 54 11 66 
44 26 16 5 3 16 19 43 88 61 50 0 4 98 93 73 7 82 50 29 61 67 33 37 55 66 20 39 17 68 59 34 63 51 18 27 56 72 8 41 74 94 24 44 30 98 50 62 44 69 
4 84 8 93 77 12 82 41 91 76 7 4 0 73 72 32 99 17 63 54 55 56 47 95 68 35 3 14 56 68 15 55 61 82 21 42 35 63 64 92 8 0 70 36 70 80 74 50 86 69 
62 80 49 37 52 44 82 74 96 7 34 98 73 0 86 91 82 10 62 58 21 45 35 29 90 13 51 83 14 86 7 71 21 88 65 66 64 82 61 14 20 64 90 39 48 60 3 9 54 87 
76 35 83 42 5 9 49 97 40 11 95 93 72 86 0 57 46 9 67 82 98 68 47 45 40 86 75 49 11 22 9 74 30 24 90 21 31 28 16 59 95 12 9 17 62 16 71 55 30 66 
24 17 64 6 76 14 10 87 16 81 98 73 32 91 57 0 20 3 17 19 63 29 87 49 39 41 91 77 67 76 56 11 8 20 49 12 29 14 96 46 82 27 73 15 88 90 79 47 91 24 
20 83 95 16 42 26 26 15 5 57 95 7 99 82 46 20 0 50 62 93 97 94 73 5 28 52 52 91 84 3 30 42 38 65 72 47 50 78 41 58 7 75 56 66 99 3 7 98 40 13 
47 53 58 40 36 40 46 91 9 30 97 82 17 10 9 3 50 0 74 20 36 28 21 23 43 55 3 3 78 28 28 63 18 98 64 8 81 97 30 12 74 48 26 28 67 35 94 74 96 4 
93 38 66 12 67 65 22 71 91 93 37 50 63 62 67 17 62 74 0 29 20 3 62 49 43 24 20 64 25 65 39 86 19 6 45 70 3 69 99 25 84 97 16 48 95 31 25 66 71 67 
41 7 86 0 14 13 95 28 62 42 70 29 54 58 82 19 93 20 29 0 30 26 99 4 66 21 61 74 11 11 76 38 95 74 72 80 58 68 25 89 8 56 50 75 83 64 2 6 27 63 
49 68 50 2 25 20 79 93 48 73 2 61 55 21 98 63 97 36 20 30 0 65 27 92 43 64 37 16 0 82 20 4 79 51 56 10 54 1 53 24 57 100 91 14 23 13 27 25 57 18 
3 31 74 57 73 8 17 91 74 26 69 67 56 45 68 29 94 28 3 26 65 0 18 97 43 100 78 84 80 88 82 31 12 0 56 98 54 62 81 95 8 92 46 95 55 16 100 67 21 62 
15 66 30 5 93 35 92 41 32 58 63 33 47 35 47 87 73 21 62 99 27 18 0 34 51 2 74 96 4 12 33 10 11 85 33 70 100 29 89 86 24 0 82 46 33 54 30 17 34 62 
87 6 92 76 9 80 13 29 25 34 17 37 95 29 45 49 5 23 49 4 92 97 34 0 30 19 8 100 42 20 96 2 92 0 37 74 54 38 31 74 92 31 70 66 66 11 17 12 14 37 
80 17 8 68 87 34 67 34 56 26 90 55 68 90 40 39 28 43 43 66 43 43 51 30 0 79 87 8 40 84 73 52 51 92 42 68 34 21 31 65 14 74 67 91 83 52 81 85 86 47 
51 92 91 11 26 84 59 79 83 41 88 66 35 13 86 41 52 55 24 21 64 100 2 19 79 0 30 67 88 51 0 16 85 83 5 11 55 36 1 91 54 59 27 15 17 95 92 86 75 7 
83 12 88 81 10 26 91 77 63 49 23 20 3 51 75 91 52 3 20 61 37 78 74 8 87 30 0 41 72 2 74 13 15 74 84 70 1 80 97 24 18 23 50 97 35 12 72 26 30 52 
86 71 25 80 39 94 87 56 56 87 44 39 14 83 49 77 91 3 64 74 16 84 96 100 8 67 41 0 83 20 38 70 38 100 73 95 50 60 26 88 80 29 90 4 7 50 19 79 43 29 
27 37 20 69 3 90 6 51 56 2 53 17 56 14 11 67 84 78 25 11 0 80 4 42 40 88 72 83 0 59 85 74 61 38 47 78 75 60 48 34 72 98 27 80 39 36 64 86 57 26 
38 80 93 3 28 14 66 86 75 88 44 68 68 86 22 76 3 28 65 11 82 88 12 20 84 51 2 20 59 0 100 46 37 15 49 20 27 68 30 7 86 23 10 81 83 69 2 50 89 96 
38 43 13 91 62 19 87 37 3 90 98 59 15 7 9 56 30 28 39 76 20 82 33 96 73 0 74 38 85 100 0 6 92 84 49 38 51 88 5 20 22 40 42 89 69 78 0 63 93 72 
4 47 93 74 32 49 40 23 0 24 18 34 55 71 74 11 42 63 86 38 4 31 10 2 52 16 13 70 74 46 6 0 42 79 46 32 42 23 8 33 37 59 66 7 77 25 64 78 77 83 
92 16 65 91 85 12 37 85 6 19 88 63 61 21 30 8 38 18 19 95 79 12 11 92 51 85 15 38 61 37 92 42 0 57 79 81 62 55 8 52 11 9 51 20 5 52 45 88 79 56 
34 35 69 60 55 94 14 38 91 89 31 51 82 88 24 20 65 98 6 74 51 0 85 0 92 83 74 100 38 15 84 79 57 0 2 61 28 94 75 54 56 37 72 60 14 5 14 27 6 9 
63 78 58 27 100 77 4 96 44 5 24 18 21 65 90 49 72 64 45 72 56 56 33 37 42 5 84 73 47 49 49 46 79 2 0 18 65 32 84 4 25 37 76 0 91 78 38 15 91 60 
4 92 79 69 53 84 21 97 60 15 91 27 42 66 21 12 47 8 70 80 10 98 70 74 68 11 70 95 78 20 38 32 81 61 18 0 70 89 19 27 91 8 40 4 95 15 48 33 55 22 
73 24 9 66 97 17 76 83 23 83 94 56 35 64 31 29 50 81 3 58 54 54 100 54 34 55 1 50 75 27 51 42 62 28 65 70 0 29 83 95 6 75 23 73 11 58 93 65 69 15 
24 92 69 35 51 17 3 6 95 1 9 72 63 82 28 14 78 97 69 68 1 62 29 38 21 36 80 60 60 68 88 23 55 94 32 89 29 0 60 16 54 30 60 57 84 58 35 25 3 37 
15 70 9 52 48 87 61 34 100 67 90 8 64 61 16 96 41 30 99 25 53 81 89 31 31 1 97 26 48 30 5 8 8 75 84 19 83 60 0 21 23 49 63 5 73 12 82 11 6 16 
57 4 94 50 37 97 63 89 23 9 65 41 92 14 59 46 58 12 25 89 24 95 86 74 65 91 24 88 34 7 20 33 52 54 4 27 95 16 21 0 55 84 27 6 39 56 89 32 3 52 
35 48 65 90 54 2 82 22 8 71 79 74 8 20 95 82 7 74 84 8 57 8 24 92 14 54 18 80 72 86 22 37 11 56 25 91 6 54 23 55 0 63 77 54 16 57 32 12 81 40 
93 44 13 43 30 51 41 15 53 27 79 94 0 64 12 27 75 48 97 56 100 92 0 31 74 59 23 29 98 23 40 59 9 37 37 8 75 30 49 84 63 0 35 87 40 84 55 26 38 21 
9 78 50 54 32 48 20 44 33 35 22 24 70 90 9 73 56 26 16 50 91 46 82 70 67 27 50 90 27 10 42 66 51 72 76 40 23 60 63 27 77 35 0 82 65 50 93 40 18 17 
33 89 15 32 21 53 69 53 85 53 97 44 36 39 17 15 66 28 48 75 14 95 46 66 91 15 97 4 80 81 89 7 20 60 0 4 73 57 5 6 54 87 82 0 68 77 8 15 63 95 
20 53 76 33 81 0 18 100 76 79 16 30 70 48 62 88 99 67 95 83 23 55 33 66 83 17 35 7 39 83 69 77 5 14 91 95 11 84 73 39 16 40 65 68 0 32 27 49 54 51 
64 29 85 50 16 78 16 28 42 56 87 98 80 60 16 90 3 35 31 64 13 16 54 11 52 95 12 50 36 69 78 25 52 5 78 15 58 58 12 56 57 84 50 77 32 0 15 28 83 88 
18 53 49 66 80 28 47 57 23 38 1 50 74 3 71 79 7 94 25 2 27 100 30 17 81 92 72 19 64 2 0 64 45 14 38 48 93 35 82 89 32 55 93 8 27 15 0 46 99 99 
45 94 0 12 94 95 33 34 14 33 54 62 50 9 55 47 98 74 66 6 25 67 17 12 85 86 26 79 86 50 63 78 88 27 15 33 65 25 11 32 12 26 40 15 49 28 46 0 13 94 
43 90 11 89 75 44 73 97 18 66 11 44 86 54 30 91 40 96 71 27 57 21 34 14 86 75 30 43 57 89 93 77 79 6 91 55 69 3 6 3 81 38 18 63 54 83 99 13 0 72 
88 52 33 82 58 68 95 14 61 46 66 69 69 87 66 24 13 4 67 63 18 62 62 37 47 7 52 29 26 96 72 83 56 9 60 22 15 37 16 52 40 21 17 95 51 88 99 94 72 0 
RBRBBBBBRRRBBBRRBRBRRRBRRBBBRBBRBBBRRRRBRRBBBRRRBR
