34
0 27 95 39 58 18 52 9 5 4 68 53 48 100 79 64 39 81 47 93 81 75 77 81 75 88 99 47 91 28 41 88 66 8 
27 0 36 78 49 74 79 19 74 46 69 80 33 97 37 15 90 95 64 16 32 32 9 27 14 43 30 35 31 35 28 69 98 30 
95 36 0 15 52 15 87 3 14 41 10 28 2 83 22 89 44 43 89 32 63 100 10 22 65 48 83 44 75 80 76 74 17 37 
39 78 15 0 72 62 79 31 20 31 13 98 99 90 63 15 0 61 89 41 0 34 42 36 81 8 86 88 96 69 71 54 15 59 
58 49 52 72 0 66 98 88 87 21 20 55 55 87 43 40 22 78 58 77 82 86 52 75 36 65 74 0 45 51 91 67 61 25 
18 74 15 62 66 0 4 48 63 19 62 96 13 15 2 11 62 20 25 54 66 28 44 86 93 0 56 84 20 80 100 9 88 29 
52 79 87 79 98 4 0 21 50 4 23 19 100 5 74 76 53 67 89 41 1 85 77 97 0 9 86 0 39 68 93 85 44 40 
9 19 3 31 88 48 21 0 8 63 13 4 38 90 18 100 95 74 41 43 49 36 1 94 97 81 55 58 35 24 33 55 24 88 
5 74 14 20 87 63 50 8 0 64 44 22 0 22 57 74 90 96 49 22 75 24 93 73 77 96 69 46 94 36 46 85 5 41 
4 46 41 31 21 19 4 63 64 0 85 7 49 34 88 13 21 5 23 23 34 26 65 99 34 71 27 38 54 17 14 66 85 45 
68 69 10 13 20 62 23 13 44 85 0 38 76 59 10 67 70 49 83 35 20 55 97 90 47 33 36 52 68 4 5 35 50 23 
53 80 28 98 55 96 19 4 22 7 38 0 36 1 33 20 90 4 67 100 65 97 89 35 57 86 93 58 10 25 23 100 72 50 
48 33 2 99 55 13 100 38 0 49 76 36 0 92 19 69 32 95 8 63 75 11 83 33 50 81 69 94 65 7 58 37 99 48 
100 97 83 90 87 15 5 90 22 34 59 1 92 0 26 55 72 15 94 62 27 70 38 67 8 17 51 39 56 34 88 75 5 58 
79 37 22 63 43 2 74 18 57 88 10 33 19 26 0 15 60 39 36 97 9 32 80 16 41 60 11 40 84 10 82 28 28 15 
64 15 89 15 40 11 76 100 74 13 67 20 69 55 15 0 100 33 19 69 34 80 23 44 72 92 26 30 69 5 69 45 74 46 
39 90 44 0 22 62 53 95 90 21 70 90 32 72 60 100 0 6 81 78 6 37 78 55 84 36 79 58 32 15 38 66 55 45 
81 95 43 61 78 20 67 74 96 5 49 4 95 15 39 33 6 0 29 2 53 25 1 11 90 6 42 28 52 55 96 90 60 83 
47 64 89 89 58 25 89 41 49 23 83 67 8 94 36 19 81 29 0 39 92 43 14 51 81 38 83 92 22 92 51 35 40 30 
93 16 32 41 77 54 41 43 22 23 35 100 63 62 97 69 78 2 39 0 42 15 36 29 47 21 55 84 92 81 21 8 87 97 
81 32 63 0 82 66 1 49 75 34 20 65 75 27 9 34 6 53 92 42 0 32 44 49 27 94 0 3 5 63 46 69 29 99 
75 32 100 34 86 28 85 36 24 26 55 97 11 70 32 80 37 25 43 15 32 0 76 100 44 19 42 48 34 65 45 6 70 0 
77 9 10 42 52 44 77 1 93 65 97 89 83 38 80 23 78 1 14 36 44 76 0 79 78 6 7 77 50 40 85 47 67 20 
81 27 22 36 75 86 97 94 73 99 90 35 33 67 16 44 55 11 51 29 49 100 79 0 20 33 9 17 56 71 6 56 31 42 
75 14 65 81 36 93 0 97 77 34 47 57 50 8 41 72 84 90 81 47 27 44 78 20 0 25 20 79 30 63 36 68 83 74 
88 43 48 8 65 0 9 81 96 71 33 86 81 17 60 92 36 6 38 21 94 19 6 33 25 0 25 87 41 69 42 35 16 2 
99 30 83 86 74 56 86 55 69 27 36 93 69 51 11 26 79 42 83 55 0 42 7 9 20 25 0 74 49 33 66 27 57 18 
47 35 44 88 0 84 0 58 46 38 52 58 94 39 40 30 58 28 92 84 3 48 77 17 79 87 74 0 16 44 98 74 41 78 
91 31 75 96 45 20 39 35 94 54 68 10 65 56 84 69 32 52 22 92 5 34 50 56 30 41 49 16 0 55 60 8 98 55 
28 35 80 69 51 80 68 24 36 17 4 25 7 34 10 5 15 55 92 81 63 65 40 71 63 69 33 44 55 0 49 65 74 40 
41 28 76 71 91 100 93 33 46 14 5 23 58 88 82 69 38 96 51 21 46 45 85 6 36 42 66 98 60 49 0 77 55 17 
88 69 74 54 67 9 85 55 85 66 35 100 37 75 28 45 66 90 35 8 69 6 47 56 68 35 27 74 8 65 77 0 77 52 
66 98 17 15 61 88 44 24 5 85 50 72 99 5 28 74 55 60 40 87 29 70 67 31 83 16 57 41 98 74 55 77 0 48 
8 30 37 59 25 29 40 88 41 45 23 50 48 58 15 46 45 83 30 97 99 0 20 42 74 2 18 78 55 40 17 52 48 0 
BRRRBRBRRRRRBBBBBRRBBRBRRRBBRBBRBB
