38
0 14 35 24 3 45 25 33 99 79 52 49 67 36 82 58 27 10 98 31 47 82 24 6 24 73 75 27 93 90 7 28 83 78 49 11 34 47 
14 0 81 72 29 43 37 34 68 63 44 84 21 76 93 1 88 39 100 63 25 16 25 85 83 9 93 42 88 68 59 71 12 40 57 93 16 91 
35 81 0 54 58 44 9 22 76 15 71 43 18 76 50 21 5 6 71 73 58 52 21 57 62 42 28 10 10 90 63 46 46 80 16 79 73 40 
24 72 54 0 50 14 81 82 37 73 65 39 66 82 17 34 67 65 59 29 36 31 14 97 92 77 17 81 51 54 53 86 3 71 83 89 49 41 
3 29 58 50 0 55 61 86 27 42 5 49 30 99 15 92 91 22 77 53 89 83 31 40 69 21 87 55 13 8 87 1 50 99 13 34 9 24 
45 43 44 14 55 0 21 40 32 21 24 79 74 17 79 95 46 96 75 73 7 4 43 18 54 34 70 100 15 62 85 75 100 72 98 46 19 82 
25 37 9 81 61 21 0 96 88 59 51 63 56 56 62 56 25 58 9 3 30 95 67 18 5 61 70 31 10 2 84 29 84 20 71 92 58 62 
33 34 22 82 86 40 96 0 24 2 43 96 25 25 27 15 51 69 26 10 88 8 74 11 88 35 50 39 0 92 8 3 79 81 80 49 13 81 
99 68 76 37 27 32 88 24 0 23 8 0 4 84 79 22 7 10 61 84 23 65 24 92 74 26 78 64 56 99 79 25 70 28 85 12 2 96 
79 63 15 73 42 21 59 2 23 0 57 46 90 4 97 97 51 88 52 85 32 96 73 54 60 81 61 76 47 59 31 26 62 36 20 68 56 28 
52 44 71 65 5 24 51 43 8 57 0 99 59 76 31 95 53 41 41 58 93 85 27 35 65 14 96 38 27 5 8 66 62 57 11 71 74 4 
49 84 43 39 49 79 63 96 0 46 99 0 54 14 30 90 1 61 36 32 49 89 26 56 57 56 21 52 99 24 78 21 32 16 55 59 7 91 
67 21 18 66 30 74 56 25 4 90 59 54 0 90 15 86 68 69 62 12 24 50 32 17 68 78 72 73 7 69 50 27 52 15 88 47 41 84 
36 76 76 82 99 17 56 25 84 4 76 14 90 0 50 57 88 44 92 80 75 34 37 66 67 48 63 1 22 55 29 0 86 72 14 5 36 1 
82 93 50 17 15 79 62 27 79 97 31 30 15 50 0 33 19 28 43 45 7 44 48 17 31 14 67 63 97 6 65 89 2 1 77 50 21 12 
58 1 21 34 92 95 56 15 22 97 95 90 86 57 33 0 52 38 42 91 42 7 28 68 96 2 71 55 93 25 59 24 36 21 97 40 84 13 
27 88 5 67 91 46 25 51 7 51 53 1 68 88 19 52 0 98 17 40 87 33 31 75 16 48 47 69 38 48 55 82 1 20 79 14 37 71 
10 39 6 65 22 96 58 69 10 88 41 61 69 44 28 38 98 0 45 21 96 57 32 90 3 30 98 36 66 43 90 2 79 26 80 43 34 38 
98 100 71 59 77 75 9 26 61 52 41 36 62 92 43 42 17 45 0 89 17 19 12 10 37 21 82 36 14 64 54 15 84 35 59 32 72 28 
31 63 73 29 53 73 3 10 84 85 58 32 12 80 45 91 40 21 89 0 64 26 39 85 83 60 25 31 28 57 14 69 45 23 4 27 93 62 
47 25 58 36 89 7 30 88 23 32 93 49 24 75 7 42 87 96 17 64 0 32 73 74 56 27 96 47 29 55 14 28 41 76 1 76 41 0 
82 16 52 31 83 4 95 8 65 96 85 89 50 34 44 7 33 57 19 26 32 0 30 42 11 93 89 51 77 60 58 67 63 70 65 25 94 16 
24 25 21 14 31 43 67 74 24 73 27 26 32 37 48 28 31 32 12 39 73 30 0 56 93 47 76 13 67 53 46 60 26 70 41 36 95 83 
6 85 57 97 40 18 18 11 92 54 35 56 17 66 17 68 75 90 10 85 74 42 56 0 1 62 11 65 100 98 76 83 35 80 68 97 42 14 
24 83 62 92 69 54 5 88 74 60 65 57 68 67 31 96 16 3 37 83 56 11 93 1 0 89 94 92 45 65 83 15 71 63 98 4 14 34 
73 9 42 77 21 34 61 35 26 81 14 56 78 48 14 2 48 30 21 60 27 93 47 62 89 0 8 61 5 75 79 63 79 38 49 52 61 68 
75 93 28 17 87 70 70 50 78 61 96 21 72 63 67 71 47 98 82 25 96 89 76 11 94 8 0 50 31 43 77 8 31 37 22 10 83 40 
27 42 10 81 55 100 31 39 64 76 38 52 73 1 63 55 69 36 36 31 47 51 13 65 92 61 50 0 9 32 76 37 87 68 13 44 67 100 
93 88 10 51 13 15 10 0 56 47 27 99 7 22 97 93 38 66 14 28 29 77 67 100 45 5 31 9 0 11 85 45 76 39 36 10 52 69 
90 68 90 54 8 62 2 92 99 59 5 24 69 55 6 25 48 43 64 57 55 60 53 98 65 75 43 32 11 0 34 96 96 100 59 82 83 45 
7 59 63 53 87 85 84 8 79 31 8 78 50 29 65 59 55 90 54 14 14 58 46 76 83 79 77 76 85 34 0 96 32 11 19 34 3 10 
28 71 46 86 1 75 29 3 25 26 66 21 27 0 89 24 82 2 15 69 28 67 60 83 15 63 8 37 45 96 96 0 26 72 47 100 34 78 
83 12 46 3 50 100 84 79 70 62 62 32 52 86 2 36 1 79 84 45 41 63 26 35 71 79 31 87 76 96 32 26 0 0 46 1 96 74 
78 40 80 71 99 72 20 81 28 36 57 16 15 72 1 21 20 26 35 23 76 70 70 80 63 38 37 68 39 100 11 72 0 0 49 13 94 17 
49 57 16 83 13 98 71 80 85 20 11 55 88 14 77 97 79 80 59 4 1 65 41 68 98 49 22 13 36 59 19 47 46 49 0 58 42 21 
11 93 79 89 34 46 92 49 12 68 71 59 47 5 50 40 14 43 32 27 76 25 36 97 4 52 10 44 10 82 34 100 1 13 58 0 64 61 
34 16 73 49 9 19 58 13 2 56 74 7 41 36 21 84 37 34 72 93 41 94 95 42 14 61 83 67 52 83 3 34 96 94 42 64 0 32 
47 91 40 41 24 82 62 81 96 28 4 91 84 1 12 13 71 38 28 62 0 16 83 14 34 68 40 100 69 45 10 78 74 17 21 61 32 0 
BRRRBRRRBBRRBBBRBRBBRBRBBBRRBBBBRRRRBR
