44
0 16 39 42 69 81 15 29 3 21 89 94 74 77 49 90 29 74 89 34 61 92 46 80 76 91 31 80 94 91 54 43 15 95 26 41 22 35 75 82 99 44 20 2 
16 0 92 47 27 51 96 56 40 61 45 50 75 29 54 96 55 54 64 55 44 94 19 34 5 59 33 23 25 37 29 59 46 71 69 3 62 76 18 79 89 51 71 71 
39 92 0 61 39 75 28 8 81 72 22 24 65 54 20 75 79 96 40 41 35 36 9 70 18 72 18 93 27 85 88 93 56 84 75 16 6 56 71 65 15 60 24 15 
42 47 61 0 19 55 62 11 85 5 34 75 7 14 94 57 80 81 1 45 5 69 40 100 74 77 28 67 91 50 56 67 62 49 76 52 55 4 26 41 80 96 75 44 
69 27 39 19 0 93 30 6 41 25 82 10 84 69 76 100 23 46 48 94 94 91 10 75 67 23 13 64 65 53 18 31 71 7 26 39 87 13 10 44 59 93 69 43 
81 51 75 55 93 0 49 99 29 59 50 95 84 76 40 26 96 63 93 31 33 10 11 0 52 87 3 19 38 7 3 21 7 60 89 42 45 32 80 96 76 98 51 40 
15 96 28 62 30 49 0 87 4 93 88 14 1 23 87 24 10 89 21 1 28 85 76 85 57 18 83 96 50 22 58 60 18 21 4 90 76 53 34 7 9 77 81 28 
29 56 8 11 6 99 87 0 75 70 77 74 23 42 38 90 81 53 88 61 53 48 57 57 31 10 1 7 32 50 10 64 50 64 21 56 75 92 32 71 36 24 60 54 
3 40 81 85 41 29 4 75 0 43 1 44 89 81 62 21 60 3 76 54 44 14 7 89 40 64 12 10 11 52 84 13 23 93 5 33 27 44 54 81 21 92 67 79 
21 61 72 5 25 59 93 70 43 0 47 89 82 7 2 40 25 25 29 38 76 94 22 86 12 88 48 17 60 73 66 35 8 5 50 5 8 87 18 54 58 82 96 15 
89 45 22 34 82 50 88 77 1 47 0 70 52 20 46 44 49 15 73 31 13 80 42 75 83 93 65 36 76 66 15 22 76 87 35 24 27 6 35 14 89 58 38 25 
94 50 24 75 10 95 14 74 44 89 70 0 68 24 3 41 74 50 43 1 26 57 0 79 42 3 61 79 93 66 75 73 7 23 77 23 50 58 92 35 44 46 36 60 
74 75 65 7 84 84 1 23 89 82 52 68 0 58 82 26 81 41 67 27 3 17 67 90 37 88 10 86 96 64 59 91 88 17 45 84 24 36 28 70 47 90 4 70 
77 29 54 14 69 76 23 42 81 7 20 24 58 0 67 74 63 75 25 37 82 79 70 35 34 60 45 13 13 57 99 45 30 4 79 33 70 56 86 52 32 80 34 37 
49 54 20 94 76 40 87 38 62 2 46 3 82 67 0 54 52 53 58 17 73 32 74 42 89 29 2 14 90 20 99 81 61 64 20 8 42 81 3 75 56 75 4 57 
90 96 75 57 100 26 24 90 21 40 44 41 26 74 54 0 77 3 91 54 62 51 10 95 85 14 100 61 44 18 98 1 67 40 53 82 31 63 34 40 5 90 53 61 
29 55 79 80 23 96 10 81 60 25 49 74 81 63 52 77 0 28 88 17 58 51 22 30 45 1 81 90 65 11 83 71 89 0 93 74 45 91 34 55 56 64 82 52 
74 54 96 81 46 63 89 53 3 25 15 50 41 75 53 3 28 0 55 20 23 77 42 79 48 26 12 45 55 76 29 55 97 47 1 55 68 66 19 67 16 33 55 66 
89 64 40 1 48 93 21 88 76 29 73 43 67 25 58 91 88 55 0 45 60 90 46 2 74 85 51 94 30 66 19 87 11 24 17 77 95 94 83 33 72 66 69 61 
34 55 41 45 94 31 1 61 54 38 31 1 27 37 17 54 17 20 45 0 59 85 20 52 34 86 86 11 58 57 60 53 50 33 8 29 56 63 6 4 49 33 5 83 
61 44 35 5 94 33 28 53 44 76 13 26 3 82 73 62 58 23 60 59 0 47 18 45 8 61 70 26 96 40 74 82 54 52 73 21 77 57 86 1 90 53 24 78 
92 94 36 69 91 10 85 48 14 94 80 57 17 79 32 51 51 77 90 85 47 0 0 49 8 81 82 0 13 64 69 26 26 8 63 80 68 7 58 12 59 20 69 31 
46 19 9 40 10 11 76 57 7 22 42 0 67 70 74 10 22 42 46 20 18 0 0 47 83 60 0 31 26 12 27 18 75 71 53 73 25 16 22 26 3 23 36 79 
80 34 70 100 75 0 85 57 89 86 75 79 90 35 42 95 30 79 2 52 45 49 47 0 0 81 4 8 23 96 94 28 24 96 71 71 85 20 29 66 51 24 4 71 
76 5 18 74 67 52 57 31 40 12 83 42 37 34 89 85 45 48 74 34 8 8 83 0 0 60 35 38 54 76 28 25 86 29 77 55 28 88 66 21 9 47 76 86 
91 59 72 77 23 87 18 10 64 88 93 3 88 60 29 14 1 26 85 86 61 81 60 81 60 0 12 55 61 49 0 23 24 24 84 53 18 88 9 51 12 36 71 62 
31 33 18 28 13 3 83 1 12 48 65 61 10 45 2 100 81 12 51 86 70 82 0 4 35 12 0 13 26 67 23 5 72 98 24 62 3 5 5 5 43 47 7 76 
80 23 93 67 64 19 96 7 10 17 36 79 86 13 14 61 90 45 94 11 26 0 31 8 38 55 13 0 82 42 99 11 52 57 78 81 36 28 46 41 90 42 74 15 
94 25 27 91 65 38 50 32 11 60 76 93 96 13 90 44 65 55 30 58 96 13 26 23 54 61 26 82 0 9 66 25 77 95 63 62 35 38 16 64 55 96 22 78 
91 37 85 50 53 7 22 50 52 73 66 66 64 57 20 18 11 76 66 57 40 64 12 96 76 49 67 42 9 0 40 14 55 15 12 1 77 0 97 24 2 75 88 77 
54 29 88 56 18 3 58 10 84 66 15 75 59 99 99 98 83 29 19 60 74 69 27 94 28 0 23 99 66 40 0 44 3 61 7 26 90 38 42 11 61 16 73 98 
43 59 93 67 31 21 60 64 13 35 22 73 91 45 81 1 71 55 87 53 82 26 18 28 25 23 5 11 25 14 44 0 55 43 5 90 85 53 99 87 64 12 86 18 
15 46 56 62 71 7 18 50 23 8 76 7 88 30 61 67 89 97 11 50 54 26 75 24 86 24 72 52 77 55 3 55 0 51 42 27 97 34 16 0 6 66 3 39 
95 71 84 49 7 60 21 64 93 5 87 23 17 4 64 40 0 47 24 33 52 8 71 96 29 24 98 57 95 15 61 43 51 0 100 83 42 95 51 9 31 68 81 13 
26 69 75 76 26 89 4 21 5 50 35 77 45 79 20 53 93 1 17 8 73 63 53 71 77 84 24 78 63 12 7 5 42 100 0 77 65 76 63 29 96 48 2 91 
41 3 16 52 39 42 90 56 33 5 24 23 84 33 8 82 74 55 77 29 21 80 73 71 55 53 62 81 62 1 26 90 27 83 77 0 38 76 58 47 39 94 71 59 
22 62 6 55 87 45 76 75 27 8 27 50 24 70 42 31 45 68 95 56 77 68 25 85 28 18 3 36 35 77 90 85 97 42 65 38 0 13 5 67 49 56 20 86 
35 76 56 4 13 32 53 92 44 87 6 58 36 56 81 63 91 66 94 63 57 7 16 20 88 88 5 28 38 0 38 53 34 95 76 76 13 0 64 32 82 25 81 35 
75 18 71 26 10 80 34 32 54 18 35 92 28 86 3 34 34 19 83 6 86 58 22 29 66 9 5 46 16 97 42 99 16 51 63 58 5 64 0 78 95 5 27 90 
82 79 65 41 44 96 7 71 81 54 14 35 70 52 75 40 55 67 33 4 1 12 26 66 21 51 5 41 64 24 11 87 0 9 29 47 67 32 78 0 87 63 52 48 
99 89 15 80 59 76 9 36 21 58 89 44 47 32 56 5 56 16 72 49 90 59 3 51 9 12 43 90 55 2 61 64 6 31 96 39 49 82 95 87 0 32 31 72 
44 51 60 96 93 98 77 24 92 82 58 46 90 80 75 90 64 33 66 33 53 20 23 24 47 36 47 42 96 75 16 12 66 68 48 94 56 25 5 63 32 0 17 5 
20 71 24 75 69 51 81 60 67 96 38 36 4 34 4 53 82 55 69 5 24 69 36 4 76 71 7 74 22 88 73 86 3 81 2 71 20 81 27 52 31 17 0 56 
2 71 15 44 43 40 28 54 79 15 25 60 70 37 57 61 52 66 61 83 78 31 79 71 86 62 76 15 78 77 98 18 39 13 91 59 86 35 90 48 72 5 56 0 
BRRRBBRBBRRRRBBBRBBBRBBBBRRRRRBRBBRBRRRRRBBB
