44
0 66 97 58 54 1 27 12 36 67 55 60 48 80 56 16 66 84 80 73 17 49 20 35 75 65 55 94 85 98 89 78 13 44 98 27 61 27 21 35 27 87 77 52 
66 0 87 13 70 21 24 93 80 60 62 63 96 15 87 75 35 9 20 53 10 17 60 100 39 21 68 98 32 90 50 8 93 35 3 99 94 30 70 82 42 22 81 8 
97 87 0 79 17 89 2 10 53 0 93 95 23 35 14 22 28 94 8 82 97 39 33 27 96 26 22 85 81 99 18 61 63 10 26 10 11 13 13 89 14 46 79 86 
58 13 79 0 42 31 24 86 46 47 70 26 38 40 44 1 1 56 79 18 60 25 44 27 60 73 4 44 13 84 70 0 59 36 93 6 35 90 24 47 87 92 60 90 
54 70 17 42 0 88 60 97 12 61 25 99 60 1 92 99 78 28 85 35 32 60 3 97 57 4 34 48 17 72 81 88 18 82 85 82 96 62 99 56 64 92 66 97 
1 21 89 31 88 0 20 1 48 30 55 46 96 25 55 71 99 56 8 79 64 12 47 5 74 86 95 60 85 80 97 6 48 12 7 90 99 81 11 5 59 78 86 88 
27 24 2 24 60 20 0 68 69 98 54 75 13 53 51 2 19 2 15 12 6 93 98 52 16 1 53 39 20 61 69 76 43 93 6 27 100 59 49 3 80 35 77 78 
12 93 10 86 97 1 68 0 56 70 30 60 52 85 31 80 50 26 43 72 24 87 54 59 100 47 52 18 33 71 18 18 75 98 97 47 48 47 49 54 28 81 48 64 
36 80 53 46 12 48 69 56 0 37 10 79 98 15 10 72 49 58 32 62 60 91 17 97 18 91 46 58 44 22 76 87 5 11 81 4 42 96 39 27 71 22 7 24 
67 60 0 47 61 30 98 70 37 0 6 23 87 28 53 83 30 93 79 81 87 48 12 48 97 50 24 96 41 40 23 15 64 66 69 49 24 26 46 83 31 100 3 82 
55 62 93 70 25 55 54 30 10 6 0 16 99 22 12 92 48 15 90 19 99 55 5 33 91 27 67 32 74 95 36 64 80 85 73 45 40 25 15 100 62 83 44 41 
60 63 95 26 99 46 75 60 79 23 16 0 73 17 27 62 72 21 13 79 71 21 93 48 44 13 8 61 65 59 53 72 80 60 2 62 80 5 88 29 35 62 32 88 
48 96 23 38 60 96 13 52 98 87 99 73 0 10 90 24 13 22 29 22 30 8 11 27 52 62 55 22 98 94 1 39 57 61 96 55 1 10 3 100 22 90 78 84 
80 15 35 40 1 25 53 85 15 28 22 17 10 0 48 65 48 68 5 18 12 99 63 43 63 92 94 61 21 91 92 81 22 46 31 31 18 28 22 93 8 53 39 47 
56 87 14 44 92 55 51 31 10 53 12 27 90 48 0 23 57 80 36 21 30 72 5 69 43 30 44 93 39 59 33 1 79 99 13 71 70 59 41 77 12 81 79 91 
16 75 22 1 99 71 2 80 72 83 92 62 24 65 23 0 65 17 83 40 72 74 24 98 69 22 91 71 56 5 81 52 15 36 10 4 1 58 85 61 19 4 33 48 
66 35 28 1 78 99 19 50 49 30 48 72 13 48 57 65 0 70 83 43 30 3 14 11 55 43 31 64 45 88 57 17 40 56 70 91 1 27 2 30 32 48 71 94 
84 9 94 56 28 56 2 26 58 93 15 21 22 68 80 17 70 0 63 38 59 15 71 78 78 61 28 68 65 63 7 38 30 52 87 90 36 9 72 43 14 83 51 47 
80 20 8 79 85 8 15 43 32 79 90 13 29 5 36 83 83 63 0 28 66 45 39 78 88 75 40 100 13 57 88 8 21 67 98 19 18 95 0 17 48 33 27 17 
73 53 82 18 35 79 12 72 62 81 19 79 22 18 21 40 43 38 28 0 76 25 8 56 76 71 84 21 76 38 82 56 65 42 61 20 46 94 28 64 17 62 71 48 
17 10 97 60 32 64 6 24 60 87 99 71 30 12 30 72 30 59 66 76 0 14 56 60 68 24 8 86 99 77 36 10 0 9 27 1 57 65 32 57 1 21 5 68 
49 17 39 25 60 12 93 87 91 48 55 21 8 99 72 74 3 15 45 25 14 0 95 3 1 48 85 13 42 37 17 15 79 8 92 99 12 62 57 91 79 93 45 71 
20 60 33 44 3 47 98 54 17 12 5 93 11 63 5 24 14 71 39 8 56 95 0 19 72 1 86 74 81 42 69 38 9 76 74 12 75 88 66 97 11 5 96 76 
35 100 27 27 97 5 52 59 97 48 33 48 27 43 69 98 11 78 78 56 60 3 19 0 31 19 33 58 40 27 67 26 0 54 52 1 65 89 51 13 61 100 44 37 
75 39 96 60 57 74 16 100 18 97 91 44 52 63 43 69 55 78 88 76 68 1 72 31 0 69 28 4 84 28 72 94 98 4 98 56 78 53 47 29 86 72 56 60 
65 21 26 73 4 86 1 47 91 50 27 13 62 92 30 22 43 61 75 71 24 48 1 19 69 0 52 19 30 61 5 21 66 35 14 50 41 8 9 15 93 98 29 11 
55 68 22 4 34 95 53 52 46 24 67 8 55 94 44 91 31 28 40 84 8 85 86 33 28 52 0 14 69 77 86 19 15 53 99 72 28 18 44 39 84 28 84 54 
94 98 85 44 48 60 39 18 58 96 32 61 22 61 93 71 64 68 100 21 86 13 74 58 4 19 14 0 2 81 88 2 52 31 84 73 99 29 23 40 22 51 90 68 
85 32 81 13 17 85 20 33 44 41 74 65 98 21 39 56 45 65 13 76 99 42 81 40 84 30 69 2 0 3 58 72 13 91 58 31 90 21 43 33 27 45 74 54 
98 90 99 84 72 80 61 71 22 40 95 59 94 91 59 5 88 63 57 38 77 37 42 27 28 61 77 81 3 0 86 82 22 51 62 22 15 53 23 34 69 49 80 13 
89 50 18 70 81 97 69 18 76 23 36 53 1 92 33 81 57 7 88 82 36 17 69 67 72 5 86 88 58 86 0 62 1 65 17 40 55 50 28 52 13 18 49 69 
78 8 61 0 88 6 76 18 87 15 64 72 39 81 1 52 17 38 8 56 10 15 38 26 94 21 19 2 72 82 62 0 6 10 48 55 59 29 97 28 64 35 75 14 
13 93 63 59 18 48 43 75 5 64 80 80 57 22 79 15 40 30 21 65 0 79 9 0 98 66 15 52 13 22 1 6 0 63 21 84 36 49 92 18 79 7 74 73 
44 35 10 36 82 12 93 98 11 66 85 60 61 46 99 36 56 52 67 42 9 8 76 54 4 35 53 31 91 51 65 10 63 0 97 11 9 97 8 6 20 0 87 65 
98 3 26 93 85 7 6 97 81 69 73 2 96 31 13 10 70 87 98 61 27 92 74 52 98 14 99 84 58 62 17 48 21 97 0 41 9 65 53 55 56 90 56 45 
27 99 10 6 82 90 27 47 4 49 45 62 55 31 71 4 91 90 19 20 1 99 12 1 56 50 72 73 31 22 40 55 84 11 41 0 77 12 5 59 49 16 8 84 
61 94 11 35 96 99 100 48 42 24 40 80 1 18 70 1 1 36 18 46 57 12 75 65 78 41 28 99 90 15 55 59 36 9 9 77 0 53 82 77 58 15 32 42 
27 30 13 90 62 81 59 47 96 26 25 5 10 28 59 58 27 9 95 94 65 62 88 89 53 8 18 29 21 53 50 29 49 97 65 12 53 0 37 69 63 26 9 5 
21 70 13 24 99 11 49 49 39 46 15 88 3 22 41 85 2 72 0 28 32 57 66 51 47 9 44 23 43 23 28 97 92 8 53 5 82 37 0 44 44 8 32 82 
35 82 89 47 56 5 3 54 27 83 100 29 100 93 77 61 30 43 17 64 57 91 97 13 29 15 39 40 33 34 52 28 18 6 55 59 77 69 44 0 33 100 27 49 
27 42 14 87 64 59 80 28 71 31 62 35 22 8 12 19 32 14 48 17 1 79 11 61 86 93 84 22 27 69 13 64 79 20 56 49 58 63 44 33 0 57 33 72 
87 22 46 92 92 78 35 81 22 100 83 62 90 53 81 4 48 83 33 62 21 93 5 100 72 98 28 51 45 49 18 35 7 0 90 16 15 26 8 100 57 0 96 82 
77 81 79 60 66 86 77 48 7 3 44 32 78 39 79 33 71 51 27 71 5 45 96 44 56 29 84 90 74 80 49 75 74 87 56 8 32 9 32 27 33 96 0 49 
52 8 86 90 97 88 78 64 24 82 41 88 84 47 91 48 94 47 17 48 68 71 76 37 60 11 54 68 54 13 69 14 73 65 45 84 42 5 82 49 72 82 49 0 
RRBBRBRBBRBRRBBRBRRBRBBBRBRRBRRBBRBRBRBRBRRB
