32
0 77 86 85 20 92 97 34 10 40 77 25 48 68 78 88 66 88 70 94 74 51 44 10 12 41 92 36 87 9 50 23 
77 0 24 94 34 21 61 73 85 11 44 58 9 38 61 86 32 23 86 67 81 82 37 37 76 64 89 34 2 98 93 56 
86 24 0 45 53 10 64 73 21 45 53 25 38 62 45 45 91 75 70 87 97 91 22 93 38 28 55 40 93 32 30 99 
85 94 45 0 3 54 68 62 26 97 65 14 4 41 36 37 57 55 39 2 59 78 8 42 79 37 55 41 62 73 22 47 
20 34 53 3 0 37 72 21 60 95 2 55 66 27 67 18 58 5 95 15 26 37 31 31 4 46 20 71 58 79 79 44 
92 21 10 54 37 0 60 71 90 23 26 100 38 90 56 69 62 39 41 13 24 62 21 72 7 78 42 94 88 37 93 81 
97 61 64 68 72 60 0 46 76 13 92 64 70 54 4 100 93 62 34 33 84 66 18 53 84 10 34 92 7 7 88 52 
34 73 73 62 21 71 46 0 43 28 6 7 4 78 1 32 35 67 63 82 43 16 70 47 53 78 59 26 84 18 95 83 
10 85 21 26 60 90 76 43 0 19 78 24 16 40 98 21 36 57 31 68 72 87 69 34 22 61 49 61 53 12 76 96 
40 11 45 97 95 23 13 28 19 0 53 44 44 47 41 20 78 48 28 16 1 80 47 37 22 32 82 64 32 41 60 88 
77 44 53 65 2 26 92 6 78 53 0 43 82 100 35 9 40 65 84 22 10 69 68 40 69 35 47 18 70 67 22 85 
25 58 25 14 55 100 64 7 24 44 43 0 58 3 91 76 79 28 94 92 48 70 68 66 96 23 30 58 36 61 31 16 
48 9 38 4 66 38 70 4 16 44 82 58 0 32 50 0 61 14 91 50 59 93 15 1 97 58 85 32 72 31 55 10 
68 38 62 41 27 90 54 78 40 47 100 3 32 0 67 63 18 62 63 98 71 66 99 86 82 6 83 64 38 74 47 1 
78 61 45 36 67 56 4 1 98 41 35 91 50 67 0 7 45 17 89 67 19 88 37 81 68 14 25 8 73 9 76 5 
88 86 45 37 18 69 100 32 21 20 9 76 0 63 7 0 52 88 91 72 75 38 96 63 39 39 72 40 32 56 3 50 
66 32 91 57 58 62 93 35 36 78 40 79 61 18 45 52 0 72 49 40 43 98 52 4 69 30 32 36 95 16 53 37 
88 23 75 55 5 39 62 67 57 48 65 28 14 62 17 88 72 0 15 10 29 53 97 19 86 93 45 35 64 23 13 3 
70 86 70 39 95 41 34 63 31 28 84 94 91 63 89 91 49 15 0 11 55 35 57 48 97 54 66 49 7 73 41 29 
94 67 87 2 15 13 33 82 68 16 22 92 50 98 67 72 40 10 11 0 82 91 40 72 57 51 96 5 95 62 20 45 
74 81 97 59 26 24 84 43 72 1 10 48 59 71 19 75 43 29 55 82 0 58 60 97 14 57 94 12 49 76 34 49 
51 82 91 78 37 62 66 16 87 80 69 70 93 66 88 38 98 53 35 91 58 0 79 92 53 61 56 15 94 91 75 18 
44 37 22 8 31 21 18 70 69 47 68 68 15 99 37 96 52 97 57 40 60 79 0 8 52 91 68 52 15 39 83 72 
10 37 93 42 31 72 53 47 34 37 40 66 1 86 81 63 4 19 48 72 97 92 8 0 15 31 46 13 55 55 91 14 
12 76 38 79 4 7 84 53 22 22 69 96 97 82 68 39 69 86 97 57 14 53 52 15 0 54 33 37 5 0 16 83 
41 64 28 37 46 78 10 78 61 32 35 23 58 6 14 39 30 93 54 51 57 61 91 31 54 0 3 2 71 81 35 75 
92 89 55 55 20 42 34 59 49 82 47 30 85 83 25 72 32 45 66 96 94 56 68 46 33 3 0 98 22 10 15 47 
36 34 40 41 71 94 92 26 61 64 18 58 32 64 8 40 36 35 49 5 12 15 52 13 37 2 98 0 5 38 5 97 
87 2 93 62 58 88 7 84 53 32 70 36 72 38 73 32 95 64 7 95 49 94 15 55 5 71 22 5 0 59 25 82 
9 98 32 73 79 37 7 18 12 41 67 61 31 74 9 56 16 23 73 62 76 91 39 55 0 81 10 38 59 0 67 76 
50 93 30 22 79 93 88 95 76 60 22 31 55 47 76 3 53 13 41 20 34 75 83 91 16 35 15 5 25 67 0 71 
23 56 99 47 44 81 52 83 96 88 85 16 10 1 5 50 37 3 29 45 49 18 72 14 83 75 47 97 82 76 71 0 
RBBBRBRRRRBRRRBRRRRBRBBBBRBBBRBB
