46
0 65 44 70 43 46 100 31 10 84 14 13 29 87 14 99 52 31 20 58 93 0 36 60 13 37 91 24 82 42 82 56 63 1 53 24 66 7 2 58 80 7 21 42 36 8 
65 0 91 54 99 39 35 85 70 55 25 7 27 20 51 38 77 99 12 95 92 99 85 90 29 38 89 34 90 1 8 19 62 9 34 41 85 97 4 40 65 3 9 85 20 33 
44 91 0 29 28 15 5 75 77 24 63 63 31 41 82 62 56 99 5 5 57 82 39 86 27 39 18 28 76 42 33 23 25 51 39 40 11 5 77 3 17 24 20 45 27 16 
70 54 29 0 20 54 87 30 65 49 8 17 83 35 89 98 29 36 30 37 99 85 71 1 10 13 98 77 56 96 67 15 20 85 61 88 100 5 98 5 32 0 20 13 0 52 
43 99 28 20 0 71 95 17 54 27 16 59 31 75 14 51 48 49 73 26 71 89 76 88 21 75 41 41 92 70 8 61 60 20 95 99 34 66 69 25 77 68 3 15 39 15 
46 39 15 54 71 0 65 26 42 78 92 69 46 51 1 74 40 69 28 89 23 96 36 17 89 76 5 39 59 99 76 2 23 45 66 88 96 24 20 5 73 74 94 22 94 46 
100 35 5 87 95 65 0 23 30 32 58 70 52 83 22 22 50 68 10 81 32 37 80 75 100 24 32 33 27 5 48 33 36 38 9 72 28 70 45 97 88 57 36 79 72 71 
31 85 75 30 17 26 23 0 90 88 13 42 39 4 28 9 62 13 70 92 29 90 22 24 50 66 99 49 86 37 10 27 72 6 99 7 37 68 81 8 65 58 58 85 7 50 
10 70 77 65 54 42 30 90 0 56 54 21 61 28 85 38 69 72 29 57 82 60 26 21 60 26 80 33 53 77 96 43 75 87 55 0 47 63 5 36 60 75 22 94 14 32 
84 55 24 49 27 78 32 88 56 0 76 73 2 57 90 52 90 82 50 88 16 42 74 100 40 14 67 71 35 37 100 18 25 53 32 70 65 8 15 83 21 66 32 46 97 3 
14 25 63 8 16 92 58 13 54 76 0 71 88 56 99 28 58 81 4 30 10 1 96 82 59 53 12 11 17 65 6 64 43 98 19 54 52 40 96 21 1 13 19 88 63 99 
13 7 63 17 59 69 70 42 21 73 71 0 45 2 47 87 40 45 90 91 99 22 53 34 73 85 11 70 1 60 52 96 88 65 89 43 97 21 57 55 43 3 41 36 54 24 
29 27 31 83 31 46 52 39 61 2 88 45 0 42 69 3 11 47 91 94 48 82 61 66 93 38 5 45 98 45 78 34 90 40 26 22 87 2 29 13 92 39 36 25 22 30 
87 20 41 35 75 51 83 4 28 57 56 2 42 0 80 47 18 54 62 17 73 33 100 53 39 25 70 98 84 79 53 30 7 33 6 84 42 67 69 14 52 56 67 21 32 79 
14 51 82 89 14 1 22 28 85 90 99 47 69 80 0 82 70 83 58 37 39 91 94 98 64 39 32 51 48 80 14 16 75 72 39 85 2 94 33 24 84 81 85 8 49 93 
99 38 62 98 51 74 22 9 38 52 28 87 3 47 82 0 33 49 13 44 20 65 20 52 71 84 98 1 47 64 42 59 41 5 24 93 72 2 35 15 10 61 2 23 37 49 
52 77 56 29 48 40 50 62 69 90 58 40 11 18 70 33 0 4 88 92 52 96 11 85 3 31 86 32 93 82 100 68 76 80 33 11 31 21 74 52 52 61 13 87 55 29 
31 99 99 36 49 69 68 13 72 82 81 45 47 54 83 49 4 0 61 22 1 49 51 90 37 9 77 39 99 51 33 97 72 60 5 42 84 73 22 26 12 48 65 52 7 22 
20 12 5 30 73 28 10 70 29 50 4 90 91 62 58 13 88 61 0 15 63 97 43 54 30 27 32 38 91 75 55 86 29 53 21 43 64 43 91 3 16 2 17 58 19 42 
58 95 5 37 26 89 81 92 57 88 30 91 94 17 37 44 92 22 15 0 54 17 24 54 5 91 61 3 64 32 13 32 0 5 99 95 81 51 40 30 82 61 81 15 26 67 
93 92 57 99 71 23 32 29 82 16 10 99 48 73 39 20 52 1 63 54 0 86 3 81 35 86 47 24 9 86 6 11 45 30 6 96 36 38 48 70 61 65 86 46 58 43 
0 99 82 85 89 96 37 90 60 42 1 22 82 33 91 65 96 49 97 17 86 0 46 33 18 19 20 22 84 62 68 19 83 0 68 8 84 91 94 1 13 53 87 46 5 7 
36 85 39 71 76 36 80 22 26 74 96 53 61 100 94 20 11 51 43 24 3 46 0 95 75 78 95 4 52 65 29 73 72 56 97 3 29 96 93 99 67 54 49 49 14 42 
60 90 86 1 88 17 75 24 21 100 82 34 66 53 98 52 85 90 54 54 81 33 95 0 60 51 78 71 98 11 22 38 85 14 22 78 83 97 55 92 64 36 63 14 5 18 
13 29 27 10 21 89 100 50 60 40 59 73 93 39 64 71 3 37 30 5 35 18 75 60 0 16 15 88 85 90 18 57 65 13 0 13 1 36 4 1 85 25 88 54 20 47 
37 38 39 13 75 76 24 66 26 14 53 85 38 25 39 84 31 9 27 91 86 19 78 51 16 0 13 68 5 79 54 99 88 62 56 70 45 77 93 73 31 4 85 5 41 91 
91 89 18 98 41 5 32 99 80 67 12 11 5 70 32 98 86 77 32 61 47 20 95 78 15 13 0 14 17 87 85 42 65 62 4 65 20 96 27 5 26 55 82 82 29 5 
24 34 28 77 41 39 33 49 33 71 11 70 45 98 51 1 32 39 38 3 24 22 4 71 88 68 14 0 56 85 45 2 18 17 30 29 60 85 84 38 65 70 70 81 99 56 
82 90 76 56 92 59 27 86 53 35 17 1 98 84 48 47 93 99 91 64 9 84 52 98 85 5 17 56 0 73 60 91 96 61 23 28 36 41 18 15 2 31 5 78 45 30 
42 1 42 96 70 99 5 37 77 37 65 60 45 79 80 64 82 51 75 32 86 62 65 11 90 79 87 85 73 0 19 59 41 99 10 35 72 93 36 84 41 55 88 91 40 68 
82 8 33 67 8 76 48 10 96 100 6 52 78 53 14 42 100 33 55 13 6 68 29 22 18 54 85 45 60 19 0 51 54 52 15 30 0 45 60 50 57 39 71 94 70 51 
56 19 23 15 61 2 33 27 43 18 64 96 34 30 16 59 68 97 86 32 11 19 73 38 57 99 42 2 91 59 51 0 71 53 7 37 36 31 8 35 57 24 23 100 10 15 
63 62 25 20 60 23 36 72 75 25 43 88 90 7 75 41 76 72 29 0 45 83 72 85 65 88 65 18 96 41 54 71 0 37 2 30 87 98 98 10 54 38 87 50 59 14 
1 9 51 85 20 45 38 6 87 53 98 65 40 33 72 5 80 60 53 5 30 0 56 14 13 62 62 17 61 99 52 53 37 0 84 81 17 92 36 95 80 7 97 6 67 90 
53 34 39 61 95 66 9 99 55 32 19 89 26 6 39 24 33 5 21 99 6 68 97 22 0 56 4 30 23 10 15 7 2 84 0 2 37 63 78 28 89 70 83 4 5 95 
24 41 40 88 99 88 72 7 0 70 54 43 22 84 85 93 11 42 43 95 96 8 3 78 13 70 65 29 28 35 30 37 30 81 2 0 63 68 98 88 87 62 22 95 18 100 
66 85 11 100 34 96 28 37 47 65 52 97 87 42 2 72 31 84 64 81 36 84 29 83 1 45 20 60 36 72 0 36 87 17 37 63 0 38 2 1 17 33 55 11 88 92 
7 97 5 5 66 24 70 68 63 8 40 21 2 67 94 2 21 73 43 51 38 91 96 97 36 77 96 85 41 93 45 31 98 92 63 68 38 0 31 69 41 89 37 45 1 72 
2 4 77 98 69 20 45 81 5 15 96 57 29 69 33 35 74 22 91 40 48 94 93 55 4 93 27 84 18 36 60 8 98 36 78 98 2 31 0 52 32 4 18 86 23 11 
58 40 3 5 25 5 97 8 36 83 21 55 13 14 24 15 52 26 3 30 70 1 99 92 1 73 5 38 15 84 50 35 10 95 28 88 1 69 52 0 39 69 86 33 80 47 
80 65 17 32 77 73 88 65 60 21 1 43 92 52 84 10 52 12 16 82 61 13 67 64 85 31 26 65 2 41 57 57 54 80 89 87 17 41 32 39 0 8 98 56 49 51 
7 3 24 0 68 74 57 58 75 66 13 3 39 56 81 61 61 48 2 61 65 53 54 36 25 4 55 70 31 55 39 24 38 7 70 62 33 89 4 69 8 0 78 34 12 60 
21 9 20 20 3 94 36 58 22 32 19 41 36 67 85 2 13 65 17 81 86 87 49 63 88 85 82 70 5 88 71 23 87 97 83 22 55 37 18 86 98 78 0 71 79 0 
42 85 45 13 15 22 79 85 94 46 88 36 25 21 8 23 87 52 58 15 46 46 49 14 54 5 82 81 78 91 94 100 50 6 4 95 11 45 86 33 56 34 71 0 93 15 
36 20 27 0 39 94 72 7 14 97 63 54 22 32 49 37 55 7 19 26 58 5 14 5 20 41 29 99 45 40 70 10 59 67 5 18 88 1 23 80 49 12 79 93 0 57 
8 33 16 52 15 46 71 50 32 3 99 24 30 79 93 49 29 22 42 67 43 7 42 18 47 91 5 56 30 68 51 15 14 90 95 100 92 72 11 47 51 60 0 15 57 0 
RRBBBRBRBBBRRRBBRRRRBBBBRRBRBRRBBBBBBRRRBRRRBR
