48
0 26 60 50 12 53 95 88 18 1 44 90 65 54 21 22 51 31 37 53 33 89 51 47 93 12 40 63 11 13 46 97 21 80 25 38 73 88 97 80 81 50 69 77 36 12 0 2 
26 0 18 28 7 20 62 58 72 23 40 24 12 86 70 0 49 23 42 37 13 11 71 40 100 94 60 37 32 6 61 81 16 14 43 99 7 63 45 65 49 22 45 21 36 91 64 10 
60 18 0 7 33 77 21 8 99 14 62 59 74 16 83 32 96 22 99 69 90 92 70 84 85 80 31 67 89 97 45 6 83 98 22 86 4 63 13 49 67 96 56 93 59 88 43 5 
50 28 7 0 32 90 37 39 98 59 39 99 4 98 19 82 60 11 17 59 23 28 34 41 10 75 69 94 20 84 49 61 7 33 14 54 33 89 94 36 29 22 39 33 21 57 97 39 
12 7 33 32 0 99 85 12 11 34 90 67 69 46 40 43 82 55 22 74 84 5 40 13 47 91 33 100 66 14 36 93 87 88 6 82 70 96 28 56 17 18 90 54 38 17 69 55 
53 20 77 90 99 0 71 68 87 48 74 96 87 98 44 99 89 17 30 2 11 78 70 88 80 10 81 28 22 31 48 74 75 38 97 22 44 1 19 7 77 52 93 64 80 73 14 10 
95 62 21 37 85 71 0 71 70 52 22 79 34 39 29 10 19 16 18 61 97 66 37 7 84 89 50 37 18 91 87 76 82 25 55 26 9 54 71 10 32 76 81 100 3 34 87 29 
88 58 8 39 12 68 71 0 14 1 2 82 0 2 84 18 57 56 6 31 49 63 11 12 47 80 45 47 69 43 38 68 98 77 39 34 26 69 18 92 32 20 100 73 97 67 53 34 
18 72 99 98 11 87 70 14 0 9 56 34 17 5 55 99 98 21 33 47 2 15 71 16 63 12 48 1 78 44 69 6 41 69 3 78 34 46 74 62 27 4 45 33 0 18 74 96 
1 23 14 59 34 48 52 1 9 0 23 99 47 100 75 3 76 88 87 87 84 8 19 22 89 80 77 66 87 58 99 5 49 62 4 95 42 76 10 84 40 24 44 1 18 19 22 7 
44 40 62 39 90 74 22 2 56 23 0 19 7 92 47 17 50 33 33 62 6 56 20 79 5 82 13 6 74 98 40 94 0 94 98 64 88 40 80 92 82 14 83 73 34 41 66 67 
90 24 59 99 67 96 79 82 34 99 19 0 29 84 65 90 82 96 29 62 37 17 23 56 26 86 38 84 82 15 95 47 87 67 84 57 51 73 59 94 17 58 22 73 79 22 88 82 
65 12 74 4 69 87 34 0 17 47 7 29 0 92 36 81 93 57 35 13 47 97 17 23 33 26 87 100 89 51 25 30 90 73 94 64 62 75 83 98 10 4 22 6 16 17 13 55 
54 86 16 98 46 98 39 2 5 100 92 84 92 0 63 13 61 45 90 80 60 4 32 71 22 14 55 1 88 68 50 20 31 5 23 13 100 65 86 36 90 14 39 98 88 3 57 56 
21 70 83 19 40 44 29 84 55 75 47 65 36 63 0 94 88 63 94 80 15 16 100 25 34 61 22 58 35 25 57 73 35 39 93 83 82 21 73 23 50 26 43 4 10 95 46 50 
22 0 32 82 43 99 10 18 99 3 17 90 81 13 94 0 67 69 90 35 76 98 57 63 1 18 82 74 97 90 65 6 58 58 10 25 32 93 3 20 63 18 13 44 72 2 13 2 
51 49 96 60 82 89 19 57 98 76 50 82 93 61 88 67 0 50 73 72 81 74 31 34 56 17 22 15 42 7 3 47 3 10 53 93 29 74 23 47 88 41 77 52 90 72 81 44 
31 23 22 11 55 17 16 56 21 88 33 96 57 45 63 69 50 0 39 93 88 96 1 55 4 0 97 31 38 100 33 50 99 62 22 42 100 5 67 46 14 81 35 57 20 92 40 93 
37 42 99 17 22 30 18 6 33 87 33 29 35 90 94 90 73 39 0 7 41 73 84 77 1 93 12 24 20 51 53 4 0 48 91 4 26 85 16 5 69 24 28 26 29 77 89 54 
53 37 69 59 74 2 61 31 47 87 62 62 13 80 80 35 72 93 7 0 9 1 91 91 85 33 50 64 92 2 16 65 46 17 5 81 99 83 24 21 62 0 98 74 31 95 7 16 
33 13 90 23 84 11 97 49 2 84 6 37 47 60 15 76 81 88 41 9 0 48 81 49 2 75 3 28 57 28 44 54 6 14 16 3 74 40 84 35 6 36 14 17 15 98 43 53 
89 11 92 28 5 78 66 63 15 8 56 17 97 4 16 98 74 96 73 1 48 0 37 19 30 5 73 98 36 99 27 16 3 15 51 96 29 76 98 18 85 34 100 42 33 76 29 18 
51 71 70 34 40 70 37 11 71 19 20 23 17 32 100 57 31 1 84 91 81 37 0 83 0 53 27 61 42 55 92 52 32 4 49 84 95 5 51 77 72 1 7 77 74 75 57 10 
47 40 84 41 13 88 7 12 16 22 79 56 23 71 25 63 34 55 77 91 49 19 83 0 10 2 40 86 8 85 86 78 100 3 52 29 27 62 40 100 39 36 63 60 93 37 36 49 
93 100 85 10 47 80 84 47 63 89 5 26 33 22 34 1 56 4 1 85 2 30 0 10 0 97 55 5 83 84 31 89 4 78 13 51 33 75 21 56 44 43 38 93 2 89 11 68 
12 94 80 75 91 10 89 80 12 80 82 86 26 14 61 18 17 0 93 33 75 5 53 2 97 0 14 81 19 78 92 47 38 22 77 34 49 93 45 91 53 54 28 23 26 73 52 83 
40 60 31 69 33 81 50 45 48 77 13 38 87 55 22 82 22 97 12 50 3 73 27 40 55 14 0 7 82 1 47 63 66 86 37 25 71 37 3 78 6 36 79 69 35 23 92 45 
63 37 67 94 100 28 37 47 1 66 6 84 100 1 58 74 15 31 24 64 28 98 61 86 5 81 7 0 37 51 79 65 61 82 72 53 89 54 19 62 25 69 37 12 49 88 99 71 
11 32 89 20 66 22 18 69 78 87 74 82 89 88 35 97 42 38 20 92 57 36 42 8 83 19 82 37 0 54 65 81 73 82 41 56 39 56 6 69 9 87 92 8 74 23 88 61 
13 6 97 84 14 31 91 43 44 58 98 15 51 68 25 90 7 100 51 2 28 99 55 85 84 78 1 51 54 0 28 65 88 30 27 96 8 77 39 2 57 68 73 66 92 42 87 77 
46 61 45 49 36 48 87 38 69 99 40 95 25 50 57 65 3 33 53 16 44 27 92 86 31 92 47 79 65 28 0 2 87 14 42 52 68 28 96 21 67 94 10 31 91 70 78 37 
97 81 6 61 93 74 76 68 6 5 94 47 30 20 73 6 47 50 4 65 54 16 52 78 89 47 63 65 81 65 2 0 56 94 28 70 17 49 77 17 54 6 1 99 96 37 80 34 
21 16 83 7 87 75 82 98 41 49 0 87 90 31 35 58 3 99 0 46 6 3 32 100 4 38 66 61 73 88 87 56 0 82 42 14 92 46 58 61 92 58 65 66 65 23 70 49 
80 14 98 33 88 38 25 77 69 62 94 67 73 5 39 58 10 62 48 17 14 15 4 3 78 22 86 82 82 30 14 94 82 0 31 87 67 89 99 9 88 73 70 26 3 43 60 32 
25 43 22 14 6 97 55 39 3 4 98 84 94 23 93 10 53 22 91 5 16 51 49 52 13 77 37 72 41 27 42 28 42 31 0 50 50 56 38 86 80 41 85 50 24 81 94 85 
38 99 86 54 82 22 26 34 78 95 64 57 64 13 83 25 93 42 4 81 3 96 84 29 51 34 25 53 56 96 52 70 14 87 50 0 47 33 35 85 69 64 35 60 5 43 81 94 
73 7 4 33 70 44 9 26 34 42 88 51 62 100 82 32 29 100 26 99 74 29 95 27 33 49 71 89 39 8 68 17 92 67 50 47 0 61 55 75 73 97 29 23 68 36 31 60 
88 63 63 89 96 1 54 69 46 76 40 73 75 65 21 93 74 5 85 83 40 76 5 62 75 93 37 54 56 77 28 49 46 89 56 33 61 0 44 86 68 9 32 24 25 58 51 48 
97 45 13 94 28 19 71 18 74 10 80 59 83 86 73 3 23 67 16 24 84 98 51 40 21 45 3 19 6 39 96 77 58 99 38 35 55 44 0 9 7 26 30 37 92 53 26 43 
80 65 49 36 56 7 10 92 62 84 92 94 98 36 23 20 47 46 5 21 35 18 77 100 56 91 78 62 69 2 21 17 61 9 86 85 75 86 9 0 14 97 68 41 76 100 65 30 
81 49 67 29 17 77 32 32 27 40 82 17 10 90 50 63 88 14 69 62 6 85 72 39 44 53 6 25 9 57 67 54 92 88 80 69 73 68 7 14 0 59 78 96 48 96 57 63 
50 22 96 22 18 52 76 20 4 24 14 58 4 14 26 18 41 81 24 0 36 34 1 36 43 54 36 69 87 68 94 6 58 73 41 64 97 9 26 97 59 0 44 6 51 68 16 49 
69 45 56 39 90 93 81 100 45 44 83 22 22 39 43 13 77 35 28 98 14 100 7 63 38 28 79 37 92 73 10 1 65 70 85 35 29 32 30 68 78 44 0 28 78 47 65 31 
77 21 93 33 54 64 100 73 33 1 73 73 6 98 4 44 52 57 26 74 17 42 77 60 93 23 69 12 8 66 31 99 66 26 50 60 23 24 37 41 96 6 28 0 60 94 55 75 
36 36 59 21 38 80 3 97 0 18 34 79 16 88 10 72 90 20 29 31 15 33 74 93 2 26 35 49 74 92 91 96 65 3 24 5 68 25 92 76 48 51 78 60 0 33 34 2 
12 91 88 57 17 73 34 67 18 19 41 22 17 3 95 2 72 92 77 95 98 76 75 37 89 73 23 88 23 42 70 37 23 43 81 43 36 58 53 100 96 68 47 94 33 0 4 90 
0 64 43 97 69 14 87 53 74 22 66 88 13 57 46 13 81 40 89 7 43 29 57 36 11 52 92 99 88 87 78 80 70 60 94 81 31 51 26 65 57 16 65 55 34 4 0 14 
2 10 5 39 55 10 29 34 96 7 67 82 55 56 50 2 44 93 54 16 53 18 10 49 68 83 45 71 61 77 37 34 49 32 85 94 60 48 43 30 63 49 31 75 2 90 14 0 
RBRBRRBBRRRRRBBBBBBRRRBRRBBRBBRRBRRBRBRRRBRBBBBB
