44
0 97 74 69 17 84 67 100 84 14 83 61 15 71 21 13 47 88 44 42 27 36 61 79 77 99 4 43 12 33 1 65 98 17 92 98 60 12 10 86 34 25 61 81 
97 0 2 21 46 17 48 28 42 16 32 12 64 64 100 53 43 3 59 4 70 93 82 69 9 26 70 55 36 98 11 73 24 53 5 14 74 74 94 24 1 75 60 25 
74 2 0 61 18 25 74 52 6 71 60 60 84 58 50 8 28 1 74 58 55 25 22 85 79 8 51 36 79 49 97 69 93 34 50 40 34 11 15 76 61 80 3 29 
69 21 61 0 71 61 4 74 97 79 34 89 95 54 40 6 16 83 45 10 59 78 57 96 99 45 88 87 98 82 64 20 73 45 83 69 77 49 32 50 35 62 61 83 
17 46 18 71 0 59 10 71 90 23 76 46 81 40 1 87 61 20 38 69 96 26 76 42 68 3 34 10 64 13 50 72 48 29 14 99 12 58 4 29 57 63 33 28 
84 17 25 61 59 0 36 19 33 35 23 35 42 73 25 49 85 39 81 89 95 48 33 48 35 39 74 56 15 16 68 7 99 44 92 51 62 46 73 89 63 90 24 46 
67 48 74 4 10 36 0 98 34 93 30 39 51 20 26 20 21 73 71 60 60 27 39 68 54 41 56 59 22 3 0 67 67 5 15 74 21 99 10 42 26 44 9 41 
100 28 52 74 71 19 98 0 43 44 61 41 34 1 34 9 99 68 89 36 41 24 54 77 15 81 94 91 73 17 40 99 74 38 11 48 22 84 30 14 62 59 56 18 
84 42 6 97 90 33 34 43 0 53 97 31 85 40 41 63 39 56 76 93 24 70 24 15 53 88 31 68 75 82 4 0 88 30 87 20 88 43 43 27 24 76 18 65 
14 16 71 79 23 35 93 44 53 0 71 49 100 11 91 68 35 7 9 21 47 23 84 51 36 34 28 85 36 11 3 50 48 26 31 34 77 69 64 12 26 98 59 75 
83 32 60 34 76 23 30 61 97 71 0 45 8 69 54 69 47 99 81 10 13 17 54 21 92 36 25 68 85 12 60 70 29 38 64 69 42 22 5 45 37 87 20 65 
61 12 60 89 46 35 39 41 31 49 45 0 27 19 53 99 41 56 22 65 98 75 10 0 90 38 8 38 39 66 63 6 76 78 38 68 11 52 10 0 61 96 39 33 
15 64 84 95 81 42 51 34 85 100 8 27 0 30 28 90 44 87 35 81 76 54 99 18 41 99 49 95 80 54 19 7 69 11 60 84 55 44 9 63 38 14 91 96 
71 64 58 54 40 73 20 1 40 11 69 19 30 0 100 29 65 12 69 28 63 84 84 45 15 70 73 87 27 44 51 38 1 35 88 7 3 7 9 64 11 1 22 8 
21 100 50 40 1 25 26 34 41 91 54 53 28 100 0 85 72 85 54 74 39 94 12 22 28 22 37 35 22 83 81 10 52 37 63 79 56 75 90 91 86 90 3 74 
13 53 8 6 87 49 20 9 63 68 69 99 90 29 85 0 9 33 44 93 99 81 83 78 28 81 42 5 84 81 52 94 54 12 2 3 38 6 19 52 79 36 63 67 
47 43 28 16 61 85 21 99 39 35 47 41 44 65 72 9 0 88 78 51 78 51 8 75 84 70 1 48 9 58 88 16 53 37 2 83 49 79 64 34 69 88 28 42 
88 3 1 83 20 39 73 68 56 7 99 56 87 12 85 33 88 0 20 20 57 67 66 46 7 53 78 99 16 66 24 67 8 77 85 72 32 74 73 41 76 37 78 47 
44 59 74 45 38 81 71 89 76 9 81 22 35 69 54 44 78 20 0 86 35 46 78 11 56 88 99 33 47 22 45 66 35 43 21 27 99 40 32 12 54 11 41 76 
42 4 58 10 69 89 60 36 93 21 10 65 81 28 74 93 51 20 86 0 2 82 100 0 11 45 84 43 75 79 34 28 54 52 98 33 57 42 84 53 61 15 17 31 
27 70 55 59 96 95 60 41 24 47 13 98 76 63 39 99 78 57 35 2 0 17 64 1 77 76 8 95 32 36 53 91 0 70 33 7 83 58 67 5 79 95 66 35 
36 93 25 78 26 48 27 24 70 23 17 75 54 84 94 81 51 67 46 82 17 0 88 56 8 72 35 98 54 68 84 56 39 26 67 93 61 79 33 51 36 23 67 83 
61 82 22 57 76 33 39 54 24 84 54 10 99 84 12 83 8 66 78 100 64 88 0 15 46 90 10 48 44 27 10 47 85 99 86 6 70 94 29 13 76 80 61 73 
79 69 85 96 42 48 68 77 15 51 21 0 18 45 22 78 75 46 11 0 1 56 15 0 1 35 1 28 93 78 56 47 65 33 43 71 81 81 96 96 73 69 23 61 
77 9 79 99 68 35 54 15 53 36 92 90 41 15 28 28 84 7 56 11 77 8 46 1 0 94 1 21 70 47 4 6 87 9 88 100 93 26 54 94 16 2 2 46 
99 26 8 45 3 39 41 81 88 34 36 38 99 70 22 81 70 53 88 45 76 72 90 35 94 0 60 28 5 31 9 44 3 45 53 90 60 6 61 15 23 29 32 9 
4 70 51 88 34 74 56 94 31 28 25 8 49 73 37 42 1 78 99 84 8 35 10 1 1 60 0 30 60 78 8 82 83 45 52 6 87 54 78 98 33 28 30 20 
43 55 36 87 10 56 59 91 68 85 68 38 95 87 35 5 48 99 33 43 95 98 48 28 21 28 30 0 3 92 44 89 21 64 3 39 77 58 96 86 64 21 35 20 
12 36 79 98 64 15 22 73 75 36 85 39 80 27 22 84 9 16 47 75 32 54 44 93 70 5 60 3 0 40 90 44 80 29 78 93 29 45 44 10 49 69 66 98 
33 98 49 82 13 16 3 17 82 11 12 66 54 44 83 81 58 66 22 79 36 68 27 78 47 31 78 92 40 0 59 28 60 18 28 4 95 21 77 97 69 51 31 83 
1 11 97 64 50 68 0 40 4 3 60 63 19 51 81 52 88 24 45 34 53 84 10 56 4 9 8 44 90 59 0 98 52 51 73 0 81 19 8 16 86 25 55 90 
65 73 69 20 72 7 67 99 0 50 70 6 7 38 10 94 16 67 66 28 91 56 47 47 6 44 82 89 44 28 98 0 15 45 61 25 77 58 67 47 20 63 37 16 
98 24 93 73 48 99 67 74 88 48 29 76 69 1 52 54 53 8 35 54 0 39 85 65 87 3 83 21 80 60 52 15 0 73 75 44 19 33 87 80 87 6 12 60 
17 53 34 45 29 44 5 38 30 26 38 78 11 35 37 12 37 77 43 52 70 26 99 33 9 45 45 64 29 18 51 45 73 0 85 42 64 42 84 31 78 2 97 3 
92 5 50 83 14 92 15 11 87 31 64 38 60 88 63 2 2 85 21 98 33 67 86 43 88 53 52 3 78 28 73 61 75 85 0 83 67 30 32 9 48 0 14 61 
98 14 40 69 99 51 74 48 20 34 69 68 84 7 79 3 83 72 27 33 7 93 6 71 100 90 6 39 93 4 0 25 44 42 83 0 65 55 7 96 16 69 19 72 
60 74 34 77 12 62 21 22 88 77 42 11 55 3 56 38 49 32 99 57 83 61 70 81 93 60 87 77 29 95 81 77 19 64 67 65 0 86 27 17 35 8 0 66 
12 74 11 49 58 46 99 84 43 69 22 52 44 7 75 6 79 74 40 42 58 79 94 81 26 6 54 58 45 21 19 58 33 42 30 55 86 0 37 19 39 81 29 70 
10 94 15 32 4 73 10 30 43 64 5 10 9 9 90 19 64 73 32 84 67 33 29 96 54 61 78 96 44 77 8 67 87 84 32 7 27 37 0 52 59 82 84 23 
86 24 76 50 29 89 42 14 27 12 45 0 63 64 91 52 34 41 12 53 5 51 13 96 94 15 98 86 10 97 16 47 80 31 9 96 17 19 52 0 26 100 100 22 
34 1 61 35 57 63 26 62 24 26 37 61 38 11 86 79 69 76 54 61 79 36 76 73 16 23 33 64 49 69 86 20 87 78 48 16 35 39 59 26 0 41 17 8 
25 75 80 62 63 90 44 59 76 98 87 96 14 1 90 36 88 37 11 15 95 23 80 69 2 29 28 21 69 51 25 63 6 2 0 69 8 81 82 100 41 0 98 57 
61 60 3 61 33 24 9 56 18 59 20 39 91 22 3 63 28 78 41 17 66 67 61 23 2 32 30 35 66 31 55 37 12 97 14 19 0 29 84 100 17 98 0 56 
81 25 29 83 28 46 41 18 65 75 65 33 96 8 74 67 42 47 76 31 35 83 73 61 46 9 20 20 98 83 90 16 60 3 61 72 66 70 23 22 8 57 56 0 
RRRRBBBRRBBRBRBBRBRBRBRRRBBBRRRBRRRBBBBRBBBR
