40
0 42 57 29 6 46 92 56 68 100 41 14 85 67 61 93 62 2 52 35 88 93 37 67 71 48 99 75 33 79 7 17 33 65 13 31 98 81 12 58 
42 0 68 0 43 82 19 51 52 20 19 82 61 26 85 38 99 79 54 93 25 27 35 4 35 45 28 38 6 96 99 19 6 58 65 42 74 17 67 37 
57 68 0 10 13 90 42 74 95 22 61 81 86 52 39 8 45 85 2 92 82 54 26 99 90 16 26 0 61 30 7 47 22 74 1 71 90 22 88 40 
29 0 10 0 98 28 81 96 100 51 29 26 47 31 60 22 45 42 60 62 62 7 57 0 30 8 89 64 18 0 2 43 60 38 44 77 36 95 52 22 
6 43 13 98 0 22 16 16 91 46 52 80 95 41 2 20 1 85 92 17 73 34 89 33 85 40 16 41 73 87 9 59 30 93 94 11 55 18 25 94 
46 82 90 28 22 0 41 53 53 13 68 89 51 1 22 93 29 57 33 96 15 52 19 91 80 71 74 48 63 76 83 49 91 51 15 7 85 46 67 99 
92 19 42 81 16 41 0 71 73 22 1 10 7 10 17 56 96 23 1 93 30 65 78 55 87 58 33 7 2 26 18 75 27 89 9 20 6 70 19 45 
56 51 74 96 16 53 71 0 44 57 25 40 11 38 24 51 32 3 49 76 63 93 89 73 92 24 25 30 33 50 58 89 41 13 70 62 38 97 30 74 
68 52 95 100 91 53 73 44 0 79 79 26 11 73 58 34 27 19 67 44 83 56 20 80 82 64 38 9 72 52 16 68 53 23 53 34 20 48 7 66 
100 20 22 51 46 13 22 57 79 0 100 40 2 26 83 39 64 59 88 80 10 33 81 69 67 50 27 58 30 90 22 83 69 89 63 13 66 29 3 8 
41 19 61 29 52 68 1 25 79 100 0 93 0 95 21 92 8 77 81 15 85 76 26 53 60 48 54 2 15 61 46 59 10 54 69 69 31 33 44 84 
14 82 81 26 80 89 10 40 26 40 93 0 25 14 2 47 0 20 99 5 8 46 3 73 41 22 66 52 52 5 17 3 53 67 76 21 67 16 76 37 
85 61 86 47 95 51 7 11 11 2 0 25 0 45 59 65 38 9 6 90 100 78 31 45 9 34 57 80 37 33 70 91 6 29 78 30 11 9 37 77 
67 26 52 31 41 1 10 38 73 26 95 14 45 0 12 38 7 30 22 95 91 76 21 66 40 21 0 95 75 76 73 40 13 61 35 25 50 2 65 10 
61 85 39 60 2 22 17 24 58 83 21 2 59 12 0 35 22 67 0 93 40 96 51 33 39 11 67 47 70 52 44 93 14 36 7 64 91 65 99 4 
93 38 8 22 20 93 56 51 34 39 92 47 65 38 35 0 41 74 57 39 51 76 10 89 57 5 56 18 71 82 10 62 55 89 64 61 70 40 51 30 
62 99 45 45 1 29 96 32 27 64 8 0 38 7 22 41 0 31 3 9 1 47 63 18 43 35 67 73 85 88 93 73 10 19 54 45 77 12 30 55 
2 79 85 42 85 57 23 3 19 59 77 20 9 30 67 74 31 0 3 84 43 36 88 44 2 43 21 55 22 75 42 43 86 25 16 84 95 52 56 62 
52 54 2 60 92 33 1 49 67 88 81 99 6 22 0 57 3 3 0 56 67 46 12 46 39 79 15 88 56 34 49 82 52 22 67 54 0 37 93 88 
35 93 92 62 17 96 93 76 44 80 15 5 90 95 93 39 9 84 56 0 25 37 88 98 72 29 67 16 64 42 46 29 24 25 35 77 63 43 35 44 
88 25 82 62 73 15 30 63 83 10 85 8 100 91 40 51 1 43 67 25 0 0 20 71 17 46 45 79 82 68 72 27 29 75 10 46 95 70 0 43 
93 27 54 7 34 52 65 93 56 33 76 46 78 76 96 76 47 36 46 37 0 0 92 48 81 35 78 4 23 71 31 28 5 80 61 91 19 60 38 21 
37 35 26 57 89 19 78 89 20 81 26 3 31 21 51 10 63 88 12 88 20 92 0 19 6 11 38 89 91 73 74 21 67 2 74 30 71 55 94 16 
67 4 99 0 33 91 55 73 80 69 53 73 45 66 33 89 18 44 46 98 71 48 19 0 91 71 76 66 8 3 23 35 42 71 82 33 17 75 98 10 
71 35 90 30 85 80 87 92 82 67 60 41 9 40 39 57 43 2 39 72 17 81 6 91 0 18 66 57 6 74 41 13 70 86 61 91 82 2 4 71 
48 45 16 8 40 71 58 24 64 50 48 22 34 21 11 5 35 43 79 29 46 35 11 71 18 0 91 8 62 62 19 97 0 82 53 64 78 72 98 85 
99 28 26 89 16 74 33 25 38 27 54 66 57 0 67 56 67 21 15 67 45 78 38 76 66 91 0 97 79 31 61 46 6 83 45 26 27 30 61 70 
75 38 0 64 41 48 7 30 9 58 2 52 80 95 47 18 73 55 88 16 79 4 89 66 57 8 97 0 75 28 68 83 34 73 43 75 14 55 38 18 
33 6 61 18 73 63 2 33 72 30 15 52 37 75 70 71 85 22 56 64 82 23 91 8 6 62 79 75 0 34 81 87 3 81 62 1 3 60 2 10 
79 96 30 0 87 76 26 50 52 90 61 5 33 76 52 82 88 75 34 42 68 71 73 3 74 62 31 28 34 0 24 47 97 61 13 67 99 46 45 28 
7 99 7 2 9 83 18 58 16 22 46 17 70 73 44 10 93 42 49 46 72 31 74 23 41 19 61 68 81 24 0 88 70 29 27 59 35 93 84 78 
17 19 47 43 59 49 75 89 68 83 59 3 91 40 93 62 73 43 82 29 27 28 21 35 13 97 46 83 87 47 88 0 20 40 38 34 31 97 39 24 
33 6 22 60 30 91 27 41 53 69 10 53 6 13 14 55 10 86 52 24 29 5 67 42 70 0 6 34 3 97 70 20 0 76 31 6 67 55 4 71 
65 58 74 38 93 51 89 13 23 89 54 67 29 61 36 89 19 25 22 25 75 80 2 71 86 82 83 73 81 61 29 40 76 0 13 30 65 73 78 5 
13 65 1 44 94 15 9 70 53 63 69 76 78 35 7 64 54 16 67 35 10 61 74 82 61 53 45 43 62 13 27 38 31 13 0 29 76 50 88 21 
31 42 71 77 11 7 20 62 34 13 69 21 30 25 64 61 45 84 54 77 46 91 30 33 91 64 26 75 1 67 59 34 6 30 29 0 18 59 82 5 
98 74 90 36 55 85 6 38 20 66 31 67 11 50 91 70 77 95 0 63 95 19 71 17 82 78 27 14 3 99 35 31 67 65 76 18 0 52 75 24 
81 17 22 95 18 46 70 97 48 29 33 16 9 2 65 40 12 52 37 43 70 60 55 75 2 72 30 55 60 46 93 97 55 73 50 59 52 0 36 49 
12 67 88 52 25 67 19 30 7 3 44 76 37 65 99 51 30 56 93 35 0 38 94 98 4 98 61 38 2 45 84 39 4 78 88 82 75 36 0 27 
58 37 40 22 94 99 45 74 66 8 84 37 77 10 4 30 55 62 88 44 43 21 16 10 71 85 70 18 10 28 78 24 71 5 21 5 24 49 27 0 
BBRRRBBRRRRRBRRRBRBRBBBBBBRRRBRBRBRRBBBB
