40
0 27 54 26 11 27 19 21 45 85 94 5 33 74 46 87 1 22 29 33 38 33 92 31 76 50 13 54 25 98 56 30 21 5 7 47 70 91 38 93 
27 0 79 41 80 59 12 42 100 85 73 57 49 13 70 64 31 57 40 73 90 25 54 52 3 67 7 100 0 35 96 59 20 70 86 3 63 86 78 20 
54 79 0 45 31 22 83 23 85 54 65 47 85 7 63 46 83 39 28 18 90 21 91 21 89 77 19 10 85 76 2 100 31 48 86 93 0 42 15 3 
26 41 45 0 30 23 38 27 84 71 26 74 30 3 46 29 33 89 14 25 53 1 97 79 27 91 26 5 5 48 38 10 20 29 51 8 16 54 28 21 
11 80 31 30 0 67 50 55 58 95 44 8 57 67 33 9 90 61 34 46 64 72 57 38 11 38 94 65 0 13 93 36 31 100 32 32 26 22 33 5 
27 59 22 23 67 0 46 92 20 75 70 73 51 90 59 11 58 68 47 97 19 51 58 83 41 13 33 86 88 3 69 38 52 56 25 6 48 26 61 76 
19 12 83 38 50 46 0 98 40 48 25 32 33 46 89 29 99 14 15 9 54 92 68 42 20 14 97 45 92 84 9 61 80 56 54 27 30 27 82 86 
21 42 23 27 55 92 98 0 54 64 37 85 62 52 25 96 82 85 92 64 15 86 95 13 77 64 12 67 54 24 28 9 23 19 99 73 3 4 13 30 
45 100 85 84 58 20 40 54 0 9 94 42 79 27 85 14 7 72 52 0 62 24 81 88 70 18 86 12 88 21 89 61 31 78 80 0 94 30 26 54 
85 85 54 71 95 75 48 64 9 0 11 42 55 0 91 41 80 16 63 6 93 97 41 15 12 62 16 6 88 59 1 8 55 27 27 61 12 3 39 36 
94 73 65 26 44 70 25 37 94 11 0 57 4 16 17 96 54 43 53 51 30 96 47 69 15 75 43 36 86 26 33 22 21 39 14 72 24 58 89 11 
5 57 47 74 8 73 32 85 42 42 57 0 99 100 51 59 52 100 47 61 97 100 76 22 96 28 30 44 11 3 48 57 43 59 30 77 98 28 23 11 
33 49 85 30 57 51 33 62 79 55 4 99 0 88 24 62 82 100 49 82 90 10 91 26 41 93 58 47 74 63 39 41 99 45 53 53 88 44 38 49 
74 13 7 3 67 90 46 52 27 0 16 100 88 0 12 29 4 92 17 20 4 55 74 83 89 30 68 79 24 83 39 56 15 62 40 85 2 80 68 22 
46 70 63 46 33 59 89 25 85 91 17 51 24 12 0 56 44 33 39 61 73 68 52 100 78 62 32 12 21 97 27 90 8 59 95 25 97 71 60 3 
87 64 46 29 9 11 29 96 14 41 96 59 62 29 56 0 61 11 3 40 48 39 57 100 64 33 47 20 94 79 49 87 64 75 81 93 96 53 77 77 
1 31 83 33 90 58 99 82 7 80 54 52 82 4 44 61 0 30 15 100 9 61 84 49 26 2 100 16 17 70 68 74 46 75 33 56 89 98 40 38 
22 57 39 89 61 68 14 85 72 16 43 100 100 92 33 11 30 0 0 78 6 3 15 31 64 85 63 57 37 73 82 3 94 63 12 40 94 34 13 16 
29 40 28 14 34 47 15 92 52 63 53 47 49 17 39 3 15 0 0 73 12 5 60 45 48 38 96 0 59 8 36 90 81 12 16 37 34 13 0 74 
33 73 18 25 46 97 9 64 0 6 51 61 82 20 61 40 100 78 73 0 35 7 69 87 19 80 86 89 47 42 10 27 59 76 47 9 88 74 82 10 
38 90 90 53 64 19 54 15 62 93 30 97 90 4 73 48 9 6 12 35 0 93 53 23 98 32 60 98 52 40 8 95 83 97 64 91 49 95 42 4 
33 25 21 1 72 51 92 86 24 97 96 100 10 55 68 39 61 3 5 7 93 0 37 17 4 20 16 80 82 51 34 64 14 6 27 9 44 4 3 2 
92 54 91 97 57 58 68 95 81 41 47 76 91 74 52 57 84 15 60 69 53 37 0 99 14 97 36 28 92 100 100 93 91 69 50 55 56 96 57 66 
31 52 21 79 38 83 42 13 88 15 69 22 26 83 100 100 49 31 45 87 23 17 99 0 66 89 1 34 34 71 50 32 29 97 61 81 43 19 95 75 
76 3 89 27 11 41 20 77 70 12 15 96 41 89 78 64 26 64 48 19 98 4 14 66 0 38 52 23 36 100 85 92 0 84 34 53 75 98 97 89 
50 67 77 91 38 13 14 64 18 62 75 28 93 30 62 33 2 85 38 80 32 20 97 89 38 0 50 39 78 41 40 39 87 57 0 33 30 7 64 37 
13 7 19 26 94 33 97 12 86 16 43 30 58 68 32 47 100 63 96 86 60 16 36 1 52 50 0 75 79 61 57 82 59 28 83 62 54 21 99 78 
54 100 10 5 65 86 45 67 12 6 36 44 47 79 12 20 16 57 0 89 98 80 28 34 23 39 75 0 22 21 31 64 84 85 81 8 93 10 35 88 
25 0 85 5 0 88 92 54 88 88 86 11 74 24 21 94 17 37 59 47 52 82 92 34 36 78 79 22 0 68 6 32 8 31 3 37 42 23 80 35 
98 35 76 48 13 3 84 24 21 59 26 3 63 83 97 79 70 73 8 42 40 51 100 71 100 41 61 21 68 0 61 90 100 61 62 59 89 27 25 56 
56 96 2 38 93 69 9 28 89 1 33 48 39 39 27 49 68 82 36 10 8 34 100 50 85 40 57 31 6 61 0 82 40 61 26 78 92 25 65 39 
30 59 100 10 36 38 61 9 61 8 22 57 41 56 90 87 74 3 90 27 95 64 93 32 92 39 82 64 32 90 82 0 62 69 49 95 42 64 70 45 
21 20 31 20 31 52 80 23 31 55 21 43 99 15 8 64 46 94 81 59 83 14 91 29 0 87 59 84 8 100 40 62 0 42 91 41 78 41 12 81 
5 70 48 29 100 56 56 19 78 27 39 59 45 62 59 75 75 63 12 76 97 6 69 97 84 57 28 85 31 61 61 69 42 0 62 82 27 16 98 15 
7 86 86 51 32 25 54 99 80 27 14 30 53 40 95 81 33 12 16 47 64 27 50 61 34 0 83 81 3 62 26 49 91 62 0 75 86 86 13 67 
47 3 93 8 32 6 27 73 0 61 72 77 53 85 25 93 56 40 37 9 91 9 55 81 53 33 62 8 37 59 78 95 41 82 75 0 78 57 54 78 
70 63 0 16 26 48 30 3 94 12 24 98 88 2 97 96 89 94 34 88 49 44 56 43 75 30 54 93 42 89 92 42 78 27 86 78 0 41 77 20 
91 86 42 54 22 26 27 4 30 3 58 28 44 80 71 53 98 34 13 74 95 4 96 19 98 7 21 10 23 27 25 64 41 16 86 57 41 0 26 93 
38 78 15 28 33 61 82 13 26 39 89 23 38 68 60 77 40 13 0 82 42 3 57 95 97 64 99 35 80 25 65 70 12 98 13 54 77 26 0 60 
93 20 3 21 5 76 86 30 54 36 11 11 49 22 3 77 38 16 74 10 4 2 66 75 89 37 78 88 35 56 39 45 81 15 67 78 20 93 60 0 
RRRBBBRBRRRBRBRRRBBBBRBBRRRRBBBRBRBBBRBR
