36
0 58 35 27 53 33 11 10 96 6 33 98 81 55 79 44 8 73 23 95 40 12 73 50 71 22 7 48 0 19 69 13 49 34 61 68 
58 0 90 8 71 64 14 81 88 61 4 57 30 51 80 15 65 51 13 76 16 88 42 89 10 77 9 17 17 26 28 79 22 93 74 64 
35 90 0 11 19 46 41 72 21 48 68 73 72 43 67 90 85 21 8 87 39 52 53 71 28 50 100 38 77 45 37 57 88 31 61 42 
27 8 11 0 49 80 45 32 7 35 88 87 50 97 97 98 14 35 55 82 63 19 33 10 21 95 47 78 91 73 94 66 99 4 27 70 
53 71 19 49 0 83 20 57 75 13 8 24 3 88 66 77 25 0 76 15 30 70 45 25 1 47 15 25 34 50 63 67 7 0 33 86 
33 64 46 80 83 0 49 21 85 24 38 50 35 56 24 57 94 72 90 68 44 78 22 12 81 88 12 53 83 20 90 91 61 85 7 44 
11 14 41 45 20 49 0 82 90 80 74 86 31 4 19 19 17 3 50 13 53 77 92 17 68 34 17 93 92 70 29 56 41 6 87 9 
10 81 72 32 57 21 82 0 32 39 86 11 57 25 36 11 97 15 21 47 58 81 20 60 91 57 47 69 2 57 76 70 69 17 69 85 
96 88 21 7 75 85 90 32 0 53 38 48 24 11 31 17 25 52 35 46 50 40 66 32 8 22 44 60 89 11 12 14 16 39 57 39 
6 61 48 35 13 24 80 39 53 0 60 50 80 23 86 22 58 71 50 63 17 84 49 21 39 42 78 55 30 18 50 31 25 92 25 63 
33 4 68 88 8 38 74 86 38 60 0 4 77 14 97 46 27 49 52 74 56 69 67 53 14 81 71 23 72 99 88 32 53 85 91 89 
98 57 73 87 24 50 86 11 48 50 4 0 31 4 93 70 86 4 26 68 33 17 61 13 24 46 1 99 5 64 41 35 76 45 75 67 
81 30 72 50 3 35 31 57 24 80 77 31 0 90 41 46 18 51 88 31 95 5 74 86 7 58 54 33 18 23 32 54 38 22 46 22 
55 51 43 97 88 56 4 25 11 23 14 4 90 0 49 58 23 91 21 11 80 60 7 87 81 2 39 12 6 37 67 30 91 50 91 59 
79 80 67 97 66 24 19 36 31 86 97 93 41 49 0 89 100 18 65 37 61 43 86 35 63 92 61 71 25 18 84 53 63 78 35 82 
44 15 90 98 77 57 19 11 17 22 46 70 46 58 89 0 77 6 55 57 64 91 67 63 19 54 81 93 6 23 53 76 71 15 74 26 
8 65 85 14 25 94 17 97 25 58 27 86 18 23 100 77 0 63 48 96 50 26 99 67 20 66 91 29 94 61 92 17 95 31 41 8 
73 51 21 35 0 72 3 15 52 71 49 4 51 91 18 6 63 0 20 65 45 90 77 60 44 5 10 40 4 33 2 88 87 8 57 18 
23 13 8 55 76 90 50 21 35 50 52 26 88 21 65 55 48 20 0 37 42 57 51 28 91 18 2 4 75 57 23 2 98 65 18 25 
95 76 87 82 15 68 13 47 46 63 74 68 31 11 37 57 96 65 37 0 51 19 92 51 38 88 51 97 89 96 28 15 52 97 69 44 
40 16 39 63 30 44 53 58 50 17 56 33 95 80 61 64 50 45 42 51 0 89 30 13 54 65 99 2 66 16 23 79 76 65 45 84 
12 88 52 19 70 78 77 81 40 84 69 17 5 60 43 91 26 90 57 19 89 0 73 79 8 82 76 37 15 37 69 8 97 20 45 80 
73 42 53 33 45 22 92 20 66 49 67 61 74 7 86 67 99 77 51 92 30 73 0 44 74 51 91 65 79 8 16 30 48 55 88 60 
50 89 71 10 25 12 17 60 32 21 53 13 86 87 35 63 67 60 28 51 13 79 44 0 18 66 66 34 32 5 32 29 58 25 9 99 
71 10 28 21 1 81 68 91 8 39 14 24 7 81 63 19 20 44 91 38 54 8 74 18 0 17 43 13 73 60 61 37 76 20 24 73 
22 77 50 95 47 88 34 57 22 42 81 46 58 2 92 54 66 5 18 88 65 82 51 66 17 0 9 69 31 51 66 74 82 99 100 88 
7 9 100 47 15 12 17 47 44 78 71 1 54 39 61 81 91 10 2 51 99 76 91 66 43 9 0 17 69 71 19 60 70 61 97 35 
48 17 38 78 25 53 93 69 60 55 23 99 33 12 71 93 29 40 4 97 2 37 65 34 13 69 17 0 4 2 24 73 6 7 67 74 
0 17 77 91 34 83 92 2 89 30 72 5 18 6 25 6 94 4 75 89 66 15 79 32 73 31 69 4 0 28 29 37 62 85 73 64 
19 26 45 73 50 20 70 57 11 18 99 64 23 37 18 23 61 33 57 96 16 37 8 5 60 51 71 2 28 0 37 41 66 8 37 30 
69 28 37 94 63 90 29 76 12 50 88 41 32 67 84 53 92 2 23 28 23 69 16 32 61 66 19 24 29 37 0 64 98 94 69 33 
13 79 57 66 67 91 56 70 14 31 32 35 54 30 53 76 17 88 2 15 79 8 30 29 37 74 60 73 37 41 64 0 17 90 32 30 
49 22 88 99 7 61 41 69 16 25 53 76 38 91 63 71 95 87 98 52 76 97 48 58 76 82 70 6 62 66 98 17 0 9 12 64 
34 93 31 4 0 85 6 17 39 92 85 45 22 50 78 15 31 8 65 97 65 20 55 25 20 99 61 7 85 8 94 90 9 0 48 48 
61 74 61 27 33 7 87 69 57 25 91 75 46 91 35 74 41 57 18 69 45 45 88 9 24 100 97 67 73 37 69 32 12 48 0 26 
68 64 42 70 86 44 9 85 39 63 89 67 22 59 82 26 8 18 25 44 84 80 60 99 73 88 35 74 64 30 33 30 64 48 26 0 
RRBRRBBBRBRRRBRRBRBBBBBBRRBRBRRBRBBR
