34
0 40 98 23 53 69 17 81 44 68 12 69 41 51 54 54 85 23 100 52 42 56 93 94 60 16 96 80 30 62 20 45 24 5 
40 0 20 35 63 48 9 36 97 88 74 72 47 27 53 24 76 19 43 93 40 78 96 23 17 88 94 90 24 64 32 44 89 56 
98 20 0 25 87 45 68 80 28 42 67 35 81 95 13 55 85 45 2 11 89 60 46 59 8 33 18 78 43 37 29 76 35 12 
23 35 25 0 23 25 45 50 20 95 38 74 71 22 48 23 53 42 51 94 57 89 79 41 83 47 24 65 82 39 77 15 49 70 
53 63 87 23 0 18 55 76 84 9 7 58 86 88 90 5 72 20 26 62 82 22 98 77 6 58 85 100 88 77 84 14 85 9 
69 48 45 25 18 0 70 33 93 67 68 92 11 58 2 71 59 94 43 87 99 95 11 90 21 61 47 30 12 77 39 97 13 79 
17 9 68 45 55 70 0 52 28 40 81 69 72 36 21 75 71 57 23 97 53 57 99 65 68 87 90 70 6 72 14 34 80 17 
81 36 80 50 76 33 52 0 33 84 37 87 76 80 96 5 21 90 18 49 83 42 98 86 4 76 82 29 27 54 8 36 100 58 
44 97 28 20 84 93 28 33 0 69 67 61 71 92 57 39 65 67 72 53 5 10 97 33 55 53 99 15 43 47 1 46 67 76 
68 88 42 95 9 67 40 84 69 0 99 100 67 53 85 8 99 19 42 95 77 1 38 63 92 48 99 38 17 19 20 71 13 84 
12 74 67 38 7 68 81 37 67 99 0 91 93 10 0 43 93 72 51 41 41 51 32 30 6 51 91 78 6 26 26 0 99 23 
69 72 35 74 58 92 69 87 61 100 91 0 98 28 100 71 87 72 70 37 56 75 72 96 92 83 77 79 70 48 47 62 68 83 
41 47 81 71 86 11 72 76 71 67 93 98 0 89 64 22 11 64 36 92 75 22 85 47 90 15 80 46 13 74 9 95 59 1 
51 27 95 22 88 58 36 80 92 53 10 28 89 0 64 71 90 88 32 5 70 33 3 31 65 42 5 9 1 59 24 17 68 44 
54 53 13 48 90 2 21 96 57 85 0 100 64 64 0 43 61 0 78 89 83 36 6 56 28 37 28 24 83 11 17 98 95 0 
54 24 55 23 5 71 75 5 39 8 43 71 22 71 43 0 8 94 8 91 13 27 95 3 29 29 83 31 75 94 55 91 21 65 
85 76 85 53 72 59 71 21 65 99 93 87 11 90 61 8 0 84 8 80 62 53 90 50 43 89 36 34 41 14 100 9 85 64 
23 19 45 42 20 94 57 90 67 19 72 72 64 88 0 94 84 0 35 67 86 47 83 19 94 70 29 32 33 9 94 66 11 63 
100 43 2 51 26 43 23 18 72 42 51 70 36 32 78 8 8 35 0 59 37 43 97 58 11 14 6 100 2 81 33 26 7 54 
52 93 11 94 62 87 97 49 53 95 41 37 92 5 89 91 80 67 59 0 16 5 54 88 49 63 86 12 48 65 39 33 79 71 
42 40 89 57 82 99 53 83 5 77 41 56 75 70 83 13 62 86 37 16 0 41 67 60 99 83 30 98 38 60 58 66 63 45 
56 78 60 89 22 95 57 42 10 1 51 75 22 33 36 27 53 47 43 5 41 0 53 69 69 85 37 40 71 59 27 29 18 8 
93 96 46 79 98 11 99 98 97 38 32 72 85 3 6 95 90 83 97 54 67 53 0 78 30 18 8 4 39 29 38 76 53 70 
94 23 59 41 77 90 65 86 33 63 30 96 47 31 56 3 50 19 58 88 60 69 78 0 41 90 77 97 1 83 49 92 100 79 
60 17 8 83 6 21 68 4 55 92 6 92 90 65 28 29 43 94 11 49 99 69 30 41 0 97 29 48 10 44 56 6 58 22 
16 88 33 47 58 61 87 76 53 48 51 83 15 42 37 29 89 70 14 63 83 85 18 90 97 0 1 10 82 70 0 7 79 39 
96 94 18 24 85 47 90 82 99 99 91 77 80 5 28 83 36 29 6 86 30 37 8 77 29 1 0 93 36 22 45 68 13 82 
80 90 78 65 100 30 70 29 15 38 78 79 46 9 24 31 34 32 100 12 98 40 4 97 48 10 93 0 68 93 7 92 48 2 
30 24 43 82 88 12 6 27 43 17 6 70 13 1 83 75 41 33 2 48 38 71 39 1 10 82 36 68 0 16 90 10 29 65 
62 64 37 39 77 77 72 54 47 19 26 48 74 59 11 94 14 9 81 65 60 59 29 83 44 70 22 93 16 0 51 88 33 92 
20 32 29 77 84 39 14 8 1 20 26 47 9 24 17 55 100 94 33 39 58 27 38 49 56 0 45 7 90 51 0 29 9 2 
45 44 76 15 14 97 34 36 46 71 0 62 95 17 98 91 9 66 26 33 66 29 76 92 6 7 68 92 10 88 29 0 75 45 
24 89 35 49 85 13 80 100 67 13 99 68 59 68 95 21 85 11 7 79 63 18 53 100 58 79 13 48 29 33 9 75 0 10 
5 56 12 70 9 79 17 58 76 84 23 83 1 44 0 65 64 63 54 71 45 8 70 79 22 39 82 2 65 92 2 45 10 0 
BRRRBBRRBRBBRRBRBBBBBBBRBRRRRRBRBR
