44
0 79 51 98 54 14 47 100 61 45 44 74 51 58 62 4 100 44 68 22 14 55 77 15 26 75 46 55 25 54 100 49 58 55 14 23 58 30 25 100 22 50 88 59 
79 0 11 43 6 72 73 64 9 13 92 13 2 29 64 77 7 66 47 57 84 28 50 25 39 63 95 48 22 46 23 3 60 32 70 83 94 31 63 53 11 28 90 94 
51 11 0 9 92 46 27 51 14 43 18 90 39 92 43 67 74 88 68 23 69 13 86 0 47 32 56 19 95 88 16 9 78 94 14 88 22 81 99 68 21 2 51 91 
98 43 9 0 41 8 65 91 21 49 19 59 82 7 32 9 22 93 44 56 91 96 59 4 34 37 85 98 29 74 65 71 13 67 55 98 52 30 85 9 23 19 0 100 
54 6 92 41 0 56 43 24 26 35 26 16 35 30 14 95 36 11 93 43 81 5 16 86 26 59 86 14 24 0 6 47 81 31 29 65 50 67 24 2 20 28 82 9 
14 72 46 8 56 0 23 44 70 52 81 70 93 80 98 8 8 9 10 91 81 57 84 72 93 7 22 52 91 85 35 69 90 81 72 93 38 79 35 95 30 84 9 88 
47 73 27 65 43 23 0 3 16 34 51 50 5 68 2 95 55 98 76 100 36 1 61 70 68 33 79 25 83 86 96 19 19 10 88 52 36 45 41 75 72 4 19 36 
100 64 51 91 24 44 3 0 43 59 14 56 6 26 38 57 51 85 29 55 93 53 41 24 67 72 23 41 41 49 6 87 67 58 6 75 48 88 12 73 77 95 68 75 
61 9 14 21 26 70 16 43 0 73 59 68 53 60 26 59 66 50 56 66 82 52 51 91 2 43 3 16 37 40 72 81 20 29 12 55 99 50 91 13 21 52 78 77 
45 13 43 49 35 52 34 59 73 0 71 37 4 83 7 77 94 13 64 80 51 5 3 60 30 33 54 19 78 35 53 97 24 82 57 72 37 54 59 90 10 26 68 22 
44 92 18 19 26 81 51 14 59 71 0 80 31 96 48 7 61 55 51 65 17 46 100 76 87 97 80 18 6 90 78 46 73 48 55 27 77 74 25 73 46 2 0 40 
74 13 90 59 16 70 50 56 68 37 80 0 26 77 52 75 80 100 39 45 51 8 30 29 23 97 51 6 61 52 85 78 77 92 5 55 35 39 36 91 21 91 6 78 
51 2 39 82 35 93 5 6 53 4 31 26 0 29 79 15 79 62 64 84 47 17 71 20 55 38 29 37 60 34 50 37 61 79 9 45 2 68 0 21 25 82 35 11 
58 29 92 7 30 80 68 26 60 83 96 77 29 0 21 40 88 33 20 29 25 41 32 34 94 94 7 74 53 84 74 22 5 1 14 39 17 74 52 55 47 87 95 44 
62 64 43 32 14 98 2 38 26 7 48 52 79 21 0 99 0 77 1 17 55 20 58 74 82 99 64 38 57 44 24 48 97 60 20 73 11 18 49 64 22 20 30 66 
4 77 67 9 95 8 95 57 59 77 7 75 15 40 99 0 99 95 70 70 37 25 67 8 24 25 77 78 36 39 82 30 65 90 77 49 78 22 33 60 17 71 38 85 
100 7 74 22 36 8 55 51 66 94 61 80 79 88 0 99 0 0 71 3 8 77 99 99 5 79 99 0 73 42 80 76 52 98 5 0 51 42 75 39 75 90 71 24 
44 66 88 93 11 9 98 85 50 13 55 100 62 33 77 95 0 0 11 87 76 94 51 50 84 94 25 59 77 77 95 18 79 43 24 77 59 80 48 58 90 90 19 6 
68 47 68 44 93 10 76 29 56 64 51 39 64 20 1 70 71 11 0 45 73 87 75 19 22 80 48 7 63 14 33 34 76 99 71 80 74 54 29 44 49 22 16 48 
22 57 23 56 43 91 100 55 66 80 65 45 84 29 17 70 3 87 45 0 50 53 31 92 72 81 92 66 41 97 22 5 37 79 27 97 52 4 57 84 63 89 64 77 
14 84 69 91 81 81 36 93 82 51 17 51 47 25 55 37 8 76 73 50 0 63 1 44 61 97 27 100 49 79 6 22 41 36 18 11 33 38 39 14 30 10 93 81 
55 28 13 96 5 57 1 53 52 5 46 8 17 41 20 25 77 94 87 53 63 0 6 56 94 12 6 27 15 58 46 71 98 96 5 60 24 89 61 46 42 5 76 59 
77 50 86 59 16 84 61 41 51 3 100 30 71 32 58 67 99 51 75 31 1 6 0 52 82 71 7 36 96 73 88 91 86 32 9 2 15 56 83 60 87 14 7 29 
15 25 0 4 86 72 70 24 91 60 76 29 20 34 74 8 99 50 19 92 44 56 52 0 61 58 82 67 40 48 1 17 30 74 1 91 67 1 51 15 27 74 30 10 
26 39 47 34 26 93 68 67 2 30 87 23 55 94 82 24 5 84 22 72 61 94 82 61 0 12 27 36 13 29 48 67 11 11 58 34 46 33 97 84 45 94 11 47 
75 63 32 37 59 7 33 72 43 33 97 97 38 94 99 25 79 94 80 81 97 12 71 58 12 0 10 64 19 68 88 29 92 85 90 60 40 87 77 60 23 97 28 66 
46 95 56 85 86 22 79 23 3 54 80 51 29 7 64 77 99 25 48 92 27 6 7 82 27 10 0 16 15 90 69 63 57 55 80 25 78 99 68 93 4 23 0 19 
55 48 19 98 14 52 25 41 16 19 18 6 37 74 38 78 0 59 7 66 100 27 36 67 36 64 16 0 88 96 80 71 24 49 83 85 66 22 10 11 91 31 66 6 
25 22 95 29 24 91 83 41 37 78 6 61 60 53 57 36 73 77 63 41 49 15 96 40 13 19 15 88 0 39 38 80 49 43 18 74 65 74 23 83 5 78 79 7 
54 46 88 74 0 85 86 49 40 35 90 52 34 84 44 39 42 77 14 97 79 58 73 48 29 68 90 96 39 0 68 51 39 83 21 48 85 6 38 94 49 55 91 93 
100 23 16 65 6 35 96 6 72 53 78 85 50 74 24 82 80 95 33 22 6 46 88 1 48 88 69 80 38 68 0 26 98 19 96 59 5 47 27 97 23 40 49 5 
49 3 9 71 47 69 19 87 81 97 46 78 37 22 48 30 76 18 34 5 22 71 91 17 67 29 63 71 80 51 26 0 15 56 60 35 48 13 0 18 82 90 88 29 
58 60 78 13 81 90 19 67 20 24 73 77 61 5 97 65 52 79 76 37 41 98 86 30 11 92 57 24 49 39 98 15 0 61 97 48 25 70 80 21 41 44 43 4 
55 32 94 67 31 81 10 58 29 82 48 92 79 1 60 90 98 43 99 79 36 96 32 74 11 85 55 49 43 83 19 56 61 0 52 93 14 17 83 78 18 46 100 0 
14 70 14 55 29 72 88 6 12 57 55 5 9 14 20 77 5 24 71 27 18 5 9 1 58 90 80 83 18 21 96 60 97 52 0 6 32 91 93 20 59 52 10 95 
23 83 88 98 65 93 52 75 55 72 27 55 45 39 73 49 0 77 80 97 11 60 2 91 34 60 25 85 74 48 59 35 48 93 6 0 40 7 15 10 28 93 83 39 
58 94 22 52 50 38 36 48 99 37 77 35 2 17 11 78 51 59 74 52 33 24 15 67 46 40 78 66 65 85 5 48 25 14 32 40 0 12 71 4 36 92 80 11 
30 31 81 30 67 79 45 88 50 54 74 39 68 74 18 22 42 80 54 4 38 89 56 1 33 87 99 22 74 6 47 13 70 17 91 7 12 0 81 59 1 94 67 64 
25 63 99 85 24 35 41 12 91 59 25 36 0 52 49 33 75 48 29 57 39 61 83 51 97 77 68 10 23 38 27 0 80 83 93 15 71 81 0 74 2 83 88 85 
100 53 68 9 2 95 75 73 13 90 73 91 21 55 64 60 39 58 44 84 14 46 60 15 84 60 93 11 83 94 97 18 21 78 20 10 4 59 74 0 89 43 83 27 
22 11 21 23 20 30 72 77 21 10 46 21 25 47 22 17 75 90 49 63 30 42 87 27 45 23 4 91 5 49 23 82 41 18 59 28 36 1 2 89 0 17 62 41 
50 28 2 19 28 84 4 95 52 26 2 91 82 87 20 71 90 90 22 89 10 5 14 74 94 97 23 31 78 55 40 90 44 46 52 93 92 94 83 43 17 0 10 96 
88 90 51 0 82 9 19 68 78 68 0 6 35 95 30 38 71 19 16 64 93 76 7 30 11 28 0 66 79 91 49 88 43 100 10 83 80 67 88 83 62 10 0 38 
59 94 91 100 9 88 36 75 77 22 40 78 11 44 66 85 24 6 48 77 81 59 29 10 47 66 19 6 7 93 5 29 4 0 95 39 11 64 85 27 41 96 38 0 
BRRBRBRRBRBBBRRRBRBBRBBBRRBBBRRBBRRRBRRBRBRB
