50
0 77 45 52 86 87 13 13 56 39 12 60 96 61 73 16 42 23 81 57 51 63 97 31 48 5 52 90 81 4 16 32 41 33 24 47 75 14 54 84 29 28 44 37 79 49 24 86 5 14 
77 0 17 11 57 9 43 73 39 27 39 4 89 51 25 19 52 71 30 63 59 29 69 44 47 34 47 38 43 47 51 23 63 24 17 77 84 59 62 48 12 3 80 41 1 55 76 88 60 61 
45 17 0 0 47 50 30 15 52 52 42 75 51 42 32 38 79 8 18 31 8 61 43 39 50 19 80 94 99 61 89 41 19 29 19 73 6 34 41 6 12 61 91 27 100 42 33 32 32 84 
52 11 0 0 37 84 43 89 94 6 4 18 55 33 61 96 23 10 43 71 44 15 43 9 26 90 78 26 61 71 76 41 95 17 21 58 9 95 43 40 13 96 80 90 31 43 56 53 96 89 
86 57 47 37 0 38 53 71 44 47 22 41 43 47 29 99 52 9 57 20 9 32 52 64 73 89 60 5 31 99 49 43 74 25 99 48 3 71 9 86 82 79 39 48 70 24 20 60 65 35 
87 9 50 84 38 0 27 97 32 21 71 72 75 82 59 39 40 25 69 46 98 19 13 3 76 64 79 98 67 72 82 48 91 60 99 39 64 98 9 4 77 27 59 96 0 84 51 6 16 60 
13 43 30 43 53 27 0 30 21 1 14 85 92 75 80 61 10 41 13 92 49 41 50 48 45 61 27 98 99 78 77 32 8 70 19 15 0 2 0 72 34 96 29 8 29 88 32 45 89 49 
13 73 15 89 71 97 30 0 42 87 40 43 24 73 53 51 27 16 80 33 92 54 71 77 58 12 97 90 47 11 30 85 25 35 71 77 84 38 52 84 26 63 17 26 1 7 29 72 98 50 
56 39 52 94 44 32 21 42 0 87 71 21 19 58 55 33 85 84 8 89 26 52 85 92 27 39 58 32 46 14 92 80 77 40 32 30 52 48 24 92 47 94 49 91 18 36 50 94 90 14 
39 27 52 6 47 21 1 87 87 0 62 40 80 32 14 37 82 45 56 81 85 60 17 58 29 95 61 29 40 33 66 3 40 96 4 87 83 34 47 6 64 92 48 75 44 59 13 1 14 24 
12 39 42 4 22 71 14 40 71 62 0 72 29 57 6 100 14 27 91 71 86 22 49 49 16 18 83 96 90 60 90 58 9 28 29 60 82 72 38 94 83 26 22 26 12 60 62 0 93 26 
60 4 75 18 41 72 85 43 21 40 72 0 31 70 65 89 48 95 4 79 0 34 46 72 89 45 53 90 46 84 11 96 24 89 38 13 36 48 61 60 12 93 93 57 90 33 61 8 53 11 
96 89 51 55 43 75 92 24 19 80 29 31 0 0 76 29 83 2 66 85 85 54 70 59 47 71 26 89 38 97 95 72 17 40 76 41 82 53 81 51 53 41 57 23 27 98 26 70 58 99 
61 51 42 33 47 82 75 73 58 32 57 70 0 0 55 64 72 17 36 0 69 62 6 2 4 26 14 52 84 65 10 92 85 83 76 93 6 26 87 41 1 27 2 89 67 57 19 85 28 8 
73 25 32 61 29 59 80 53 55 14 6 65 76 55 0 95 37 45 62 8 45 32 63 69 98 4 81 66 15 40 79 8 52 3 39 48 67 20 73 89 58 76 17 58 2 36 44 75 25 68 
16 19 38 96 99 39 61 51 33 37 100 89 29 64 95 0 19 80 17 37 45 92 53 75 27 13 4 73 28 40 39 68 67 62 50 99 45 32 64 26 61 33 26 9 76 33 15 11 93 2 
42 52 79 23 52 40 10 27 85 82 14 48 83 72 37 19 0 14 40 3 62 32 39 96 35 53 11 37 37 83 89 68 98 37 29 81 74 98 0 18 88 72 25 28 66 60 7 19 52 11 
23 71 8 10 9 25 41 16 84 45 27 95 2 17 45 80 14 0 69 30 69 67 29 17 20 55 71 29 28 1 12 85 80 47 23 82 45 92 4 35 11 33 99 19 69 34 84 48 17 4 
81 30 18 43 57 69 13 80 8 56 91 4 66 36 62 17 40 69 0 73 16 62 21 27 67 98 27 11 93 65 31 5 99 81 64 58 42 5 4 45 60 29 23 30 68 31 96 20 12 26 
57 63 31 71 20 46 92 33 89 81 71 79 85 0 8 37 3 30 73 0 74 51 7 13 67 19 65 1 64 36 0 85 59 74 1 87 31 89 87 10 23 55 5 50 100 84 73 57 65 9 
51 59 8 44 9 98 49 92 26 85 86 0 85 69 45 45 62 69 16 74 0 46 9 79 97 0 21 59 34 54 56 13 3 67 48 68 99 97 85 3 16 75 54 72 35 8 13 16 14 22 
63 29 61 15 32 19 41 54 52 60 22 34 54 62 32 92 32 67 62 51 46 0 38 84 9 82 96 51 47 97 18 98 29 49 45 76 46 49 33 33 64 71 10 99 73 34 8 67 94 91 
97 69 43 43 52 13 50 71 85 17 49 46 70 6 63 53 39 29 21 7 9 38 0 42 38 40 26 70 84 42 33 93 64 38 66 99 91 33 19 20 6 85 7 56 90 78 18 95 0 2 
31 44 39 9 64 3 48 77 92 58 49 72 59 2 69 75 96 17 27 13 79 84 42 0 30 16 18 8 87 43 20 66 77 21 42 48 43 70 42 88 45 15 8 45 67 56 48 42 85 72 
48 47 50 26 73 76 45 58 27 29 16 89 47 4 98 27 35 20 67 67 97 9 38 30 0 26 2 46 95 59 58 45 99 83 55 58 28 95 98 98 11 37 60 95 4 30 7 5 46 44 
5 34 19 90 89 64 61 12 39 95 18 45 71 26 4 13 53 55 98 19 0 82 40 16 26 0 3 22 99 82 59 94 85 68 37 65 74 70 72 93 46 81 17 35 39 29 51 10 75 42 
52 47 80 78 60 79 27 97 58 61 83 53 26 14 81 4 11 71 27 65 21 96 26 18 2 3 0 0 8 9 38 21 76 13 64 67 55 88 3 93 11 54 67 45 84 33 24 47 51 92 
90 38 94 26 5 98 98 90 32 29 96 90 89 52 66 73 37 29 11 1 59 51 70 8 46 22 0 0 69 73 68 67 46 8 8 47 16 64 81 85 71 36 27 81 28 23 86 15 85 38 
81 43 99 61 31 67 99 47 46 40 90 46 38 84 15 28 37 28 93 64 34 47 84 87 95 99 8 69 0 71 34 70 77 38 96 66 64 46 16 41 44 77 78 50 87 50 18 35 77 21 
4 47 61 71 99 72 78 11 14 33 60 84 97 65 40 40 83 1 65 36 54 97 42 43 59 82 9 73 71 0 42 95 39 15 70 12 42 29 24 80 35 88 23 66 66 97 34 59 80 65 
16 51 89 76 49 82 77 30 92 66 90 11 95 10 79 39 89 12 31 0 56 18 33 20 58 59 38 68 34 42 0 34 50 45 37 55 41 69 79 73 76 91 14 100 5 55 62 2 85 66 
32 23 41 41 43 48 32 85 80 3 58 96 72 92 8 68 68 85 5 85 13 98 93 66 45 94 21 67 70 95 34 0 39 82 95 35 56 18 90 94 59 6 75 56 82 42 78 88 68 60 
41 63 19 95 74 91 8 25 77 40 9 24 17 85 52 67 98 80 99 59 3 29 64 77 99 85 76 46 77 39 50 39 0 74 29 12 89 23 99 27 2 77 76 59 36 20 79 1 86 90 
33 24 29 17 25 60 70 35 40 96 28 89 40 83 3 62 37 47 81 74 67 49 38 21 83 68 13 8 38 15 45 82 74 0 45 11 93 48 10 64 58 63 17 12 36 76 95 18 5 80 
24 17 19 21 99 99 19 71 32 4 29 38 76 76 39 50 29 23 64 1 48 45 66 42 55 37 64 8 96 70 37 95 29 45 0 100 14 96 28 53 78 88 84 12 11 52 44 54 100 88 
47 77 73 58 48 39 15 77 30 87 60 13 41 93 48 99 81 82 58 87 68 76 99 48 58 65 67 47 66 12 55 35 12 11 100 0 54 73 56 77 41 100 18 94 1 76 40 53 84 67 
75 84 6 9 3 64 0 84 52 83 82 36 82 6 67 45 74 45 42 31 99 46 91 43 28 74 55 16 64 42 41 56 89 93 14 54 0 8 65 73 64 70 12 38 60 31 6 37 71 8 
14 59 34 95 71 98 2 38 48 34 72 48 53 26 20 32 98 92 5 89 97 49 33 70 95 70 88 64 46 29 69 18 23 48 96 73 8 0 85 92 71 54 23 57 62 12 62 69 51 4 
54 62 41 43 9 9 0 52 24 47 38 61 81 87 73 64 0 4 4 87 85 33 19 42 98 72 3 81 16 24 79 90 99 10 28 56 65 85 0 37 3 11 33 56 81 65 27 24 9 75 
84 48 6 40 86 4 72 84 92 6 94 60 51 41 89 26 18 35 45 10 3 33 20 88 98 93 93 85 41 80 73 94 27 64 53 77 73 92 37 0 25 60 53 79 32 86 55 5 81 7 
29 12 12 13 82 77 34 26 47 64 83 12 53 1 58 61 88 11 60 23 16 64 6 45 11 46 11 71 44 35 76 59 2 58 78 41 64 71 3 25 0 92 2 43 70 73 11 100 34 59 
28 3 61 96 79 27 96 63 94 92 26 93 41 27 76 33 72 33 29 55 75 71 85 15 37 81 54 36 77 88 91 6 77 63 88 100 70 54 11 60 92 0 22 56 10 65 98 100 21 52 
44 80 91 80 39 59 29 17 49 48 22 93 57 2 17 26 25 99 23 5 54 10 7 8 60 17 67 27 78 23 14 75 76 17 84 18 12 23 33 53 2 22 0 69 79 9 57 82 27 64 
37 41 27 90 48 96 8 26 91 75 26 57 23 89 58 9 28 19 30 50 72 99 56 45 95 35 45 81 50 66 100 56 59 12 12 94 38 57 56 79 43 56 69 0 35 64 24 37 19 24 
79 1 100 31 70 0 29 1 18 44 12 90 27 67 2 76 66 69 68 100 35 73 90 67 4 39 84 28 87 66 5 82 36 36 11 1 60 62 81 32 70 10 79 35 0 69 50 1 27 90 
49 55 42 43 24 84 88 7 36 59 60 33 98 57 36 33 60 34 31 84 8 34 78 56 30 29 33 23 50 97 55 42 20 76 52 76 31 12 65 86 73 65 9 64 69 0 22 19 45 40 
24 76 33 56 20 51 32 29 50 13 62 61 26 19 44 15 7 84 96 73 13 8 18 48 7 51 24 86 18 34 62 78 79 95 44 40 6 62 27 55 11 98 57 24 50 22 0 93 52 5 
86 88 32 53 60 6 45 72 94 1 0 8 70 85 75 11 19 48 20 57 16 67 95 42 5 10 47 15 35 59 2 88 1 18 54 53 37 69 24 5 100 100 82 37 1 19 93 0 90 40 
5 60 32 96 65 16 89 98 90 14 93 53 58 28 25 93 52 17 12 65 14 94 0 85 46 75 51 85 77 80 85 68 86 5 100 84 71 51 9 81 34 21 27 19 27 45 52 90 0 27 
14 61 84 89 35 60 49 50 14 24 26 11 99 8 68 2 11 4 26 9 22 91 2 72 44 42 92 38 21 65 66 60 90 80 88 67 8 4 75 7 59 52 64 24 90 40 5 40 27 0 
RBBBBRRRRBBRRBBBBBRRBRBBBRRRRBBRBRRBRBBRBRRBBRRRBR
