46
0 44 3 28 38 21 31 2 39 23 73 47 58 82 21 59 56 61 46 15 83 55 27 81 0 81 26 34 92 32 56 54 3 70 37 75 6 7 77 59 25 71 54 51 44 17 
44 0 61 19 69 42 47 52 81 85 93 27 36 99 84 12 22 18 45 96 9 76 64 73 4 0 23 60 50 26 58 45 1 20 31 37 8 87 61 57 87 53 62 61 34 19 
3 61 0 6 23 0 80 20 85 5 11 27 48 1 74 55 92 39 4 53 14 85 52 96 78 88 56 19 79 31 0 99 12 26 93 85 11 26 49 64 65 88 13 57 1 20 
28 19 6 0 53 64 81 49 70 92 79 50 64 53 20 35 19 72 83 2 14 100 37 66 24 31 80 86 34 44 46 73 38 21 1 8 62 52 57 7 50 3 14 97 55 64 
38 69 23 53 0 76 90 91 92 56 93 99 81 22 66 46 65 43 32 77 37 85 55 73 48 73 69 89 77 4 44 53 66 97 19 97 23 13 11 82 85 31 46 34 65 20 
21 42 0 64 76 0 41 61 52 13 22 22 78 57 33 1 12 72 67 18 76 79 56 16 93 52 15 3 93 88 29 32 27 55 62 98 11 73 93 33 93 80 98 45 44 78 
31 47 80 81 90 41 0 22 13 86 99 79 20 16 12 86 20 100 50 29 30 82 38 35 19 6 71 56 82 62 75 78 94 65 52 47 44 63 35 57 47 58 77 85 49 23 
2 52 20 49 91 61 22 0 0 76 2 36 52 5 56 78 2 71 46 67 48 95 67 97 27 28 48 76 36 85 79 53 16 26 95 43 74 59 53 53 66 33 65 24 100 1 
39 81 85 70 92 52 13 0 0 13 34 40 77 1 56 79 7 17 7 35 10 15 9 5 46 85 56 10 99 6 8 75 16 55 27 5 7 0 47 22 81 1 22 47 0 11 
23 85 5 92 56 13 86 76 13 0 38 66 97 33 86 19 46 41 42 82 90 5 21 71 46 12 45 97 61 13 28 84 97 100 47 12 63 32 51 31 52 33 66 54 70 26 
73 93 11 79 93 22 99 2 34 38 0 89 64 60 64 50 66 44 22 81 29 9 68 60 2 97 36 85 68 71 1 30 22 50 51 69 53 69 19 66 45 46 21 74 16 14 
47 27 27 50 99 22 79 36 40 66 89 0 24 64 81 2 93 91 63 45 76 88 93 69 49 46 47 85 77 41 81 83 29 24 61 96 71 63 21 70 6 65 96 66 90 95 
58 36 48 64 81 78 20 52 77 97 64 24 0 23 41 52 82 6 94 27 50 47 67 37 80 38 31 43 65 84 56 82 63 27 48 15 60 10 50 47 12 0 77 38 95 9 
82 99 1 53 22 57 16 5 1 33 60 64 23 0 48 91 28 84 77 23 36 38 66 80 69 13 48 10 56 67 2 37 100 19 64 29 4 12 69 54 15 70 79 70 63 71 
21 84 74 20 66 33 12 56 56 86 64 81 41 48 0 7 63 76 36 49 68 97 80 32 23 77 94 82 18 60 66 87 30 56 78 22 95 35 9 8 55 32 25 18 43 1 
59 12 55 35 46 1 86 78 79 19 50 2 52 91 7 0 10 94 20 87 3 65 16 61 87 64 87 42 91 81 97 38 40 13 67 10 37 23 60 22 64 7 23 15 78 0 
56 22 92 19 65 12 20 2 7 46 66 93 82 28 63 10 0 90 20 49 63 51 74 33 69 55 71 77 12 89 62 55 46 77 45 14 16 14 11 6 31 86 17 38 97 5 
61 18 39 72 43 72 100 71 17 41 44 91 6 84 76 94 90 0 86 97 52 25 93 69 59 9 12 96 35 19 97 11 41 6 24 78 37 69 78 26 45 53 48 46 63 33 
46 45 4 83 32 67 50 46 7 42 22 63 94 77 36 20 20 86 0 60 7 57 95 22 43 40 91 28 1 13 8 44 22 41 78 76 35 51 94 78 40 81 24 33 87 84 
15 96 53 2 77 18 29 67 35 82 81 45 27 23 49 87 49 97 60 0 98 36 1 85 51 5 36 43 63 37 13 47 68 77 37 88 7 20 9 69 53 84 60 34 8 16 
83 9 14 14 37 76 30 48 10 90 29 76 50 36 68 3 63 52 7 98 0 88 19 55 74 40 89 24 51 18 84 26 10 44 74 11 30 1 90 74 81 15 100 79 86 45 
55 76 85 100 85 79 82 95 15 5 9 88 47 38 97 65 51 25 57 36 88 0 50 88 94 13 64 60 92 33 8 37 20 22 88 45 39 29 57 70 40 14 63 11 67 13 
27 64 52 37 55 56 38 67 9 21 68 93 67 66 80 16 74 93 95 1 19 50 0 38 92 7 6 69 29 16 57 74 46 78 20 22 76 82 96 100 54 13 54 22 70 43 
81 73 96 66 73 16 35 97 5 71 60 69 37 80 32 61 33 69 22 85 55 88 38 0 48 39 60 82 62 70 70 54 46 80 36 93 45 47 66 3 88 26 27 75 100 13 
0 4 78 24 48 93 19 27 46 46 2 49 80 69 23 87 69 59 43 51 74 94 92 48 0 36 24 25 65 95 11 99 81 15 57 29 25 89 69 14 48 23 77 38 53 12 
81 0 88 31 73 52 6 28 85 12 97 46 38 13 77 64 55 9 40 5 40 13 7 39 36 0 55 22 28 37 50 71 72 1 57 74 11 21 4 34 100 50 57 16 84 95 
26 23 56 80 69 15 71 48 56 45 36 47 31 48 94 87 71 12 91 36 89 64 6 60 24 55 0 86 0 43 20 78 56 88 31 70 3 4 44 53 58 0 91 18 52 62 
34 60 19 86 89 3 56 76 10 97 85 85 43 10 82 42 77 96 28 43 24 60 69 82 25 22 86 0 79 12 89 40 56 95 98 91 99 95 36 5 60 37 14 49 8 94 
92 50 79 34 77 93 82 36 99 61 68 77 65 56 18 91 12 35 1 63 51 92 29 62 65 28 0 79 0 71 95 26 32 7 77 22 96 52 59 64 58 53 82 12 28 15 
32 26 31 44 4 88 62 85 6 13 71 41 84 67 60 81 89 19 13 37 18 33 16 70 95 37 43 12 71 0 30 30 22 1 51 4 0 90 63 31 26 60 61 69 26 36 
56 58 0 46 44 29 75 79 8 28 1 81 56 2 66 97 62 97 8 13 84 8 57 70 11 50 20 89 95 30 0 91 20 26 22 9 1 12 31 36 69 81 22 95 34 1 
54 45 99 73 53 32 78 53 75 84 30 83 82 37 87 38 55 11 44 47 26 37 74 54 99 71 78 40 26 30 91 0 28 81 21 82 68 49 85 0 31 0 56 49 14 65 
3 1 12 38 66 27 94 16 16 97 22 29 63 100 30 40 46 41 22 68 10 20 46 46 81 72 56 56 32 22 20 28 0 71 79 25 25 90 21 40 72 72 82 94 52 80 
70 20 26 21 97 55 65 26 55 100 50 24 27 19 56 13 77 6 41 77 44 22 78 80 15 1 88 95 7 1 26 81 71 0 27 93 23 24 95 52 29 35 30 30 95 18 
37 31 93 1 19 62 52 95 27 47 51 61 48 64 78 67 45 24 78 37 74 88 20 36 57 57 31 98 77 51 22 21 79 27 0 68 4 93 77 15 90 59 25 88 89 18 
75 37 85 8 97 98 47 43 5 12 69 96 15 29 22 10 14 78 76 88 11 45 22 93 29 74 70 91 22 4 9 82 25 93 68 0 96 33 20 67 13 28 95 50 37 89 
6 8 11 62 23 11 44 74 7 63 53 71 60 4 95 37 16 37 35 7 30 39 76 45 25 11 3 99 96 0 1 68 25 23 4 96 0 50 34 16 23 89 92 2 40 3 
7 87 26 52 13 73 63 59 0 32 69 63 10 12 35 23 14 69 51 20 1 29 82 47 89 21 4 95 52 90 12 49 90 24 93 33 50 0 63 89 94 3 31 64 80 19 
77 61 49 57 11 93 35 53 47 51 19 21 50 69 9 60 11 78 94 9 90 57 96 66 69 4 44 36 59 63 31 85 21 95 77 20 34 63 0 59 15 95 5 36 91 41 
59 57 64 7 82 33 57 53 22 31 66 70 47 54 8 22 6 26 78 69 74 70 100 3 14 34 53 5 64 31 36 0 40 52 15 67 16 89 59 0 27 55 4 82 69 45 
25 87 65 50 85 93 47 66 81 52 45 6 12 15 55 64 31 45 40 53 81 40 54 88 48 100 58 60 58 26 69 31 72 29 90 13 23 94 15 27 0 90 60 12 16 64 
71 53 88 3 31 80 58 33 1 33 46 65 0 70 32 7 86 53 81 84 15 14 13 26 23 50 0 37 53 60 81 0 72 35 59 28 89 3 95 55 90 0 32 60 80 34 
54 62 13 14 46 98 77 65 22 66 21 96 77 79 25 23 17 48 24 60 100 63 54 27 77 57 91 14 82 61 22 56 82 30 25 95 92 31 5 4 60 32 0 38 15 46 
51 61 57 97 34 45 85 24 47 54 74 66 38 70 18 15 38 46 33 34 79 11 22 75 38 16 18 49 12 69 95 49 94 30 88 50 2 64 36 82 12 60 38 0 17 65 
44 34 1 55 65 44 49 100 0 70 16 90 95 63 43 78 97 63 87 8 86 67 70 100 53 84 52 8 28 26 34 14 52 95 89 37 40 80 91 69 16 80 15 17 0 42 
17 19 20 64 20 78 23 1 11 26 14 95 9 71 1 0 5 33 84 16 45 13 43 13 12 95 62 94 15 36 1 65 80 18 18 89 3 19 41 45 64 34 46 65 42 0 
RBBRRBBBBRBBBRBBRBBRRBBRRBRBRRRBRRRRBBBBBRRRRR
