46
0 100 2 14 0 76 17 31 97 79 79 25 9 88 15 83 27 86 76 13 56 13 59 0 48 16 28 24 79 77 36 74 26 87 85 90 51 80 42 39 37 2 92 20 5 23 
100 0 6 54 49 57 33 26 99 30 51 45 93 62 30 15 95 93 60 68 38 98 47 20 77 64 2 39 49 76 20 62 50 78 94 32 33 41 52 84 42 14 80 37 28 17 
2 6 0 63 3 15 22 27 27 87 17 44 37 1 11 6 34 99 63 19 47 23 57 86 71 92 95 92 75 21 92 39 53 9 26 98 1 43 76 43 11 70 98 40 91 37 
14 54 63 0 59 48 53 39 49 63 64 86 19 0 44 19 38 91 46 54 0 93 21 14 29 26 56 85 34 9 22 68 63 37 60 42 28 31 29 14 95 2 3 93 22 15 
0 49 3 59 0 68 24 30 100 72 14 68 92 20 85 99 93 13 77 79 0 51 22 25 63 84 78 52 4 83 85 32 59 22 12 67 36 99 71 42 85 11 56 16 52 18 
76 57 15 48 68 0 65 41 56 74 12 9 72 20 10 38 98 34 55 26 71 97 81 30 98 43 29 51 84 45 95 17 48 86 92 6 94 36 41 33 67 90 90 2 15 77 
17 33 22 53 24 65 0 74 39 99 68 89 74 73 67 67 11 73 63 88 98 15 38 77 60 17 1 87 95 93 36 27 81 87 17 79 72 23 78 63 9 35 100 48 34 48 
31 26 27 39 30 41 74 0 52 61 96 12 96 28 61 51 57 97 4 35 57 3 70 21 43 48 60 82 72 34 3 30 87 86 75 70 79 57 84 93 28 63 48 26 90 80 
97 99 27 49 100 56 39 52 0 67 68 8 15 45 86 46 56 53 21 16 8 21 43 39 24 41 2 37 77 68 52 55 61 38 22 45 8 71 28 43 74 24 89 71 70 17 
79 30 87 63 72 74 99 61 67 0 66 81 100 19 25 87 79 21 21 96 16 33 89 94 10 27 6 27 6 45 55 28 55 4 78 85 0 17 63 31 79 6 95 61 32 51 
79 51 17 64 14 12 68 96 68 66 0 22 27 14 100 85 23 24 47 86 27 24 58 18 49 14 8 27 96 90 52 10 52 6 91 72 1 41 66 89 55 72 64 76 49 18 
25 45 44 86 68 9 89 12 8 81 22 0 16 32 87 37 84 62 37 93 15 15 44 47 93 56 83 88 75 89 41 46 86 51 45 2 24 35 69 22 8 1 65 72 82 20 
9 93 37 19 92 72 74 96 15 100 27 16 0 31 58 15 32 93 70 96 54 6 15 3 66 58 50 23 44 5 83 46 33 62 33 23 70 4 27 69 34 21 74 85 42 23 
88 62 1 0 20 20 73 28 45 19 14 32 31 0 80 94 95 68 41 58 70 87 58 51 9 30 98 82 55 89 1 42 0 17 42 52 66 11 75 50 23 88 2 78 81 47 
15 30 11 44 85 10 67 61 86 25 100 87 58 80 0 45 14 7 66 65 22 99 77 45 56 42 36 65 47 15 29 92 31 93 75 100 82 49 98 98 29 9 46 44 87 47 
83 15 6 19 99 38 67 51 46 87 85 37 15 94 45 0 52 76 94 97 17 9 35 21 62 7 24 88 90 89 85 37 31 63 28 40 44 51 79 42 0 88 45 26 11 59 
27 95 34 38 93 98 11 57 56 79 23 84 32 95 14 52 0 44 40 70 94 16 39 49 7 80 71 89 43 0 64 86 56 86 88 78 70 76 63 64 57 71 15 36 40 19 
86 93 99 91 13 34 73 97 53 21 24 62 93 68 7 76 44 0 45 88 45 96 49 67 61 42 26 57 17 21 44 30 5 71 53 86 65 4 3 17 70 53 62 28 60 15 
76 60 63 46 77 55 63 4 21 21 47 37 70 41 66 94 40 45 0 74 40 44 81 20 7 93 34 2 3 21 19 99 22 84 1 26 25 57 59 25 52 86 69 34 32 60 
13 68 19 54 79 26 88 35 16 96 86 93 96 58 65 97 70 88 74 0 38 9 66 50 91 99 59 13 32 3 68 43 2 72 69 33 94 31 92 68 1 81 13 33 55 58 
56 38 47 0 0 71 98 57 8 16 27 15 54 70 22 17 94 45 40 38 0 13 75 17 73 10 21 14 40 73 84 48 31 67 74 98 98 24 57 19 36 15 92 89 78 55 
13 98 23 93 51 97 15 3 21 33 24 15 6 87 99 9 16 96 44 9 13 0 16 20 39 75 46 92 7 19 59 72 20 84 63 8 19 24 56 37 43 93 16 69 77 75 
59 47 57 21 22 81 38 70 43 89 58 44 15 58 77 35 39 49 81 66 75 16 0 43 57 28 68 67 52 69 81 91 40 27 29 6 58 65 93 67 92 35 22 67 8 83 
0 20 86 14 25 30 77 21 39 94 18 47 3 51 45 21 49 67 20 50 17 20 43 0 65 11 61 15 15 29 53 75 5 54 30 0 36 65 31 29 52 65 48 17 94 24 
48 77 71 29 63 98 60 43 24 10 49 93 66 9 56 62 7 61 7 91 73 39 57 65 0 28 10 39 37 94 8 100 13 67 99 3 96 67 77 11 94 66 4 97 47 38 
16 64 92 26 84 43 17 48 41 27 14 56 58 30 42 7 80 42 93 99 10 75 28 11 28 0 19 8 89 10 54 63 52 33 0 25 30 87 75 80 3 77 67 30 56 67 
28 2 95 56 78 29 1 60 2 6 8 83 50 98 36 24 71 26 34 59 21 46 68 61 10 19 0 87 5 24 19 85 17 66 47 84 40 58 18 16 19 46 34 44 30 74 
24 39 92 85 52 51 87 82 37 27 27 88 23 82 65 88 89 57 2 13 14 92 67 15 39 8 87 0 28 74 85 70 56 52 22 51 99 35 99 83 31 28 86 47 61 30 
79 49 75 34 4 84 95 72 77 6 96 75 44 55 47 90 43 17 3 32 40 7 52 15 37 89 5 28 0 3 83 41 17 40 12 51 92 19 16 85 91 14 31 71 21 5 
77 76 21 9 83 45 93 34 68 45 90 89 5 89 15 89 0 21 21 3 73 19 69 29 94 10 24 74 3 0 16 76 51 98 6 52 32 23 76 4 77 52 51 66 99 3 
36 20 92 22 85 95 36 3 52 55 52 41 83 1 29 85 64 44 19 68 84 59 81 53 8 54 19 85 83 16 0 75 66 82 80 56 99 63 61 53 64 80 16 46 32 56 
74 62 39 68 32 17 27 30 55 28 10 46 46 42 92 37 86 30 99 43 48 72 91 75 100 63 85 70 41 76 75 0 5 19 83 64 51 8 62 64 25 81 90 24 45 84 
26 50 53 63 59 48 81 87 61 55 52 86 33 0 31 31 56 5 22 2 31 20 40 5 13 52 17 56 17 51 66 5 0 71 20 49 63 2 45 25 74 16 87 70 84 71 
87 78 9 37 22 86 87 86 38 4 6 51 62 17 93 63 86 71 84 72 67 84 27 54 67 33 66 52 40 98 82 19 71 0 30 46 41 37 38 29 44 53 39 83 62 66 
85 94 26 60 12 92 17 75 22 78 91 45 33 42 75 28 88 53 1 69 74 63 29 30 99 0 47 22 12 6 80 83 20 30 0 62 85 39 35 49 47 56 4 13 67 83 
90 32 98 42 67 6 79 70 45 85 72 2 23 52 100 40 78 86 26 33 98 8 6 0 3 25 84 51 51 52 56 64 49 46 62 0 41 8 5 27 91 94 3 97 1 77 
51 33 1 28 36 94 72 79 8 0 1 24 70 66 82 44 70 65 25 94 98 19 58 36 96 30 40 99 92 32 99 51 63 41 85 41 0 100 52 57 62 1 42 63 18 23 
80 41 43 31 99 36 23 57 71 17 41 35 4 11 49 51 76 4 57 31 24 24 65 65 67 87 58 35 19 23 63 8 2 37 39 8 100 0 42 29 13 30 1 29 27 53 
42 52 76 29 71 41 78 84 28 63 66 69 27 75 98 79 63 3 59 92 57 56 93 31 77 75 18 99 16 76 61 62 45 38 35 5 52 42 0 89 63 55 48 15 95 91 
39 84 43 14 42 33 63 93 43 31 89 22 69 50 98 42 64 17 25 68 19 37 67 29 11 80 16 83 85 4 53 64 25 29 49 27 57 29 89 0 47 89 8 10 55 74 
37 42 11 95 85 67 9 28 74 79 55 8 34 23 29 0 57 70 52 1 36 43 92 52 94 3 19 31 91 77 64 25 74 44 47 91 62 13 63 47 0 65 69 94 77 54 
2 14 70 2 11 90 35 63 24 6 72 1 21 88 9 88 71 53 86 81 15 93 35 65 66 77 46 28 14 52 80 81 16 53 56 94 1 30 55 89 65 0 77 19 52 33 
92 80 98 3 56 90 100 48 89 95 64 65 74 2 46 45 15 62 69 13 92 16 22 48 4 67 34 86 31 51 16 90 87 39 4 3 42 1 48 8 69 77 0 77 35 13 
20 37 40 93 16 2 48 26 71 61 76 72 85 78 44 26 36 28 34 33 89 69 67 17 97 30 44 47 71 66 46 24 70 83 13 97 63 29 15 10 94 19 77 0 87 59 
5 28 91 22 52 15 34 90 70 32 49 82 42 81 87 11 40 60 32 55 78 77 8 94 47 56 30 61 21 99 32 45 84 62 67 1 18 27 95 55 77 52 35 87 0 8 
23 17 37 15 18 77 48 80 17 51 18 20 23 47 47 59 19 15 60 58 55 75 83 24 38 67 74 30 5 3 56 84 71 66 83 77 23 53 91 74 54 33 13 59 8 0 
RRBBRRBBBRRBBBRBRRRBBRBBBRRRBRRBBRBRBRRBBRRBBR
