44
0 1 43 87 37 41 21 37 14 10 87 100 54 31 68 31 32 77 6 4 12 0 18 55 32 72 80 30 59 38 93 49 6 38 16 27 32 36 49 39 35 14 81 18 
1 0 40 26 80 97 79 30 58 2 70 56 24 34 75 71 73 54 30 63 8 88 73 90 77 43 42 62 43 70 98 12 26 94 9 50 74 49 20 55 65 1 73 48 
43 40 0 77 13 72 46 78 10 7 45 89 3 1 21 89 0 63 68 94 11 26 63 59 17 85 100 0 39 8 46 51 71 71 92 79 3 72 94 55 99 69 99 89 
87 26 77 0 68 26 100 90 46 45 19 65 82 57 58 66 77 16 11 35 62 27 11 12 50 40 41 70 25 59 84 13 98 44 99 15 89 75 92 63 19 23 8 3 
37 80 13 68 0 43 87 23 53 68 99 86 40 67 23 75 85 5 88 7 50 36 40 48 62 20 16 68 77 65 2 11 29 39 52 31 24 21 20 0 8 30 62 2 
41 97 72 26 43 0 19 63 39 7 31 80 47 53 5 28 15 35 21 13 91 35 23 46 68 21 64 94 7 70 5 92 4 81 75 32 18 95 59 75 3 88 16 85 
21 79 46 100 87 19 0 11 36 98 97 47 90 1 99 3 41 35 86 42 97 55 35 51 54 82 77 19 91 32 92 87 98 63 40 79 32 39 31 57 94 48 37 36 
37 30 78 90 23 63 11 0 60 41 99 62 59 45 56 68 45 90 67 49 96 61 95 56 11 59 17 97 16 67 58 39 63 4 13 37 84 20 89 39 65 14 98 6 
14 58 10 46 53 39 36 60 0 81 14 93 14 5 30 21 42 53 92 19 29 54 27 23 72 64 5 63 38 53 65 43 20 19 89 15 87 100 92 34 6 0 97 22 
10 2 7 45 68 7 98 41 81 0 31 37 66 33 73 98 7 64 42 9 0 51 86 98 58 82 48 81 71 1 40 94 73 98 20 97 59 50 22 9 49 100 49 53 
87 70 45 19 99 31 97 99 14 31 0 55 74 23 42 48 29 89 84 46 26 61 74 48 66 71 93 87 80 12 61 63 26 24 26 71 84 24 52 16 27 34 1 57 
100 56 89 65 86 80 47 62 93 37 55 0 66 19 25 100 93 66 62 29 29 95 45 23 15 84 46 83 35 31 83 37 32 56 78 25 17 8 98 70 90 49 91 72 
54 24 3 82 40 47 90 59 14 66 74 66 0 6 16 57 67 12 43 91 68 14 27 88 8 56 86 53 89 6 53 82 41 45 19 15 91 24 77 97 16 21 46 83 
31 34 1 57 67 53 1 45 5 33 23 19 6 0 13 78 95 67 55 81 40 8 6 0 97 57 32 95 10 50 26 35 22 34 50 14 88 56 43 62 74 77 62 82 
68 75 21 58 23 5 99 56 30 73 42 25 16 13 0 29 80 7 57 57 86 28 21 43 66 3 17 61 21 90 43 90 96 55 5 81 36 1 82 89 99 49 13 92 
31 71 89 66 75 28 3 68 21 98 48 100 57 78 29 0 54 92 17 64 37 66 96 48 85 37 80 10 11 2 93 91 46 98 31 50 27 38 59 56 5 66 27 71 
32 73 0 77 85 15 41 45 42 7 29 93 67 95 80 54 0 80 22 47 32 9 13 9 37 39 58 25 56 74 36 54 69 31 68 83 81 35 75 73 7 9 16 84 
77 54 63 16 5 35 35 90 53 64 89 66 12 67 7 92 80 0 23 11 7 41 37 45 46 6 98 63 14 96 26 28 97 88 68 92 46 99 12 57 89 74 47 4 
6 30 68 11 88 21 86 67 92 42 84 62 43 55 57 17 22 23 0 47 82 31 63 7 65 44 68 65 28 56 85 69 34 29 17 38 36 12 7 8 71 0 50 64 
4 63 94 35 7 13 42 49 19 9 46 29 91 81 57 64 47 11 47 0 59 4 87 47 49 83 64 55 77 75 4 16 48 84 54 76 33 74 42 47 20 68 99 17 
12 8 11 62 50 91 97 96 29 0 26 29 68 40 86 37 32 7 82 59 0 67 86 78 99 49 5 47 72 90 34 28 88 52 73 46 38 62 67 43 88 61 3 99 
0 88 26 27 36 35 55 61 54 51 61 95 14 8 28 66 9 41 31 4 67 0 11 50 35 62 33 52 80 40 24 55 62 29 57 69 54 96 33 95 4 30 14 54 
18 73 63 11 40 23 35 95 27 86 74 45 27 6 21 96 13 37 63 87 86 11 0 48 27 58 58 28 16 24 17 76 26 89 87 94 92 55 75 17 39 21 19 64 
55 90 59 12 48 46 51 56 23 98 48 23 88 0 43 48 9 45 7 47 78 50 48 0 55 37 47 28 54 47 54 72 48 18 52 93 43 89 23 30 71 91 29 23 
32 77 17 50 62 68 54 11 72 58 66 15 8 97 66 85 37 46 65 49 99 35 27 55 0 4 44 5 51 14 96 52 81 65 76 56 19 25 47 38 76 8 33 56 
72 43 85 40 20 21 82 59 64 82 71 84 56 57 3 37 39 6 44 83 49 62 58 37 4 0 45 45 10 65 14 77 38 83 51 41 65 11 13 53 79 83 73 97 
80 42 100 41 16 64 77 17 5 48 93 46 86 32 17 80 58 98 68 64 5 33 58 47 44 45 0 22 53 5 100 39 77 28 85 10 57 70 26 73 99 53 60 57 
30 62 0 70 68 94 19 97 63 81 87 83 53 95 61 10 25 63 65 55 47 52 28 28 5 45 22 0 29 27 1 87 6 2 57 50 19 4 15 83 85 1 57 41 
59 43 39 25 77 7 91 16 38 71 80 35 89 10 21 11 56 14 28 77 72 80 16 54 51 10 53 29 0 31 35 72 95 54 56 31 39 81 77 68 93 82 15 32 
38 70 8 59 65 70 32 67 53 1 12 31 6 50 90 2 74 96 56 75 90 40 24 47 14 65 5 27 31 0 0 11 97 8 97 34 0 70 87 4 59 32 51 4 
93 98 46 84 2 5 92 58 65 40 61 83 53 26 43 93 36 26 85 4 34 24 17 54 96 14 100 1 35 0 0 61 76 35 15 28 38 3 49 76 86 14 100 14 
49 12 51 13 11 92 87 39 43 94 63 37 82 35 90 91 54 28 69 16 28 55 76 72 52 77 39 87 72 11 61 0 0 16 50 94 87 71 93 12 82 62 94 6 
6 26 71 98 29 4 98 63 20 73 26 32 41 22 96 46 69 97 34 48 88 62 26 48 81 38 77 6 95 97 76 0 0 5 58 84 85 38 47 89 72 59 38 67 
38 94 71 44 39 81 63 4 19 98 24 56 45 34 55 98 31 88 29 84 52 29 89 18 65 83 28 2 54 8 35 16 5 0 76 27 92 49 28 73 98 32 19 30 
16 9 92 99 52 75 40 13 89 20 26 78 19 50 5 31 68 68 17 54 73 57 87 52 76 51 85 57 56 97 15 50 58 76 0 58 53 88 28 60 0 53 44 91 
27 50 79 15 31 32 79 37 15 97 71 25 15 14 81 50 83 92 38 76 46 69 94 93 56 41 10 50 31 34 28 94 84 27 58 0 2 80 21 42 49 49 63 41 
32 74 3 89 24 18 32 84 87 59 84 17 91 88 36 27 81 46 36 33 38 54 92 43 19 65 57 19 39 0 38 87 85 92 53 2 0 60 72 6 87 7 63 70 
36 49 72 75 21 95 39 20 100 50 24 8 24 56 1 38 35 99 12 74 62 96 55 89 25 11 70 4 81 70 3 71 38 49 88 80 60 0 43 67 51 63 15 61 
49 20 94 92 20 59 31 89 92 22 52 98 77 43 82 59 75 12 7 42 67 33 75 23 47 13 26 15 77 87 49 93 47 28 28 21 72 43 0 69 91 63 99 93 
39 55 55 63 0 75 57 39 34 9 16 70 97 62 89 56 73 57 8 47 43 95 17 30 38 53 73 83 68 4 76 12 89 73 60 42 6 67 69 0 62 17 98 71 
35 65 99 19 8 3 94 65 6 49 27 90 16 74 99 5 7 89 71 20 88 4 39 71 76 79 99 85 93 59 86 82 72 98 0 49 87 51 91 62 0 47 0 74 
14 1 69 23 30 88 48 14 0 100 34 49 21 77 49 66 9 74 0 68 61 30 21 91 8 83 53 1 82 32 14 62 59 32 53 49 7 63 63 17 47 0 61 15 
81 73 99 8 62 16 37 98 97 49 1 91 46 62 13 27 16 47 50 99 3 14 19 29 33 73 60 57 15 51 100 94 38 19 44 63 63 15 99 98 0 61 0 14 
18 48 89 3 2 85 36 6 22 53 57 72 83 82 92 71 84 4 64 17 99 54 64 23 56 97 57 41 32 4 14 6 67 30 91 41 70 61 93 71 74 15 14 0 
RBBRBBRRBBRRRBBBRRRRRBBBBBRRBRRRRRBRBBRBBBRB
