50
0 79 41 68 100 53 27 7 68 38 53 65 86 46 86 70 84 74 72 0 45 9 46 48 81 12 86 70 82 99 3 18 49 56 5 91 89 57 63 25 13 97 81 11 80 33 38 13 68 85 
79 0 17 41 54 56 41 25 41 30 89 53 56 65 21 23 21 29 13 97 37 90 92 28 86 20 60 40 49 21 37 34 88 27 4 74 48 29 52 11 74 73 44 39 73 32 88 14 4 35 
41 17 0 9 70 76 56 15 40 84 0 58 68 64 26 51 82 77 41 80 80 47 62 33 24 96 84 55 67 11 32 31 53 68 23 67 67 91 47 66 95 21 55 63 67 81 44 47 42 47 
68 41 9 0 93 16 27 67 35 95 66 72 43 70 33 69 26 76 6 73 52 14 50 10 26 93 22 37 37 85 45 24 76 24 12 10 43 6 77 91 59 79 73 94 52 98 30 89 83 9 
100 54 70 93 0 13 100 32 89 81 2 80 82 78 78 67 100 7 15 15 94 65 52 43 37 72 30 56 48 97 24 44 59 95 53 6 73 3 38 77 43 3 6 27 98 61 2 47 57 100 
53 56 76 16 13 0 33 55 43 3 65 44 47 70 15 67 73 82 76 59 86 17 100 61 73 12 72 15 36 17 64 74 70 84 61 71 38 56 98 45 47 30 51 8 6 91 81 60 29 39 
27 41 56 27 100 33 0 83 6 1 78 51 28 88 3 89 28 82 58 29 24 24 63 50 13 89 81 30 29 13 16 88 95 10 92 22 1 6 23 80 74 14 75 77 38 17 18 56 34 87 
7 25 15 67 32 55 83 0 18 51 87 81 67 96 84 82 49 39 33 88 74 29 30 69 60 90 29 96 43 31 93 34 78 39 30 28 44 100 69 77 94 88 79 38 74 25 39 89 97 88 
68 41 40 35 89 43 6 18 0 10 93 80 61 76 92 96 8 91 62 69 56 90 33 62 54 44 25 30 38 86 72 67 23 47 0 36 65 9 25 87 47 27 66 24 9 93 87 55 33 32 
38 30 84 95 81 3 1 51 10 0 51 60 82 23 68 62 41 20 14 90 27 54 23 99 35 72 98 52 94 80 51 72 44 59 31 26 100 49 78 33 80 44 19 49 47 52 47 34 99 66 
53 89 0 66 2 65 78 87 93 51 0 36 57 68 93 32 4 52 80 80 32 28 36 9 30 60 26 22 27 69 37 14 90 24 61 55 20 54 75 21 93 78 90 96 14 1 91 99 10 97 
65 53 58 72 80 44 51 81 80 60 36 0 52 21 79 31 83 38 6 24 71 39 1 49 50 0 89 97 23 17 0 59 76 36 90 35 71 46 25 6 11 76 22 38 15 26 55 2 97 99 
86 56 68 43 82 47 28 67 61 82 57 52 0 18 67 2 12 23 9 21 13 45 8 43 49 30 12 94 31 82 73 42 13 78 23 11 57 4 88 29 2 73 14 67 72 77 62 91 95 58 
46 65 64 70 78 70 88 96 76 23 68 21 18 0 51 8 27 86 33 87 83 73 36 96 16 35 76 49 51 92 83 13 88 46 8 37 34 35 97 51 41 60 10 74 76 91 57 68 39 22 
86 21 26 33 78 15 3 84 92 68 93 79 67 51 0 8 95 44 37 5 50 80 61 1 23 14 85 31 12 87 34 37 99 18 59 32 75 20 84 89 15 46 12 4 35 62 36 14 17 41 
70 23 51 69 67 67 89 82 96 62 32 31 2 8 8 0 38 17 45 26 73 73 87 5 24 58 5 19 85 93 58 5 44 38 4 71 75 26 22 72 59 42 71 35 18 50 12 50 38 27 
84 21 82 26 100 73 28 49 8 41 4 83 12 27 95 38 0 44 22 65 89 82 36 64 99 52 90 51 66 18 79 23 3 80 78 4 84 37 81 36 28 86 27 94 91 93 31 65 89 68 
74 29 77 76 7 82 82 39 91 20 52 38 23 86 44 17 44 0 51 68 95 33 15 89 0 63 91 93 42 16 60 19 11 100 63 84 86 74 30 33 97 75 61 3 78 4 70 55 31 23 
72 13 41 6 15 76 58 33 62 14 80 6 9 33 37 45 22 51 0 71 72 10 97 55 3 10 31 84 65 97 79 97 93 39 26 87 99 13 100 39 32 39 14 88 58 87 16 99 6 69 
0 97 80 73 15 59 29 88 69 90 80 24 21 87 5 26 65 68 71 0 81 91 60 29 78 76 96 48 0 62 57 66 29 68 67 34 0 67 42 40 95 86 67 87 73 32 69 80 69 38 
45 37 80 52 94 86 24 74 56 27 32 71 13 83 50 73 89 95 72 81 0 46 82 52 73 57 36 15 65 83 64 74 31 37 41 14 20 46 72 40 18 27 98 36 11 43 17 12 6 23 
9 90 47 14 65 17 24 29 90 54 28 39 45 73 80 73 82 33 10 91 46 0 73 70 39 6 69 61 93 19 40 38 70 56 81 6 39 91 14 95 63 37 22 74 80 50 45 37 35 34 
46 92 62 50 52 100 63 30 33 23 36 1 8 36 61 87 36 15 97 60 82 73 0 46 49 7 48 88 9 74 77 16 68 39 73 67 68 54 16 88 44 27 31 97 29 84 47 77 34 58 
48 28 33 10 43 61 50 69 62 99 9 49 43 96 1 5 64 89 55 29 52 70 46 0 33 51 75 22 16 83 23 64 4 29 36 94 82 13 71 0 98 7 37 37 40 32 87 18 42 28 
81 86 24 26 37 73 13 60 54 35 30 50 49 16 23 24 99 0 3 78 73 39 49 33 0 30 58 24 21 54 47 5 40 51 31 64 92 45 3 67 26 65 35 15 95 15 31 56 9 0 
12 20 96 93 72 12 89 90 44 72 60 0 30 35 14 58 52 63 10 76 57 6 7 51 30 0 66 53 70 27 45 68 73 90 19 52 33 77 21 17 44 73 89 17 6 89 34 56 77 19 
86 60 84 22 30 72 81 29 25 98 26 89 12 76 85 5 90 91 31 96 36 69 48 75 58 66 0 47 80 54 78 27 48 30 25 4 58 33 44 80 64 47 88 39 78 78 77 72 91 43 
70 40 55 37 56 15 30 96 30 52 22 97 94 49 31 19 51 93 84 48 15 61 88 22 24 53 47 0 6 40 87 52 44 62 6 34 40 81 13 42 16 29 17 31 62 94 9 3 77 49 
82 49 67 37 48 36 29 43 38 94 27 23 31 51 12 85 66 42 65 0 65 93 9 16 21 70 80 6 0 55 52 91 56 16 49 0 41 32 34 40 81 98 80 28 40 57 72 37 99 42 
99 21 11 85 97 17 13 31 86 80 69 17 82 92 87 93 18 16 97 62 83 19 74 83 54 27 54 40 55 0 62 70 19 1 92 41 43 49 72 45 72 68 18 34 9 33 20 20 29 31 
3 37 32 45 24 64 16 93 72 51 37 0 73 83 34 58 79 60 79 57 64 40 77 23 47 45 78 87 52 62 0 92 88 13 16 10 67 49 10 94 31 62 30 35 45 43 83 43 51 60 
18 34 31 24 44 74 88 34 67 72 14 59 42 13 37 5 23 19 97 66 74 38 16 64 5 68 27 52 91 70 92 0 84 38 88 50 26 85 45 44 9 36 32 72 72 28 100 25 63 16 
49 88 53 76 59 70 95 78 23 44 90 76 13 88 99 44 3 11 93 29 31 70 68 4 40 73 48 44 56 19 88 84 0 68 29 99 85 76 72 99 38 43 82 64 31 100 53 93 59 19 
56 27 68 24 95 84 10 39 47 59 24 36 78 46 18 38 80 100 39 68 37 56 39 29 51 90 30 62 16 1 13 38 68 0 69 13 85 35 72 92 71 23 86 80 2 22 30 86 56 12 
5 4 23 12 53 61 92 30 0 31 61 90 23 8 59 4 78 63 26 67 41 81 73 36 31 19 25 6 49 92 16 88 29 69 0 49 0 23 91 24 7 67 51 86 13 21 89 82 91 61 
91 74 67 10 6 71 22 28 36 26 55 35 11 37 32 71 4 84 87 34 14 6 67 94 64 52 4 34 0 41 10 50 99 13 49 0 91 45 36 64 4 49 3 81 83 93 69 11 15 25 
89 48 67 43 73 38 1 44 65 100 20 71 57 34 75 75 84 86 99 0 20 39 68 82 92 33 58 40 41 43 67 26 85 85 0 91 0 48 42 25 85 14 90 8 81 5 52 82 90 7 
57 29 91 6 3 56 6 100 9 49 54 46 4 35 20 26 37 74 13 67 46 91 54 13 45 77 33 81 32 49 49 85 76 35 23 45 48 0 92 24 73 21 0 36 67 62 55 43 92 57 
63 52 47 77 38 98 23 69 25 78 75 25 88 97 84 22 81 30 100 42 72 14 16 71 3 21 44 13 34 72 10 45 72 72 91 36 42 92 0 31 48 65 43 6 7 1 78 80 13 70 
25 11 66 91 77 45 80 77 87 33 21 6 29 51 89 72 36 33 39 40 40 95 88 0 67 17 80 42 40 45 94 44 99 92 24 64 25 24 31 0 30 48 22 57 1 92 8 61 96 34 
13 74 95 59 43 47 74 94 47 80 93 11 2 41 15 59 28 97 32 95 18 63 44 98 26 44 64 16 81 72 31 9 38 71 7 4 85 73 48 30 0 20 25 61 98 58 67 65 91 74 
97 73 21 79 3 30 14 88 27 44 78 76 73 60 46 42 86 75 39 86 27 37 27 7 65 73 47 29 98 68 62 36 43 23 67 49 14 21 65 48 20 0 53 53 73 74 55 72 2 77 
81 44 55 73 6 51 75 79 66 19 90 22 14 10 12 71 27 61 14 67 98 22 31 37 35 89 88 17 80 18 30 32 82 86 51 3 90 0 43 22 25 53 0 20 67 100 32 30 15 84 
11 39 63 94 27 8 77 38 24 49 96 38 67 74 4 35 94 3 88 87 36 74 97 37 15 17 39 31 28 34 35 72 64 80 86 81 8 36 6 57 61 53 20 0 38 94 87 40 32 16 
80 73 67 52 98 6 38 74 9 47 14 15 72 76 35 18 91 78 58 73 11 80 29 40 95 6 78 62 40 9 45 72 31 2 13 83 81 67 7 1 98 73 67 38 0 14 15 37 33 29 
33 32 81 98 61 91 17 25 93 52 1 26 77 91 62 50 93 4 87 32 43 50 84 32 15 89 78 94 57 33 43 28 100 22 21 93 5 62 1 92 58 74 100 94 14 0 82 39 0 82 
38 88 44 30 2 81 18 39 87 47 91 55 62 57 36 12 31 70 16 69 17 45 47 87 31 34 77 9 72 20 83 100 53 30 89 69 52 55 78 8 67 55 32 87 15 82 0 97 76 76 
13 14 47 89 47 60 56 89 55 34 99 2 91 68 14 50 65 55 99 80 12 37 77 18 56 56 72 3 37 20 43 25 93 86 82 11 82 43 80 61 65 72 30 40 37 39 97 0 39 28 
68 4 42 83 57 29 34 97 33 99 10 97 95 39 17 38 89 31 6 69 6 35 34 42 9 77 91 77 99 29 51 63 59 56 91 15 90 92 13 96 91 2 15 32 33 0 76 39 0 82 
85 35 47 9 100 39 87 88 32 66 97 99 58 22 41 27 68 23 69 38 23 34 58 28 0 19 43 49 42 31 60 16 19 12 61 25 7 57 70 34 74 77 84 16 29 82 76 28 82 0 
RRBRRBRBRBRBRBBBBBBBBRBRBBBRBRBBBRRRBRBRRRBRRRRRBR
