36
0 76 70 91 68 15 22 38 32 12 36 10 61 33 81 69 100 69 30 56 7 44 76 83 44 18 2 47 72 21 56 1 7 59 100 53 
76 0 60 49 36 31 26 28 80 16 64 8 17 87 57 38 56 63 83 2 46 10 91 49 40 23 13 58 2 89 100 47 39 88 70 36 
70 60 0 23 95 17 65 64 24 35 99 43 56 5 59 91 4 14 13 32 78 61 34 52 20 26 86 73 10 93 72 80 89 20 16 52 
91 49 23 0 39 28 26 24 77 44 9 82 38 17 75 40 37 63 36 90 87 35 58 52 68 22 6 12 75 13 45 64 55 22 20 44 
68 36 95 39 0 10 97 27 1 66 1 88 21 17 69 1 90 63 90 83 70 43 48 26 11 45 91 41 33 37 29 79 17 12 46 55 
15 31 17 28 10 0 81 70 68 46 84 87 54 100 10 32 51 50 34 26 45 9 63 30 81 14 47 58 50 62 40 64 79 24 11 27 
22 26 65 26 97 81 0 33 99 94 65 8 23 9 78 65 31 53 48 14 87 100 96 40 32 56 79 17 17 1 26 58 27 8 54 67 
38 28 64 24 27 70 33 0 3 14 51 29 54 42 98 34 22 80 95 96 43 86 5 12 11 50 18 90 100 97 85 33 42 45 18 68 
32 80 24 77 1 68 99 3 0 68 22 61 98 1 44 81 36 5 95 61 59 24 80 58 11 51 28 7 48 59 54 44 20 95 80 13 
12 16 35 44 66 46 94 14 68 0 42 3 47 57 34 51 6 70 29 21 14 7 64 30 33 94 68 6 19 51 23 80 48 87 7 94 
36 64 99 9 1 84 65 51 22 42 0 76 3 84 2 59 53 57 76 98 39 32 38 59 88 93 77 9 74 33 55 45 60 13 4 70 
10 8 43 82 88 87 8 29 61 3 76 0 60 58 48 21 99 57 25 70 67 100 21 94 22 86 4 38 34 96 20 11 83 23 28 89 
61 17 56 38 21 54 23 54 98 47 3 60 0 34 46 83 47 60 8 8 74 86 72 55 87 98 92 63 64 71 59 73 63 78 89 75 
33 87 5 17 17 100 9 42 1 57 84 58 34 0 54 87 94 46 74 68 51 16 71 46 0 28 58 40 31 96 4 35 60 16 15 100 
81 57 59 75 69 10 78 98 44 34 2 48 46 54 0 18 24 86 1 7 94 3 99 85 93 48 49 1 19 8 89 15 23 12 34 8 
69 38 91 40 1 32 65 34 81 51 59 21 83 87 18 0 33 31 42 16 87 86 37 82 24 28 93 5 9 7 13 40 66 22 36 0 
100 56 4 37 90 51 31 22 36 6 53 99 47 94 24 33 0 37 66 3 74 37 84 14 27 55 59 14 95 68 43 94 15 34 39 75 
69 63 14 63 63 50 53 80 5 70 57 57 60 46 86 31 37 0 79 80 87 14 36 18 47 45 48 76 98 83 66 16 24 30 73 40 
30 83 13 36 90 34 48 95 95 29 76 25 8 74 1 42 66 79 0 29 46 23 15 17 74 55 75 63 94 66 51 53 56 74 73 80 
56 2 32 90 83 26 14 96 61 21 98 70 8 68 7 16 3 80 29 0 77 40 95 54 19 7 92 93 48 55 44 40 57 10 81 61 
7 46 78 87 70 45 87 43 59 14 39 67 74 51 94 87 74 87 46 77 0 98 5 88 41 50 14 61 58 59 27 57 54 57 32 86 
44 10 61 35 43 9 100 86 24 7 32 100 86 16 3 86 37 14 23 40 98 0 15 85 66 24 94 1 45 6 63 86 41 24 91 12 
76 91 34 58 48 63 96 5 80 64 38 21 72 71 99 37 84 36 15 95 5 15 0 76 0 54 23 64 91 56 67 40 46 56 46 29 
83 49 52 52 26 30 40 12 58 30 59 94 55 46 85 82 14 18 17 54 88 85 76 0 73 32 40 34 11 9 92 82 7 50 3 34 
44 40 20 68 11 81 32 11 11 33 88 22 87 0 93 24 27 47 74 19 41 66 0 73 0 72 96 6 49 59 63 28 12 88 76 12 
18 23 26 22 45 14 56 50 51 94 93 86 98 28 48 28 55 45 55 7 50 24 54 32 72 0 74 82 38 80 79 51 88 5 11 40 
2 13 86 6 91 47 79 18 28 68 77 4 92 58 49 93 59 48 75 92 14 94 23 40 96 74 0 29 87 1 91 13 57 65 78 45 
47 58 73 12 41 58 17 90 7 6 9 38 63 40 1 5 14 76 63 93 61 1 64 34 6 82 29 0 95 59 75 7 94 36 18 1 
72 2 10 75 33 50 17 100 48 19 74 34 64 31 19 9 95 98 94 48 58 45 91 11 49 38 87 95 0 8 65 39 74 76 18 59 
21 89 93 13 37 62 1 97 59 51 33 96 71 96 8 7 68 83 66 55 59 6 56 9 59 80 1 59 8 0 97 17 46 78 75 18 
56 100 72 45 29 40 26 85 54 23 55 20 59 4 89 13 43 66 51 44 27 63 67 92 63 79 91 75 65 97 0 9 63 80 51 62 
1 47 80 64 79 64 58 33 44 80 45 11 73 35 15 40 94 16 53 40 57 86 40 82 28 51 13 7 39 17 9 0 7 59 34 48 
7 39 89 55 17 79 27 42 20 48 60 83 63 60 23 66 15 24 56 57 54 41 46 7 12 88 57 94 74 46 63 7 0 26 34 18 
59 88 20 22 12 24 8 45 95 87 13 23 78 16 12 22 34 30 74 10 57 24 56 50 88 5 65 36 76 78 80 59 26 0 38 33 
100 70 16 20 46 11 54 18 80 7 4 28 89 15 34 36 39 73 73 81 32 91 46 3 76 11 78 18 18 75 51 34 34 38 0 0 
53 36 52 44 55 27 67 68 13 94 70 89 75 100 8 0 75 40 80 61 86 12 29 34 12 40 45 1 59 18 62 48 18 33 0 0 
RRBBRBBRBBRRBRRRRRRBBRBRBBBRRBBRBBBR
