38
0 52 26 96 6 93 50 32 27 72 58 34 87 64 79 96 81 25 58 27 66 69 61 24 42 57 76 92 19 99 78 53 58 14 85 5 83 36 
52 0 76 28 38 43 80 55 26 76 46 91 35 19 38 74 3 39 73 58 66 10 16 73 50 3 59 35 26 24 79 37 94 76 16 30 43 20 
26 76 0 38 94 44 35 61 52 77 2 88 36 33 75 38 93 55 68 31 42 35 56 98 45 55 63 99 16 30 83 58 26 40 15 8 66 68 
96 28 38 0 80 70 16 87 93 6 66 30 17 91 76 58 79 39 40 27 33 62 58 32 12 92 41 72 38 26 32 56 28 6 53 23 29 10 
6 38 94 80 0 99 26 73 30 78 43 48 71 15 51 44 66 59 2 96 83 93 53 56 39 12 48 91 71 73 35 70 18 89 7 47 71 16 
93 43 44 70 99 0 30 91 77 5 28 78 69 6 17 35 89 99 9 44 94 54 18 54 99 83 99 14 98 93 33 26 21 17 95 45 38 17 
50 80 35 16 26 30 0 48 7 66 36 66 81 36 52 43 63 72 35 86 30 22 68 45 75 51 17 71 91 21 27 6 4 23 42 23 17 51 
32 55 61 87 73 91 48 0 71 35 79 29 16 60 8 59 26 8 34 18 34 15 45 94 23 32 54 51 32 6 28 95 35 25 87 61 10 51 
27 26 52 93 30 77 7 71 0 33 22 15 25 21 100 7 0 84 11 47 66 68 35 49 63 4 97 28 59 36 63 5 17 64 63 53 13 59 
72 76 77 6 78 5 66 35 33 0 16 23 41 16 73 58 35 8 1 68 3 42 63 80 46 29 67 59 55 20 31 93 60 59 12 6 41 39 
58 46 2 66 43 28 36 79 22 16 0 67 55 8 45 19 42 87 73 23 81 96 56 52 49 76 36 20 74 16 56 45 30 69 91 9 21 58 
34 91 88 30 48 78 66 29 15 23 67 0 22 65 39 36 65 74 75 58 49 73 89 47 83 42 4 84 4 83 40 0 91 92 83 51 11 61 
87 35 36 17 71 69 81 16 25 41 55 22 0 30 58 40 73 58 46 55 49 3 83 70 85 97 84 74 46 47 39 35 36 88 27 3 10 3 
64 19 33 91 15 6 36 60 21 16 8 65 30 0 56 27 60 27 52 69 41 35 83 92 32 72 81 33 63 71 78 82 20 46 91 98 38 35 
79 38 75 76 51 17 52 8 100 73 45 39 58 56 0 13 74 94 42 37 89 47 81 7 66 83 32 92 92 50 14 50 14 41 86 0 70 20 
96 74 38 58 44 35 43 59 7 58 19 36 40 27 13 0 75 20 27 74 59 5 29 93 79 52 90 93 3 95 50 0 77 84 54 76 2 0 
81 3 93 79 66 89 63 26 0 35 42 65 73 60 74 75 0 22 38 68 34 68 68 5 49 34 69 58 29 93 1 1 4 60 68 39 9 19 
25 39 55 39 59 99 72 8 84 8 87 74 58 27 94 20 22 0 69 99 90 60 1 62 77 86 81 86 51 9 46 16 57 42 25 85 0 48 
58 73 68 40 2 9 35 34 11 1 73 75 46 52 42 27 38 69 0 33 30 97 7 45 53 80 36 13 1 6 10 73 81 93 53 51 6 90 
27 58 31 27 96 44 86 18 47 68 23 58 55 69 37 74 68 99 33 0 49 33 76 75 48 74 25 93 86 44 23 87 64 64 50 50 34 39 
66 66 42 33 83 94 30 34 66 3 81 49 49 41 89 59 34 90 30 49 0 40 16 96 39 77 49 3 54 66 5 86 21 27 83 82 7 74 
69 10 35 62 93 54 22 15 68 42 96 73 3 35 47 5 68 60 97 33 40 0 34 82 63 55 3 51 71 8 99 95 87 48 10 11 78 76 
61 16 56 58 53 18 68 45 35 63 56 89 83 83 81 29 68 1 7 76 16 34 0 20 97 88 82 92 53 97 83 34 10 57 80 29 97 8 
24 73 98 32 56 54 45 94 49 80 52 47 70 92 7 93 5 62 45 75 96 82 20 0 32 63 92 8 49 89 89 47 60 96 56 21 2 48 
42 50 45 12 39 99 75 23 63 46 49 83 85 32 66 79 49 77 53 48 39 63 97 32 0 67 72 82 48 2 13 82 2 44 86 1 92 70 
57 3 55 92 12 83 51 32 4 29 76 42 97 72 83 52 34 86 80 74 77 55 88 63 67 0 48 42 3 44 63 22 85 47 62 24 77 87 
76 59 63 41 48 99 17 54 97 67 36 4 84 81 32 90 69 81 36 25 49 3 82 92 72 48 0 93 65 64 76 64 79 82 28 72 79 15 
92 35 99 72 91 14 71 51 28 59 20 84 74 33 92 93 58 86 13 93 3 51 92 8 82 42 93 0 60 50 17 7 6 52 87 56 49 66 
19 26 16 38 71 98 91 32 59 55 74 4 46 63 92 3 29 51 1 86 54 71 53 49 48 3 65 60 0 32 100 4 42 22 13 5 28 24 
99 24 30 26 73 93 21 6 36 20 16 83 47 71 50 95 93 9 6 44 66 8 97 89 2 44 64 50 32 0 98 74 27 71 84 35 12 47 
78 79 83 32 35 33 27 28 63 31 56 40 39 78 14 50 1 46 10 23 5 99 83 89 13 63 76 17 100 98 0 8 94 79 99 53 43 57 
53 37 58 56 70 26 6 95 5 93 45 0 35 82 50 0 1 16 73 87 86 95 34 47 82 22 64 7 4 74 8 0 90 63 10 47 38 26 
58 94 26 28 18 21 4 35 17 60 30 91 36 20 14 77 4 57 81 64 21 87 10 60 2 85 79 6 42 27 94 90 0 45 47 13 6 88 
14 76 40 6 89 17 23 25 64 59 69 92 88 46 41 84 60 42 93 64 27 48 57 96 44 47 82 52 22 71 79 63 45 0 52 41 56 32 
85 16 15 53 7 95 42 87 63 12 91 83 27 91 86 54 68 25 53 50 83 10 80 56 86 62 28 87 13 84 99 10 47 52 0 91 57 13 
5 30 8 23 47 45 23 61 53 6 9 51 3 98 0 76 39 85 51 50 82 11 29 21 1 24 72 56 5 35 53 47 13 41 91 0 34 33 
83 43 66 29 71 38 17 10 13 41 21 11 10 38 70 2 9 0 6 34 7 78 97 2 92 77 79 49 28 12 43 38 6 56 57 34 0 13 
36 20 68 10 16 17 51 51 59 39 58 61 3 35 20 0 19 48 90 39 74 76 8 48 70 87 15 66 24 47 57 26 88 32 13 33 13 0 
RRRBBRBBRBBRRRBRBBBBBRRBRRRBRRBBRRBRBB
