46
0 35 90 92 32 14 62 38 24 17 9 70 93 11 18 59 75 86 87 37 93 68 63 53 81 2 33 83 54 73 35 32 68 11 91 1 38 97 77 59 13 66 93 59 40 11 
35 0 53 18 65 26 57 3 15 80 85 61 66 51 100 11 65 62 19 7 39 86 84 45 78 58 52 46 15 9 14 74 14 21 34 36 52 81 71 33 87 94 77 47 65 75 
90 53 0 5 88 31 56 78 97 4 95 56 17 74 77 24 38 4 54 63 35 41 98 90 57 93 52 64 24 15 35 14 66 32 53 42 93 78 19 74 31 41 37 16 82 12 
92 18 5 0 7 25 35 2 10 99 8 49 27 55 45 22 95 34 71 66 79 39 52 78 9 36 21 69 92 40 54 89 74 51 98 3 27 34 32 70 55 2 28 45 45 33 
32 65 88 7 0 69 100 61 38 86 83 16 5 43 10 6 21 83 28 31 48 52 73 45 65 85 5 63 73 75 20 84 67 83 78 95 5 40 26 55 91 90 40 70 58 42 
14 26 31 25 69 0 48 88 60 42 38 23 94 21 78 25 33 87 47 9 76 71 36 48 98 3 88 100 13 87 20 28 24 36 47 58 58 71 78 88 17 35 38 11 84 34 
62 57 56 35 100 48 0 95 5 60 95 74 81 29 59 88 19 44 99 20 37 24 92 61 46 23 71 4 2 57 6 37 27 29 19 39 50 50 75 3 32 29 81 17 100 43 
38 3 78 2 61 88 95 0 8 59 76 21 57 1 0 83 6 53 54 71 16 85 58 20 72 61 66 95 45 78 18 73 17 47 42 40 14 61 30 33 44 5 93 85 54 14 
24 15 97 10 38 60 5 8 0 60 38 16 45 91 54 6 2 86 89 88 30 34 26 78 64 82 7 48 47 58 3 96 33 92 9 89 79 43 10 83 75 68 17 68 59 43 
17 80 4 99 86 42 60 59 60 0 5 89 13 80 35 40 83 40 36 49 15 46 4 76 52 42 39 77 65 37 23 97 32 76 75 65 23 76 96 24 15 74 81 53 4 48 
9 85 95 8 83 38 95 76 38 5 0 89 25 68 38 52 83 41 47 51 27 63 2 65 61 63 31 63 99 99 1 34 66 79 61 64 49 93 84 33 75 75 12 68 36 10 
70 61 56 49 16 23 74 21 16 89 89 0 76 94 5 67 23 7 62 32 23 9 30 20 2 25 3 29 35 85 52 14 5 19 52 84 84 88 37 64 78 59 12 82 46 100 
93 66 17 27 5 94 81 57 45 13 25 76 0 90 59 25 7 55 71 43 48 20 77 19 47 59 18 55 84 100 31 63 26 1 78 20 72 100 22 13 55 69 13 78 91 74 
11 51 74 55 43 21 29 1 91 80 68 94 90 0 54 19 37 67 51 39 56 56 63 34 6 96 90 97 25 84 83 84 52 97 4 36 49 54 21 44 9 34 99 25 64 4 
18 100 77 45 10 78 59 0 54 35 38 5 59 54 0 95 11 84 55 92 52 77 78 70 16 11 84 89 63 56 74 31 92 52 68 93 40 51 13 45 47 90 21 9 37 82 
59 11 24 22 6 25 88 83 6 40 52 67 25 19 95 0 96 60 100 72 56 48 38 79 29 81 90 62 37 31 72 61 24 12 35 9 4 12 92 82 84 88 97 79 92 63 
75 65 38 95 21 33 19 6 2 83 83 23 7 37 11 96 0 32 92 74 95 94 44 54 71 37 90 1 46 73 28 61 39 41 91 5 80 97 73 38 94 98 80 27 85 4 
86 62 4 34 83 87 44 53 86 40 41 7 55 67 84 60 32 0 8 15 38 47 84 43 0 100 99 41 25 91 94 0 84 63 43 69 74 40 59 42 76 37 47 69 67 4 
87 19 54 71 28 47 99 54 89 36 47 62 71 51 55 100 92 8 0 28 22 70 25 42 78 44 36 17 10 94 72 50 6 33 63 61 92 45 2 86 15 81 80 56 61 57 
37 7 63 66 31 9 20 71 88 49 51 32 43 39 92 72 74 15 28 0 47 92 7 2 91 32 57 67 13 26 71 21 40 54 18 66 34 57 81 42 34 28 61 89 25 4 
93 39 35 79 48 76 37 16 30 15 27 23 48 56 52 56 95 38 22 47 0 61 27 35 91 19 67 18 66 63 90 37 94 56 45 78 6 76 1 0 99 63 18 99 65 64 
68 86 41 39 52 71 24 85 34 46 63 9 20 56 77 48 94 47 70 92 61 0 97 92 5 90 71 39 18 50 48 29 100 47 41 11 1 27 81 30 22 24 69 98 12 46 
63 84 98 52 73 36 92 58 26 4 2 30 77 63 78 38 44 84 25 7 27 97 0 42 11 3 99 53 96 85 20 80 51 62 69 59 14 71 66 32 24 98 93 22 4 15 
53 45 90 78 45 48 61 20 78 76 65 20 19 34 70 79 54 43 42 2 35 92 42 0 25 66 67 74 0 65 66 81 31 47 47 58 61 51 62 0 10 12 4 15 60 77 
81 78 57 9 65 98 46 72 64 52 61 2 47 6 16 29 71 0 78 91 91 5 11 25 0 100 37 56 56 89 42 19 81 17 92 60 85 22 24 8 90 61 27 11 11 47 
2 58 93 36 85 3 23 61 82 42 63 25 59 96 11 81 37 100 44 32 19 90 3 66 100 0 0 44 40 74 28 40 83 2 47 53 86 80 39 71 12 22 45 60 0 61 
33 52 52 21 5 88 71 66 7 39 31 3 18 90 84 90 90 99 36 57 67 71 99 67 37 0 0 76 2 5 85 11 77 70 21 52 97 14 52 78 37 77 1 31 45 36 
83 46 64 69 63 100 4 95 48 77 63 29 55 97 89 62 1 41 17 67 18 39 53 74 56 44 76 0 99 39 21 99 14 34 0 59 18 58 68 71 85 9 91 12 5 12 
54 15 24 92 73 13 2 45 47 65 99 35 84 25 63 37 46 25 10 13 66 18 96 0 56 40 2 99 0 22 91 14 21 73 6 80 50 92 14 25 23 19 18 70 28 45 
73 9 15 40 75 87 57 78 58 37 99 85 100 84 56 31 73 91 94 26 63 50 85 65 89 74 5 39 22 0 17 9 59 26 28 77 24 88 94 83 15 28 95 18 82 51 
35 14 35 54 20 20 6 18 3 23 1 52 31 83 74 72 28 94 72 71 90 48 20 66 42 28 85 21 91 17 0 75 29 88 23 54 0 10 2 25 31 0 48 38 3 59 
32 74 14 89 84 28 37 73 96 97 34 14 63 84 31 61 61 0 50 21 37 29 80 81 19 40 11 99 14 9 75 0 88 36 70 76 30 9 23 41 91 85 80 100 95 29 
68 14 66 74 67 24 27 17 33 32 66 5 26 52 92 24 39 84 6 40 94 100 51 31 81 83 77 14 21 59 29 88 0 39 54 37 98 33 67 63 97 17 21 83 57 89 
11 21 32 51 83 36 29 47 92 76 79 19 1 97 52 12 41 63 33 54 56 47 62 47 17 2 70 34 73 26 88 36 39 0 46 27 37 36 69 41 74 76 40 39 29 34 
91 34 53 98 78 47 19 42 9 75 61 52 78 4 68 35 91 43 63 18 45 41 69 47 92 47 21 0 6 28 23 70 54 46 0 98 28 92 39 89 65 23 90 25 96 48 
1 36 42 3 95 58 39 40 89 65 64 84 20 36 93 9 5 69 61 66 78 11 59 58 60 53 52 59 80 77 54 76 37 27 98 0 92 50 67 15 68 88 20 80 31 65 
38 52 93 27 5 58 50 14 79 23 49 84 72 49 40 4 80 74 92 34 6 1 14 61 85 86 97 18 50 24 0 30 98 37 28 92 0 28 78 99 62 72 45 31 42 58 
97 81 78 34 40 71 50 61 43 76 93 88 100 54 51 12 97 40 45 57 76 27 71 51 22 80 14 58 92 88 10 9 33 36 92 50 28 0 91 89 9 21 24 0 68 97 
77 71 19 32 26 78 75 30 10 96 84 37 22 21 13 92 73 59 2 81 1 81 66 62 24 39 52 68 14 94 2 23 67 69 39 67 78 91 0 25 12 51 86 53 36 11 
59 33 74 70 55 88 3 33 83 24 33 64 13 44 45 82 38 42 86 42 0 30 32 0 8 71 78 71 25 83 25 41 63 41 89 15 99 89 25 0 72 0 76 51 5 62 
13 87 31 55 91 17 32 44 75 15 75 78 55 9 47 84 94 76 15 34 99 22 24 10 90 12 37 85 23 15 31 91 97 74 65 68 62 9 12 72 0 55 88 93 67 34 
66 94 41 2 90 35 29 5 68 74 75 59 69 34 90 88 98 37 81 28 63 24 98 12 61 22 77 9 19 28 0 85 17 76 23 88 72 21 51 0 55 0 24 20 9 87 
93 77 37 28 40 38 81 93 17 81 12 12 13 99 21 97 80 47 80 61 18 69 93 4 27 45 1 91 18 95 48 80 21 40 90 20 45 24 86 76 88 24 0 94 20 19 
59 47 16 45 70 11 17 85 68 53 68 82 78 25 9 79 27 69 56 89 99 98 22 15 11 60 31 12 70 18 38 100 83 39 25 80 31 0 53 51 93 20 94 0 64 95 
40 65 82 45 58 84 100 54 59 4 36 46 91 64 37 92 85 67 61 25 65 12 4 60 11 0 45 5 28 82 3 95 57 29 96 31 42 68 36 5 67 9 20 64 0 10 
11 75 12 33 42 34 43 14 43 48 10 100 74 4 82 63 4 4 57 4 64 46 15 77 47 61 36 12 45 51 59 29 89 34 48 65 58 97 11 62 34 87 19 95 10 0 
RRRRBBRBRRBBBBBBBBBBBBRRRRRBRBBRBBRBRRRRBRBRRR
