26
0 30 82 98 88 48 66 82 91 41 40 0 70 10 40 96 62 49 59 64 24 85 89 38 49 2 
30 0 43 97 96 64 17 89 47 34 58 0 23 5 81 31 76 12 44 61 91 13 100 16 17 22 
82 43 0 91 79 61 3 68 0 44 100 94 15 96 44 81 3 60 0 88 45 91 31 61 40 25 
98 97 91 0 62 39 91 0 15 57 90 62 21 19 33 33 69 6 89 91 92 56 0 7 29 88 
88 96 79 62 0 86 18 53 18 23 92 91 55 71 97 76 26 80 26 46 1 24 49 1 66 97 
48 64 61 39 86 0 12 95 28 1 10 56 20 82 62 45 79 85 44 69 6 46 87 9 50 15 
66 17 3 91 18 12 0 35 14 25 21 51 26 46 83 5 67 19 84 60 100 13 92 60 69 16 
82 89 68 0 53 95 35 0 31 82 67 16 91 4 98 52 47 3 58 16 49 69 57 19 39 78 
91 47 0 15 18 28 14 31 0 64 6 43 76 61 89 21 41 66 15 78 50 82 21 48 66 57 
41 34 44 57 23 1 25 82 64 0 61 69 59 29 21 69 13 87 29 29 50 0 70 42 18 38 
40 58 100 90 92 10 21 67 6 61 0 10 39 88 73 97 25 44 19 100 49 24 99 6 37 50 
0 0 94 62 91 56 51 16 43 69 10 0 8 72 26 36 81 34 49 78 24 30 1 13 64 21 
70 23 15 21 55 20 26 91 76 59 39 8 0 46 17 53 23 46 32 43 60 24 40 91 78 13 
10 5 96 19 71 82 46 4 61 29 88 72 46 0 29 76 87 79 41 41 32 48 59 26 43 91 
40 81 44 33 97 62 83 98 89 21 73 26 17 29 0 19 67 76 34 58 27 47 98 21 5 9 
96 31 81 33 76 45 5 52 21 69 97 36 53 76 19 0 46 87 23 100 5 36 26 94 9 54 
62 76 3 69 26 79 67 47 41 13 25 81 23 87 67 46 0 76 48 36 54 5 37 64 8 16 
49 12 60 6 80 85 19 3 66 87 44 34 46 79 76 87 76 0 35 89 10 34 71 81 77 92 
59 44 0 89 26 44 84 58 15 29 19 49 32 41 34 23 48 35 0 34 0 15 80 39 11 43 
64 61 88 91 46 69 60 16 78 29 100 78 43 41 58 100 36 89 34 0 18 34 82 17 91 47 
24 91 45 92 1 6 100 49 50 50 49 24 60 32 27 5 54 10 0 18 0 42 98 53 10 62 
85 13 91 56 24 46 13 69 82 0 24 30 24 48 47 36 5 34 15 34 42 0 8 76 71 9 
89 100 31 0 49 87 92 57 21 70 99 1 40 59 98 26 37 71 80 82 98 8 0 17 90 59 
38 16 61 7 1 9 60 19 48 42 6 13 91 26 21 94 64 81 39 17 53 76 17 0 1 66 
49 17 40 29 66 50 69 39 66 18 37 64 78 43 5 9 8 77 11 91 10 71 90 1 0 56 
2 22 25 88 97 15 16 78 57 38 50 21 13 91 9 54 16 92 43 47 62 9 59 66 56 0 
RRRBBBBBRRBRBBBRRBRBRBBRRR
