50
0 3 59 91 84 22 2 41 39 62 63 44 45 76 99 40 19 9 40 7 18 24 25 85 63 49 41 86 27 92 80 71 61 96 52 37 17 34 49 86 69 91 1 58 33 52 26 48 0 63 
3 0 26 44 68 62 99 73 21 67 34 51 78 27 96 84 20 10 39 2 40 97 40 29 92 77 50 12 27 57 45 6 54 57 9 19 58 86 85 50 73 79 32 22 89 96 25 80 9 86 
59 26 0 5 4 87 13 71 0 8 56 89 2 14 75 99 25 10 51 85 71 65 14 69 43 87 34 74 1 20 33 32 37 27 44 99 95 11 99 18 60 62 99 30 67 95 2 97 64 54 
91 44 5 0 0 64 6 98 68 73 32 26 30 47 67 2 60 57 1 35 79 48 35 9 89 71 3 49 14 92 22 59 84 67 1 67 94 82 30 18 71 73 9 53 57 64 63 39 97 48 
84 68 4 0 0 79 77 45 90 11 58 11 70 30 92 45 1 3 100 52 53 86 71 39 97 71 8 30 4 6 19 59 17 68 37 99 21 83 77 72 33 42 18 13 31 46 63 59 60 28 
22 62 87 64 79 0 20 44 13 62 77 48 12 22 7 15 51 2 25 5 76 3 28 92 9 60 9 42 20 87 1 93 14 92 41 35 41 69 70 91 90 54 58 69 51 18 20 94 65 18 
2 99 13 6 77 20 0 73 17 43 30 38 84 23 37 70 12 96 29 54 27 83 26 18 87 4 63 48 98 33 12 72 57 86 10 24 1 19 44 95 47 77 86 57 95 29 0 50 5 67 
41 73 71 98 45 44 73 0 34 49 100 88 20 32 59 65 80 75 5 51 22 40 90 73 35 51 5 82 72 78 98 83 43 31 22 50 41 79 88 96 55 4 5 77 87 21 81 50 32 18 
39 21 0 68 90 13 17 34 0 15 38 32 96 1 60 3 3 9 76 72 49 66 9 29 18 85 1 96 79 85 32 83 10 8 53 94 97 70 28 67 8 79 96 73 96 63 58 28 3 78 
62 67 8 73 11 62 43 49 15 0 0 11 78 97 15 22 21 79 85 71 56 27 49 16 67 57 41 54 87 18 12 35 39 60 25 84 34 53 69 91 23 85 11 63 89 69 37 76 14 78 
63 34 56 32 58 77 30 100 38 0 0 49 68 88 44 53 20 21 76 49 51 21 29 24 73 75 28 36 90 58 12 27 86 58 44 16 27 22 83 64 73 31 38 6 24 94 30 100 27 83 
44 51 89 26 11 48 38 88 32 11 49 0 40 38 64 89 76 98 86 46 7 53 84 96 56 70 9 5 100 13 24 100 74 26 57 74 23 48 100 96 15 61 4 61 3 64 32 8 70 71 
45 78 2 30 70 12 84 20 96 78 68 40 0 86 94 23 38 92 92 62 69 77 76 77 25 15 64 27 57 11 50 21 61 83 42 19 70 41 15 20 93 63 12 55 100 45 9 81 65 14 
76 27 14 47 30 22 23 32 1 97 88 38 86 0 26 88 33 42 10 70 18 38 90 37 60 62 30 84 0 83 59 22 2 47 30 38 75 56 100 46 4 8 43 14 99 70 5 91 12 24 
99 96 75 67 92 7 37 59 60 15 44 64 94 26 0 42 28 55 12 94 86 26 15 46 15 85 92 26 50 99 79 84 14 94 6 65 28 7 19 30 73 19 28 82 60 99 92 30 95 50 
40 84 99 2 45 15 70 65 3 22 53 89 23 88 42 0 50 42 62 80 4 70 62 13 40 47 73 2 29 96 76 23 90 53 100 34 94 34 73 83 80 4 56 54 29 45 95 94 60 32 
19 20 25 60 1 51 12 80 3 21 20 76 38 33 28 50 0 29 73 59 53 86 78 34 29 71 72 51 96 35 71 50 11 48 6 55 77 34 19 41 94 98 69 86 55 80 82 44 78 5 
9 10 10 57 3 2 96 75 9 79 21 98 92 42 55 42 29 0 16 75 41 86 41 12 2 72 43 85 26 12 30 86 74 5 49 32 38 43 49 95 77 61 66 83 44 92 26 72 27 5 
40 39 51 1 100 25 29 5 76 85 76 86 92 10 12 62 73 16 0 64 60 95 10 8 99 34 65 97 30 27 92 96 11 82 39 55 71 10 17 81 82 65 85 34 91 48 66 28 15 69 
7 2 85 35 52 5 54 51 72 71 49 46 62 70 94 80 59 75 64 0 48 11 68 19 37 32 57 11 83 23 9 20 57 44 22 65 47 82 31 83 57 45 100 58 55 40 73 57 55 35 
18 40 71 79 53 76 27 22 49 56 51 7 69 18 86 4 53 41 60 48 0 41 58 48 77 29 26 64 58 19 49 20 58 84 34 71 25 48 54 75 70 66 39 84 33 81 3 65 41 34 
24 97 65 48 86 3 83 40 66 27 21 53 77 38 26 70 86 86 95 11 41 0 88 68 65 13 26 54 20 0 75 68 48 81 89 69 51 63 54 79 47 46 45 79 19 8 90 80 87 85 
25 40 14 35 71 28 26 90 9 49 29 84 76 90 15 62 78 41 10 68 58 88 0 56 59 40 21 8 47 79 23 54 51 65 26 17 3 52 62 92 33 29 45 8 93 88 67 90 66 31 
85 29 69 9 39 92 18 73 29 16 24 96 77 37 46 13 34 12 8 19 48 68 56 0 64 19 57 39 62 95 2 2 12 80 60 85 4 46 31 91 77 4 55 58 75 67 86 15 57 90 
63 92 43 89 97 9 87 35 18 67 73 56 25 60 15 40 29 2 99 37 77 65 59 64 0 94 31 55 23 60 73 4 82 98 92 44 40 4 97 87 6 1 98 21 28 98 16 79 87 98 
49 77 87 71 71 60 4 51 85 57 75 70 15 62 85 47 71 72 34 32 29 13 40 19 94 0 53 18 47 55 78 65 44 26 74 1 96 39 23 77 13 65 28 68 82 80 45 45 86 12 
41 50 34 3 8 9 63 5 1 41 28 9 64 30 92 73 72 43 65 57 26 26 21 57 31 53 0 9 53 5 54 32 87 70 32 49 73 47 57 34 14 90 91 14 81 18 22 94 94 29 
86 12 74 49 30 42 48 82 96 54 36 5 27 84 26 2 51 85 97 11 64 54 8 39 55 18 9 0 9 48 85 86 34 38 80 43 83 60 21 29 12 59 28 5 66 65 1 14 89 21 
27 27 1 14 4 20 98 72 79 87 90 100 57 0 50 29 96 26 30 83 58 20 47 62 23 47 53 9 0 84 6 38 7 88 58 65 24 62 98 17 74 90 58 94 80 37 70 52 44 92 
92 57 20 92 6 87 33 78 85 18 58 13 11 83 99 96 35 12 27 23 19 0 79 95 60 55 5 48 84 0 78 25 0 71 10 23 97 51 68 36 27 49 90 41 21 82 35 27 52 79 
80 45 33 22 19 1 12 98 32 12 12 24 50 59 79 76 71 30 92 9 49 75 23 2 73 78 54 85 6 78 0 8 66 81 8 16 23 45 84 34 36 61 97 55 73 81 5 33 39 48 
71 6 32 59 59 93 72 83 83 35 27 100 21 22 84 23 50 86 96 20 20 68 54 2 4 65 32 86 38 25 8 0 17 53 47 53 35 20 96 69 45 49 48 20 12 3 29 46 72 24 
61 54 37 84 17 14 57 43 10 39 86 74 61 2 14 90 11 74 11 57 58 48 51 12 82 44 87 34 7 0 66 17 0 34 48 61 100 95 16 14 63 23 49 83 78 11 43 0 55 83 
96 57 27 67 68 92 86 31 8 60 58 26 83 47 94 53 48 5 82 44 84 81 65 80 98 26 70 38 88 71 81 53 34 0 26 7 23 76 99 14 24 12 79 55 4 30 50 79 39 6 
52 9 44 1 37 41 10 22 53 25 44 57 42 30 6 100 6 49 39 22 34 89 26 60 92 74 32 80 58 10 8 47 48 26 0 70 71 54 57 73 100 25 24 66 2 13 42 81 22 13 
37 19 99 67 99 35 24 50 94 84 16 74 19 38 65 34 55 32 55 65 71 69 17 85 44 1 49 43 65 23 16 53 61 7 70 0 42 39 75 86 85 100 74 7 14 21 52 1 72 12 
17 58 95 94 21 41 1 41 97 34 27 23 70 75 28 94 77 38 71 47 25 51 3 4 40 96 73 83 24 97 23 35 100 23 71 42 0 98 6 13 12 31 75 37 60 35 83 70 27 20 
34 86 11 82 83 69 19 79 70 53 22 48 41 56 7 34 34 43 10 82 48 63 52 46 4 39 47 60 62 51 45 20 95 76 54 39 98 0 20 59 72 33 32 53 12 90 40 49 18 46 
49 85 99 30 77 70 44 88 28 69 83 100 15 100 19 73 19 49 17 31 54 54 62 31 97 23 57 21 98 68 84 96 16 99 57 75 6 20 0 61 95 41 26 18 44 15 73 89 95 80 
86 50 18 18 72 91 95 96 67 91 64 96 20 46 30 83 41 95 81 83 75 79 92 91 87 77 34 29 17 36 34 69 14 14 73 86 13 59 61 0 15 53 80 11 25 85 25 79 98 48 
69 73 60 71 33 90 47 55 8 23 73 15 93 4 73 80 94 77 82 57 70 47 33 77 6 13 14 12 74 27 36 45 63 24 100 85 12 72 95 15 0 78 6 72 12 79 38 51 6 59 
91 79 62 73 42 54 77 4 79 85 31 61 63 8 19 4 98 61 65 45 66 46 29 4 1 65 90 59 90 49 61 49 23 12 25 100 31 33 41 53 78 0 32 26 63 49 16 75 50 4 
1 32 99 9 18 58 86 5 96 11 38 4 12 43 28 56 69 66 85 100 39 45 45 55 98 28 91 28 58 90 97 48 49 79 24 74 75 32 26 80 6 32 0 36 56 34 75 24 77 67 
58 22 30 53 13 69 57 77 73 63 6 61 55 14 82 54 86 83 34 58 84 79 8 58 21 68 14 5 94 41 55 20 83 55 66 7 37 53 18 11 72 26 36 0 84 0 65 61 25 7 
33 89 67 57 31 51 95 87 96 89 24 3 100 99 60 29 55 44 91 55 33 19 93 75 28 82 81 66 80 21 73 12 78 4 2 14 60 12 44 25 12 63 56 84 0 88 95 61 35 46 
52 96 95 64 46 18 29 21 63 69 94 64 45 70 99 45 80 92 48 40 81 8 88 67 98 80 18 65 37 82 81 3 11 30 13 21 35 90 15 85 79 49 34 0 88 0 99 46 95 46 
26 25 2 63 63 20 0 81 58 37 30 32 9 5 92 95 82 26 66 73 3 90 67 86 16 45 22 1 70 35 5 29 43 50 42 52 83 40 73 25 38 16 75 65 95 99 0 96 8 0 
48 80 97 39 59 94 50 50 28 76 100 8 81 91 30 94 44 72 28 57 65 80 90 15 79 45 94 14 52 27 33 46 0 79 81 1 70 49 89 79 51 75 24 61 61 46 96 0 46 71 
0 9 64 97 60 65 5 32 3 14 27 70 65 12 95 60 78 27 15 55 41 87 66 57 87 86 94 89 44 52 39 72 55 39 22 72 27 18 95 98 6 50 77 25 35 95 8 46 0 48 
63 86 54 48 28 18 67 18 78 78 83 71 14 24 50 32 5 5 69 35 34 85 31 90 98 12 29 21 92 79 48 24 83 6 13 12 20 46 80 48 59 4 67 7 46 46 0 71 48 0 
BBBRRRRRRBRBRBBBRRBBRRRBRRBRBRBRBRRBBBRRRBBBBRBRBB
