26
0 33 92 49 70 92 18 93 89 78 26 25 77 26 73 49 52 70 17 95 2 19 44 46 68 78 
33 0 57 27 44 79 13 83 46 88 47 13 73 62 37 52 51 84 0 71 65 90 27 41 15 61 
92 57 0 56 65 74 75 20 8 2 97 15 50 63 45 2 37 53 27 48 71 11 61 36 80 18 
49 27 56 0 52 7 19 72 27 66 21 5 20 23 37 96 16 82 83 26 78 83 0 17 0 98 
70 44 65 52 0 47 71 49 91 86 40 85 28 68 60 39 70 39 78 73 11 64 76 55 7 72 
92 79 74 7 47 0 34 20 74 25 59 40 68 49 61 24 57 69 22 20 26 50 4 79 2 29 
18 13 75 19 71 34 0 39 59 25 89 11 28 25 75 95 83 66 0 44 65 96 97 77 14 74 
93 83 20 72 49 20 39 0 85 37 80 7 28 44 5 5 23 20 1 59 78 87 58 63 30 80 
89 46 8 27 91 74 59 85 0 38 84 64 44 10 19 5 85 82 53 12 15 100 76 91 95 26 
78 88 2 66 86 25 25 37 38 0 31 57 46 66 7 1 61 19 71 99 23 3 31 97 53 50 
26 47 97 21 40 59 89 80 84 31 0 64 24 87 60 74 10 52 81 98 89 89 37 84 76 72 
25 13 15 5 85 40 11 7 64 57 64 0 66 70 39 59 34 65 65 63 53 19 0 23 1 73 
77 73 50 20 28 68 28 28 44 46 24 66 0 35 57 4 56 59 27 18 48 10 70 11 99 61 
26 62 63 23 68 49 25 44 10 66 87 70 35 0 49 92 0 11 47 91 15 71 80 15 91 95 
73 37 45 37 60 61 75 5 19 7 60 39 57 49 0 1 80 39 44 37 28 1 19 39 66 28 
49 52 2 96 39 24 95 5 5 1 74 59 4 92 1 0 32 88 75 54 15 97 66 24 5 29 
52 51 37 16 70 57 83 23 85 61 10 34 56 0 80 32 0 26 80 25 35 34 37 14 37 3 
70 84 53 82 39 69 66 20 82 19 52 65 59 11 39 88 26 0 29 39 47 0 59 43 48 79 
17 0 27 83 78 22 0 1 53 71 81 65 27 47 44 75 80 29 0 83 13 88 69 30 34 18 
95 71 48 26 73 20 44 59 12 99 98 63 18 91 37 54 25 39 83 0 70 23 92 53 45 92 
2 65 71 78 11 26 65 78 15 23 89 53 48 15 28 15 35 47 13 70 0 4 43 86 68 20 
19 90 11 83 64 50 96 87 100 3 89 19 10 71 1 97 34 0 88 23 4 0 44 38 83 34 
44 27 61 0 76 4 97 58 76 31 37 0 70 80 19 66 37 59 69 92 43 44 0 16 46 72 
46 41 36 17 55 79 77 63 91 97 84 23 11 15 39 24 14 43 30 53 86 38 16 0 83 11 
68 15 80 0 7 2 14 30 95 53 76 1 99 91 66 5 37 48 34 45 68 83 46 83 0 89 
78 61 18 98 72 29 74 80 26 50 72 73 61 95 28 29 3 79 18 92 20 34 72 11 89 0 
BBBBRRRBBRBRBBRRBRRBRRRBBR
