42
0 91 34 44 86 51 82 50 41 44 88 57 91 59 74 45 88 38 16 95 64 26 83 50 95 50 67 23 42 99 68 8 86 55 29 80 75 45 54 72 57 16 
91 0 57 22 9 44 13 7 16 24 29 88 26 62 32 59 78 22 43 35 61 36 81 76 71 0 49 73 16 84 68 57 22 36 77 100 74 30 12 6 84 39 
34 57 0 73 74 69 4 17 67 57 50 79 80 66 27 71 62 24 18 87 94 82 50 22 99 74 85 80 6 32 93 55 19 39 50 7 74 94 56 49 86 94 
44 22 73 0 69 23 54 7 50 13 65 87 85 73 87 69 16 98 68 84 86 34 52 98 10 39 49 30 53 92 37 98 59 91 63 57 19 60 35 78 61 82 
86 9 74 69 0 42 0 92 57 98 66 78 78 67 98 83 95 39 48 38 45 41 41 97 88 69 18 72 53 53 69 39 87 8 69 51 75 14 57 38 95 82 
51 44 69 23 42 0 94 7 38 63 39 97 63 63 5 3 23 37 13 12 24 72 38 85 6 74 5 64 80 33 26 32 90 9 3 25 62 44 16 62 14 83 
82 13 4 54 0 94 0 13 32 64 26 5 58 60 56 38 4 46 51 88 21 94 4 79 36 94 14 50 61 50 43 39 53 51 60 66 74 13 22 84 53 34 
50 7 17 7 92 7 13 0 20 58 29 3 19 76 40 37 54 0 83 44 58 29 71 0 93 91 84 53 43 7 74 6 25 88 36 78 77 24 91 57 86 39 
41 16 67 50 57 38 32 20 0 59 43 23 68 43 6 3 65 62 62 86 83 15 64 0 75 25 26 45 10 85 3 11 27 33 66 35 5 28 16 14 20 49 
44 24 57 13 98 63 64 58 59 0 91 40 99 30 84 44 37 61 23 67 51 38 52 0 67 73 73 12 73 8 11 54 85 100 26 94 91 1 2 53 45 21 
88 29 50 65 66 39 26 29 43 91 0 94 90 39 68 1 93 28 69 68 36 88 60 55 29 82 43 99 95 79 41 67 46 12 98 35 13 97 63 3 52 82 
57 88 79 87 78 97 5 3 23 40 94 0 59 66 57 71 74 5 70 31 91 91 47 100 16 53 27 12 86 91 91 4 21 17 86 29 83 88 11 59 45 75 
91 26 80 85 78 63 58 19 68 99 90 59 0 21 63 33 94 67 71 15 56 93 18 55 78 4 61 17 2 85 88 48 96 51 28 3 36 68 40 73 57 50 
59 62 66 73 67 63 60 76 43 30 39 66 21 0 89 23 4 87 18 44 62 80 49 41 27 0 63 5 89 38 62 70 17 2 97 28 53 33 7 32 57 33 
74 32 27 87 98 5 56 40 6 84 68 57 63 89 0 63 77 71 84 45 92 69 55 74 1 67 100 85 65 74 61 23 95 19 70 94 63 55 41 35 77 72 
45 59 71 69 83 3 38 37 3 44 1 71 33 23 63 0 32 25 43 86 64 36 52 83 9 65 99 97 17 91 64 15 46 85 19 66 87 65 89 18 48 59 
88 78 62 16 95 23 4 54 65 37 93 74 94 4 77 32 0 42 41 25 9 75 97 98 89 53 63 81 64 67 43 25 32 83 35 69 48 71 66 0 75 4 
38 22 24 98 39 37 46 0 62 61 28 5 67 87 71 25 42 0 72 64 10 15 59 19 40 44 81 2 74 52 48 27 51 49 19 3 82 27 76 38 40 88 
16 43 18 68 48 13 51 83 62 23 69 70 71 18 84 43 41 72 0 25 92 80 45 65 7 55 100 50 5 93 32 39 76 94 40 2 83 32 53 43 55 31 
95 35 87 84 38 12 88 44 86 67 68 31 15 44 45 86 25 64 25 0 27 31 66 2 1 42 0 23 76 12 94 46 36 89 44 21 90 15 82 93 60 94 
64 61 94 86 45 24 21 58 83 51 36 91 56 62 92 64 9 10 92 27 0 79 32 28 72 90 85 6 51 77 100 69 85 73 64 68 77 19 59 63 0 40 
26 36 82 34 41 72 94 29 15 38 88 91 93 80 69 36 75 15 80 31 79 0 60 45 28 91 46 37 92 86 34 25 21 11 78 79 48 19 83 4 14 54 
83 81 50 52 41 38 4 71 64 52 60 47 18 49 55 52 97 59 45 66 32 60 0 77 40 94 62 98 48 45 18 74 61 97 1 30 81 89 3 77 62 4 
50 76 22 98 97 85 79 0 0 0 55 100 55 41 74 83 98 19 65 2 28 45 77 0 46 26 1 65 87 36 75 75 0 38 36 59 51 18 100 6 57 94 
95 71 99 10 88 6 36 93 75 67 29 16 78 27 1 9 89 40 7 1 72 28 40 46 0 55 82 73 29 10 15 46 18 23 33 68 36 40 0 91 58 85 
50 0 74 39 69 74 94 91 25 73 82 53 4 0 67 65 53 44 55 42 90 91 94 26 55 0 92 7 85 32 54 71 98 62 46 20 31 71 43 21 57 29 
67 49 85 49 18 5 14 84 26 73 43 27 61 63 100 99 63 81 100 0 85 46 62 1 82 92 0 58 44 47 33 83 31 37 20 78 94 22 89 37 9 2 
23 73 80 30 72 64 50 53 45 12 99 12 17 5 85 97 81 2 50 23 6 37 98 65 73 7 58 0 1 58 15 23 22 52 3 1 72 81 80 49 23 32 
42 16 6 53 53 80 61 43 10 73 95 86 2 89 65 17 64 74 5 76 51 92 48 87 29 85 44 1 0 37 88 67 86 21 8 22 87 79 6 45 87 99 
99 84 32 92 53 33 50 7 85 8 79 91 85 38 74 91 67 52 93 12 77 86 45 36 10 32 47 58 37 0 33 19 18 47 13 44 39 17 0 20 76 57 
68 68 93 37 69 26 43 74 3 11 41 91 88 62 61 64 43 48 32 94 100 34 18 75 15 54 33 15 88 33 0 97 45 67 2 19 89 21 86 3 26 22 
8 57 55 98 39 32 39 6 11 54 67 4 48 70 23 15 25 27 39 46 69 25 74 75 46 71 83 23 67 19 97 0 93 88 82 22 19 80 76 20 64 92 
86 22 19 59 87 90 53 25 27 85 46 21 96 17 95 46 32 51 76 36 85 21 61 0 18 98 31 22 86 18 45 93 0 34 13 27 87 43 44 52 89 85 
55 36 39 91 8 9 51 88 33 100 12 17 51 2 19 85 83 49 94 89 73 11 97 38 23 62 37 52 21 47 67 88 34 0 6 48 19 50 36 19 90 43 
29 77 50 63 69 3 60 36 66 26 98 86 28 97 70 19 35 19 40 44 64 78 1 36 33 46 20 3 8 13 2 82 13 6 0 18 79 78 28 70 36 7 
80 100 7 57 51 25 66 78 35 94 35 29 3 28 94 66 69 3 2 21 68 79 30 59 68 20 78 1 22 44 19 22 27 48 18 0 51 28 88 10 65 1 
75 74 74 19 75 62 74 77 5 91 13 83 36 53 63 87 48 82 83 90 77 48 81 51 36 31 94 72 87 39 89 19 87 19 79 51 0 88 17 98 42 7 
45 30 94 60 14 44 13 24 28 1 97 88 68 33 55 65 71 27 32 15 19 19 89 18 40 71 22 81 79 17 21 80 43 50 78 28 88 0 80 100 65 49 
54 12 56 35 57 16 22 91 16 2 63 11 40 7 41 89 66 76 53 82 59 83 3 100 0 43 89 80 6 0 86 76 44 36 28 88 17 80 0 61 57 88 
72 6 49 78 38 62 84 57 14 53 3 59 73 32 35 18 0 38 43 93 63 4 77 6 91 21 37 49 45 20 3 20 52 19 70 10 98 100 61 0 31 84 
57 84 86 61 95 14 53 86 20 45 52 45 57 57 77 48 75 40 55 60 0 14 62 57 58 57 9 23 87 76 26 64 89 90 36 65 42 65 57 31 0 84 
16 39 94 82 82 83 34 39 49 21 82 75 50 33 72 59 4 88 31 94 40 54 4 94 85 29 2 32 99 57 22 92 85 43 7 1 7 49 88 84 84 0 
RRRRBBBRRRBRBRBBBRRBRBBRBBRBBBBBBBRRRBRRRR
