48
0 90 59 29 40 35 28 26 69 78 12 26 89 92 7 36 53 22 47 6 10 35 52 82 68 85 91 17 69 31 82 83 11 61 48 38 16 44 55 13 42 47 71 29 27 29 3 57 
90 0 20 20 19 76 81 51 39 17 58 36 32 16 28 58 26 60 47 81 75 45 9 66 69 81 70 14 0 22 7 97 36 0 78 74 98 46 64 45 63 4 93 32 1 60 59 15 
59 20 0 5 56 20 51 51 67 2 23 75 5 38 26 21 96 38 35 29 58 85 17 17 63 79 100 68 53 84 26 92 32 3 89 9 92 67 0 24 90 95 40 34 48 77 98 55 
29 20 5 0 13 53 55 21 20 24 27 19 96 51 28 23 87 79 88 41 47 42 25 3 13 9 61 17 31 87 59 50 0 51 72 45 93 4 43 6 95 11 16 3 51 86 36 49 
40 19 56 13 0 41 27 90 19 29 13 23 88 62 97 53 4 91 67 81 89 75 11 100 13 6 71 93 39 81 49 1 99 46 82 75 91 69 50 23 95 98 21 8 99 12 18 85 
35 76 20 53 41 0 36 43 98 77 48 57 68 57 28 88 5 39 2 58 42 39 15 41 1 98 37 94 28 60 58 77 79 81 87 73 6 33 68 90 98 93 53 5 67 0 54 57 
28 81 51 55 27 36 0 22 62 67 34 32 0 71 66 81 76 89 71 63 22 82 33 85 82 7 86 36 44 96 78 94 31 20 8 29 99 73 13 22 23 53 21 48 6 56 81 87 
26 51 51 21 90 43 22 0 71 63 82 70 49 65 80 3 70 16 3 1 52 15 22 80 30 74 51 9 7 63 84 85 60 17 45 56 86 59 60 56 27 88 56 39 39 70 60 54 
69 39 67 20 19 98 62 71 0 49 79 46 87 25 44 66 54 68 87 47 72 40 92 58 31 59 29 4 31 91 22 27 78 93 90 33 4 48 23 67 12 70 24 41 67 68 79 18 
78 17 2 24 29 77 67 63 49 0 15 7 63 19 62 45 95 34 91 15 26 26 19 21 25 22 8 93 24 26 56 30 24 32 42 39 84 46 75 45 100 25 44 0 93 77 40 97 
12 58 23 27 13 48 34 82 79 15 0 27 28 100 72 85 17 5 72 98 40 39 25 28 10 77 29 50 1 97 82 35 99 62 41 78 62 84 56 46 22 89 35 80 1 52 35 67 
26 36 75 19 23 57 32 70 46 7 27 0 38 1 9 98 95 50 50 62 17 49 83 1 88 86 64 28 2 76 82 54 89 27 8 33 96 16 55 3 41 13 36 8 73 57 63 56 
89 32 5 96 88 68 0 49 87 63 28 38 0 67 24 67 40 47 96 42 63 10 30 62 34 24 14 50 58 87 98 62 81 25 25 37 43 47 6 68 17 17 90 12 61 20 43 37 
92 16 38 51 62 57 71 65 25 19 100 1 67 0 85 3 79 23 50 67 13 19 32 92 42 26 71 6 99 72 37 19 65 78 44 64 73 44 43 83 61 76 31 62 81 13 17 12 
7 28 26 28 97 28 66 80 44 62 72 9 24 85 0 74 14 97 44 16 69 93 57 75 55 50 51 49 80 34 25 53 7 27 56 55 24 59 55 26 31 56 59 10 58 45 44 93 
36 58 21 23 53 88 81 3 66 45 85 98 67 3 74 0 24 92 26 65 61 57 71 94 24 17 2 19 32 32 89 16 49 7 31 73 40 97 84 50 73 37 38 44 82 6 30 28 
53 26 96 87 4 5 76 70 54 95 17 95 40 79 14 24 0 88 48 40 61 14 70 63 57 65 24 27 87 87 77 66 80 68 93 68 33 73 63 30 17 89 75 23 3 68 70 75 
22 60 38 79 91 39 89 16 68 34 5 50 47 23 97 92 88 0 95 58 86 30 42 49 91 99 32 20 80 26 19 9 27 6 24 16 15 89 58 41 22 54 81 64 10 25 10 81 
47 47 35 88 67 2 71 3 87 91 72 50 96 50 44 26 48 95 0 15 76 89 38 50 25 14 6 14 81 65 28 37 38 48 40 49 84 41 34 54 70 29 50 35 30 48 39 87 
6 81 29 41 81 58 63 1 47 15 98 62 42 67 16 65 40 58 15 0 30 94 61 91 99 27 43 2 93 19 28 43 18 25 92 71 51 42 18 34 69 19 40 80 93 86 68 61 
10 75 58 47 89 42 22 52 72 26 40 17 63 13 69 61 61 86 76 30 0 22 61 93 82 99 97 21 77 0 21 6 27 48 50 3 38 32 51 99 15 21 73 12 37 83 50 44 
35 45 85 42 75 39 82 15 40 26 39 49 10 19 93 57 14 30 89 94 22 0 61 56 46 86 74 70 1 27 8 64 26 24 39 23 2 8 28 72 68 86 23 100 69 82 15 94 
52 9 17 25 11 15 33 22 92 19 25 83 30 32 57 71 70 42 38 61 61 61 0 48 93 87 5 48 97 97 92 96 73 87 26 98 86 70 73 90 10 2 88 94 15 87 8 92 
82 66 17 3 100 41 85 80 58 21 28 1 62 92 75 94 63 49 50 91 93 56 48 0 77 19 42 23 37 1 45 49 95 66 93 20 17 75 46 97 13 100 13 58 50 17 58 72 
68 69 63 13 13 1 82 30 31 25 10 88 34 42 55 24 57 91 25 99 82 46 93 77 0 15 72 62 28 100 78 28 1 4 89 61 80 41 82 72 46 66 38 88 55 40 55 42 
85 81 79 9 6 98 7 74 59 22 77 86 24 26 50 17 65 99 14 27 99 86 87 19 15 0 39 83 46 27 29 18 44 92 2 74 92 96 67 2 7 6 63 0 30 49 38 46 
91 70 100 61 71 37 86 51 29 8 29 64 14 71 51 2 24 32 6 43 97 74 5 42 72 39 0 78 17 98 35 61 37 51 98 90 75 85 24 7 26 2 62 90 1 14 78 19 
17 14 68 17 93 94 36 9 4 93 50 28 50 6 49 19 27 20 14 2 21 70 48 23 62 83 78 0 16 36 9 41 8 31 47 85 6 14 15 78 46 6 91 0 55 24 45 84 
69 0 53 31 39 28 44 7 31 24 1 2 58 99 80 32 87 80 81 93 77 1 97 37 28 46 17 16 0 89 44 2 24 89 72 90 41 41 56 27 78 49 97 23 78 82 5 74 
31 22 84 87 81 60 96 63 91 26 97 76 87 72 34 32 87 26 65 19 0 27 97 1 100 27 98 36 89 0 17 49 2 36 68 68 85 43 28 65 95 60 71 25 11 21 53 69 
82 7 26 59 49 58 78 84 22 56 82 82 98 37 25 89 77 19 28 28 21 8 92 45 78 29 35 9 44 17 0 62 86 12 28 10 26 51 66 76 32 33 71 37 49 23 72 97 
83 97 92 50 1 77 94 85 27 30 35 54 62 19 53 16 66 9 37 43 6 64 96 49 28 18 61 41 2 49 62 0 68 80 34 0 60 72 16 47 40 80 37 41 38 82 43 94 
11 36 32 0 99 79 31 60 78 24 99 89 81 65 7 49 80 27 38 18 27 26 73 95 1 44 37 8 24 2 86 68 0 71 38 39 18 35 67 85 24 46 37 57 77 18 5 3 
61 0 3 51 46 81 20 17 93 32 62 27 25 78 27 7 68 6 48 25 48 24 87 66 4 92 51 31 89 36 12 80 71 0 65 18 40 78 1 95 81 38 33 5 39 50 95 77 
48 78 89 72 82 87 8 45 90 42 41 8 25 44 56 31 93 24 40 92 50 39 26 93 89 2 98 47 72 68 28 34 38 65 0 86 88 52 98 51 86 87 66 15 62 15 33 79 
38 74 9 45 75 73 29 56 33 39 78 33 37 64 55 73 68 16 49 71 3 23 98 20 61 74 90 85 90 68 10 0 39 18 86 0 86 11 55 8 35 28 84 53 62 12 52 35 
16 98 92 93 91 6 99 86 4 84 62 96 43 73 24 40 33 15 84 51 38 2 86 17 80 92 75 6 41 85 26 60 18 40 88 86 0 66 2 39 100 65 75 95 14 65 100 28 
44 46 67 4 69 33 73 59 48 46 84 16 47 44 59 97 73 89 41 42 32 8 70 75 41 96 85 14 41 43 51 72 35 78 52 11 66 0 86 76 17 47 41 14 51 56 94 47 
55 64 0 43 50 68 13 60 23 75 56 55 6 43 55 84 63 58 34 18 51 28 73 46 82 67 24 15 56 28 66 16 67 1 98 55 2 86 0 78 58 100 4 67 88 94 31 67 
13 45 24 6 23 90 22 56 67 45 46 3 68 83 26 50 30 41 54 34 99 72 90 97 72 2 7 78 27 65 76 47 85 95 51 8 39 76 78 0 64 68 34 13 22 49 48 14 
42 63 90 95 95 98 23 27 12 100 22 41 17 61 31 73 17 22 70 69 15 68 10 13 46 7 26 46 78 95 32 40 24 81 86 35 100 17 58 64 0 46 67 17 6 51 37 7 
47 4 95 11 98 93 53 88 70 25 89 13 17 76 56 37 89 54 29 19 21 86 2 100 66 6 2 6 49 60 33 80 46 38 87 28 65 47 100 68 46 0 26 62 74 19 20 26 
71 93 40 16 21 53 21 56 24 44 35 36 90 31 59 38 75 81 50 40 73 23 88 13 38 63 62 91 97 71 71 37 37 33 66 84 75 41 4 34 67 26 0 75 59 35 41 64 
29 32 34 3 8 5 48 39 41 0 80 8 12 62 10 44 23 64 35 80 12 100 94 58 88 0 90 0 23 25 37 41 57 5 15 53 95 14 67 13 17 62 75 0 17 8 29 27 
27 1 48 51 99 67 6 39 67 93 1 73 61 81 58 82 3 10 30 93 37 69 15 50 55 30 1 55 78 11 49 38 77 39 62 62 14 51 88 22 6 74 59 17 0 57 7 39 
29 60 77 86 12 0 56 70 68 77 52 57 20 13 45 6 68 25 48 86 83 82 87 17 40 49 14 24 82 21 23 82 18 50 15 12 65 56 94 49 51 19 35 8 57 0 28 33 
3 59 98 36 18 54 81 60 79 40 35 63 43 17 44 30 70 10 39 68 50 15 8 58 55 38 78 45 5 53 72 43 5 95 33 52 100 94 31 48 37 20 41 29 7 28 0 85 
57 15 55 49 85 57 87 54 18 97 67 56 37 12 93 28 75 81 87 61 44 94 92 72 42 46 19 84 74 69 97 94 3 77 79 35 28 47 67 14 7 26 64 27 39 33 85 0 
BBBBRBRBBBBBRRBRBBRBRBBBRRRBRBRRRBRRRBBRRRBRRRBR
