38
0 28 20 38 95 20 42 1 25 82 99 12 20 69 57 27 17 53 3 46 36 82 72 9 0 4 53 59 54 95 17 41 36 7 51 22 94 96 
28 0 88 60 21 14 93 33 93 42 54 20 84 14 37 12 5 40 2 70 80 20 63 73 42 2 29 47 55 47 37 31 37 89 16 62 9 55 
20 88 0 53 22 18 68 57 56 34 91 11 42 93 89 34 16 96 44 44 8 23 45 14 34 22 98 47 43 62 0 48 23 59 44 80 21 89 
38 60 53 0 94 81 15 78 100 91 89 87 28 88 43 1 24 21 98 97 20 21 4 98 1 98 1 93 70 49 5 82 72 43 98 15 76 27 
95 21 22 94 0 18 58 47 49 78 74 61 99 44 42 13 90 40 81 75 100 7 25 28 72 85 38 42 75 49 14 37 86 66 2 82 71 38 
20 14 18 81 18 0 35 95 8 74 3 100 61 47 74 44 57 56 63 11 16 42 90 19 30 42 84 50 92 67 21 43 15 46 37 5 24 74 
42 93 68 15 58 35 0 61 25 88 73 48 98 79 81 78 80 65 10 18 36 30 36 37 98 86 42 62 26 17 35 93 24 0 58 88 35 74 
1 33 57 78 47 95 61 0 51 68 75 79 35 67 62 70 95 74 69 61 20 91 62 77 51 30 27 95 61 29 46 96 12 83 68 64 13 99 
25 93 56 100 49 8 25 51 0 57 1 91 100 36 58 20 100 4 11 46 31 2 66 70 94 69 56 56 49 18 25 67 15 74 54 67 93 25 
82 42 34 91 78 74 88 68 57 0 47 30 24 20 41 75 64 76 62 87 67 97 11 91 66 41 42 8 22 34 30 57 18 15 44 28 52 66 
99 54 91 89 74 3 73 75 1 47 0 89 22 9 14 9 63 60 91 7 24 77 51 71 26 53 35 34 95 54 75 67 3 86 43 46 18 76 
12 20 11 87 61 100 48 79 91 30 89 0 44 29 10 78 62 51 100 45 0 67 82 98 2 61 71 91 17 44 24 18 25 96 38 71 22 81 
20 84 42 28 99 61 98 35 100 24 22 44 0 40 75 31 71 41 52 45 16 18 30 89 99 61 91 31 42 40 84 39 43 62 57 41 98 60 
69 14 93 88 44 47 79 67 36 20 9 29 40 0 18 52 4 74 6 14 78 29 9 22 22 65 76 16 41 9 99 70 66 45 23 40 31 14 
57 37 89 43 42 74 81 62 58 41 14 10 75 18 0 5 48 94 23 57 37 1 6 9 63 69 37 34 12 41 23 4 96 65 33 49 15 2 
27 12 34 1 13 44 78 70 20 75 9 78 31 52 5 0 91 42 62 22 79 23 66 24 84 71 70 37 34 82 12 40 63 62 100 53 54 72 
17 5 16 24 90 57 80 95 100 64 63 62 71 4 48 91 0 49 96 79 26 53 94 2 45 39 93 5 86 57 22 29 6 59 44 50 85 72 
53 40 96 21 40 56 65 74 4 76 60 51 41 74 94 42 49 0 24 72 75 92 52 30 33 47 74 100 64 87 81 69 51 93 84 95 89 6 
3 2 44 98 81 63 10 69 11 62 91 100 52 6 23 62 96 24 0 3 4 14 89 90 72 78 11 10 35 15 34 15 79 90 70 87 30 58 
46 70 44 97 75 11 18 61 46 87 7 45 45 14 57 22 79 72 3 0 99 17 64 6 94 71 47 73 39 1 51 36 40 32 95 78 82 78 
36 80 8 20 100 16 36 20 31 67 24 0 16 78 37 79 26 75 4 99 0 99 55 66 14 37 54 37 88 21 49 7 83 22 85 70 31 91 
82 20 23 21 7 42 30 91 2 97 77 67 18 29 1 23 53 92 14 17 99 0 64 56 26 88 31 20 12 59 79 47 76 23 91 21 64 72 
72 63 45 4 25 90 36 62 66 11 51 82 30 9 6 66 94 52 89 64 55 64 0 58 25 74 15 94 69 63 55 32 59 18 22 48 43 75 
9 73 14 98 28 19 37 77 70 91 71 98 89 22 9 24 2 30 90 6 66 56 58 0 21 23 16 78 31 51 9 12 46 29 38 86 88 94 
0 42 34 1 72 30 98 51 94 66 26 2 99 22 63 84 45 33 72 94 14 26 25 21 0 82 89 46 19 29 29 26 11 27 93 3 33 61 
4 2 22 98 85 42 86 30 69 41 53 61 61 65 69 71 39 47 78 71 37 88 74 23 82 0 39 65 20 90 53 45 17 40 8 2 6 19 
53 29 98 1 38 84 42 27 56 42 35 71 91 76 37 70 93 74 11 47 54 31 15 16 89 39 0 0 90 96 71 42 13 97 20 80 20 4 
59 47 47 93 42 50 62 95 56 8 34 91 31 16 34 37 5 100 10 73 37 20 94 78 46 65 0 0 2 84 72 17 95 26 42 10 17 93 
54 55 43 70 75 92 26 61 49 22 95 17 42 41 12 34 86 64 35 39 88 12 69 31 19 20 90 2 0 41 89 37 90 48 16 62 33 33 
95 47 62 49 49 67 17 29 18 34 54 44 40 9 41 82 57 87 15 1 21 59 63 51 29 90 96 84 41 0 5 1 70 73 46 18 97 87 
17 37 0 5 14 21 35 46 25 30 75 24 84 99 23 12 22 81 34 51 49 79 55 9 29 53 71 72 89 5 0 62 55 88 83 66 73 67 
41 31 48 82 37 43 93 96 67 57 67 18 39 70 4 40 29 69 15 36 7 47 32 12 26 45 42 17 37 1 62 0 91 69 3 42 3 88 
36 37 23 72 86 15 24 12 15 18 3 25 43 66 96 63 6 51 79 40 83 76 59 46 11 17 13 95 90 70 55 91 0 25 26 39 48 29 
7 89 59 43 66 46 0 83 74 15 86 96 62 45 65 62 59 93 90 32 22 23 18 29 27 40 97 26 48 73 88 69 25 0 92 23 16 80 
51 16 44 98 2 37 58 68 54 44 43 38 57 23 33 100 44 84 70 95 85 91 22 38 93 8 20 42 16 46 83 3 26 92 0 48 10 37 
22 62 80 15 82 5 88 64 67 28 46 71 41 40 49 53 50 95 87 78 70 21 48 86 3 2 80 10 62 18 66 42 39 23 48 0 20 11 
94 9 21 76 71 24 35 13 93 52 18 22 98 31 15 54 85 89 30 82 31 64 43 88 33 6 20 17 33 97 73 3 48 16 10 20 0 75 
96 55 89 27 38 74 74 99 25 66 76 81 60 14 2 72 72 6 58 78 91 72 75 94 61 19 4 93 33 87 67 88 29 80 37 11 75 0 
RBBRRBBRRRBBBRRRBBBBRRRRBBRRBBRRBBRBBR
