20
0 51 1 48 46 8 27 25 30 68 70 70 97 91 84 53 10 63 97 22 
51 0 81 45 17 62 3 74 7 37 93 93 15 63 35 18 53 0 37 40 
1 81 0 13 23 14 91 34 4 35 48 10 83 3 39 67 57 76 63 97 
48 45 13 0 39 12 35 2 9 98 83 46 78 44 18 17 19 70 44 60 
46 17 23 39 0 80 71 39 19 22 18 4 22 1 9 50 26 85 57 22 
8 62 14 12 80 0 0 24 96 73 80 10 95 86 11 83 54 41 47 93 
27 3 91 35 71 0 0 56 88 51 50 48 42 72 31 33 24 85 77 97 
25 74 34 2 39 24 56 0 39 54 79 95 20 33 58 51 33 13 21 38 
30 7 4 9 19 96 88 39 0 61 94 26 71 58 50 79 8 99 6 65 
68 37 35 98 22 73 51 54 61 0 48 52 54 91 99 15 78 6 89 80 
70 93 48 83 18 80 50 79 94 48 0 94 1 29 15 22 1 99 13 20 
70 93 10 46 4 10 48 95 26 52 94 0 2 51 36 66 0 9 25 77 
97 15 83 78 22 95 42 20 71 54 1 2 0 55 60 84 58 74 83 77 
91 63 3 44 1 86 72 33 58 91 29 51 55 0 92 61 74 85 39 55 
84 35 39 18 9 11 31 58 50 99 15 36 60 92 0 81 61 23 27 22 
53 18 67 17 50 83 33 51 79 15 22 66 84 61 81 0 53 20 8 20 
10 53 57 19 26 54 24 33 8 78 1 0 58 74 61 53 0 82 20 85 
63 0 76 70 85 41 85 13 99 6 99 9 74 85 23 20 82 0 28 20 
97 37 63 44 57 47 77 21 6 89 13 25 83 39 27 8 20 28 0 27 
22 40 97 60 22 93 97 38 65 80 20 77 77 55 22 20 85 20 27 0 
RBRBBRRRBRBBRRBRBBRB
