38
0 31 14 54 81 59 8 10 0 39 56 45 30 91 23 85 76 88 7 74 83 46 39 97 75 61 21 75 29 83 87 73 89 67 50 6 72 33 
31 0 52 25 39 69 57 72 88 67 77 33 52 87 20 9 26 93 86 34 42 68 83 26 93 12 59 85 64 4 91 47 16 41 57 54 63 0 
14 52 0 46 52 64 20 76 59 59 54 86 11 84 59 86 7 53 61 52 89 37 64 3 95 56 95 31 88 99 18 45 44 40 97 49 39 30 
54 25 46 0 16 1 65 48 71 68 33 3 59 91 4 88 23 85 94 90 96 42 3 66 69 70 6 21 5 72 38 46 32 12 27 10 5 27 
81 39 52 16 0 11 53 39 12 8 74 93 51 55 17 69 5 9 74 85 23 3 100 5 51 17 52 51 99 88 55 63 22 69 88 6 76 80 
59 69 64 1 11 0 2 14 44 2 67 41 33 100 12 57 5 1 5 3 20 63 23 49 74 22 35 10 54 0 91 39 88 16 53 96 53 48 
8 57 20 65 53 2 0 80 63 62 82 3 82 27 70 39 9 36 10 94 82 12 18 9 14 53 19 18 47 28 33 17 14 79 87 2 98 29 
10 72 76 48 39 14 80 0 2 77 84 37 19 90 39 63 42 62 25 51 3 79 36 4 17 54 1 86 65 61 81 87 10 60 96 5 67 54 
0 88 59 71 12 44 63 2 0 30 26 2 47 95 27 62 79 20 6 86 12 72 33 1 61 11 62 54 95 29 47 21 96 21 24 99 99 69 
39 67 59 68 8 2 62 77 30 0 61 14 3 29 60 1 39 95 76 34 53 87 76 1 0 11 58 91 20 56 6 20 83 74 69 1 89 35 
56 77 54 33 74 67 82 84 26 61 0 0 11 10 24 26 15 79 72 61 19 46 35 18 51 92 89 98 62 98 44 40 47 99 13 96 43 31 
45 33 86 3 93 41 3 37 2 14 0 0 91 41 15 42 92 28 14 16 79 4 20 53 33 12 26 12 25 29 22 27 68 53 2 61 40 13 
30 52 11 59 51 33 82 19 47 3 11 91 0 72 63 63 26 60 90 96 78 53 94 71 50 32 82 54 93 80 71 19 74 35 30 76 57 89 
91 87 84 91 55 100 27 90 95 29 10 41 72 0 74 22 48 66 10 73 16 11 69 23 3 77 20 7 67 86 53 54 51 100 56 82 67 46 
23 20 59 4 17 12 70 39 27 60 24 15 63 74 0 38 15 59 96 68 95 78 0 44 100 37 93 5 46 78 47 41 75 60 96 65 54 80 
85 9 86 88 69 57 39 63 62 1 26 42 63 22 38 0 38 51 31 89 23 12 36 44 10 74 59 19 59 90 67 67 47 51 83 28 64 77 
76 26 7 23 5 5 9 42 79 39 15 92 26 48 15 38 0 26 27 84 92 95 97 48 26 51 48 94 69 22 3 6 6 45 97 18 5 17 
88 93 53 85 9 1 36 62 20 95 79 28 60 66 59 51 26 0 92 30 47 17 92 25 87 46 25 26 5 78 46 62 11 12 57 78 35 82 
7 86 61 94 74 5 10 25 6 76 72 14 90 10 96 31 27 92 0 31 54 55 25 0 53 63 20 88 67 88 1 32 92 80 58 50 28 62 
74 34 52 90 85 3 94 51 86 34 61 16 96 73 68 89 84 30 31 0 85 27 9 75 92 55 17 17 8 86 19 33 16 31 20 97 92 28 
83 42 89 96 23 20 82 3 12 53 19 79 78 16 95 23 92 47 54 85 0 75 27 81 14 50 52 38 71 55 57 33 30 1 13 11 43 93 
46 68 37 42 3 63 12 79 72 87 46 4 53 11 78 12 95 17 55 27 75 0 97 77 17 37 5 52 69 17 59 40 75 63 50 11 88 95 
39 83 64 3 100 23 18 36 33 76 35 20 94 69 0 36 97 92 25 9 27 97 0 10 77 51 59 63 7 79 66 14 79 45 92 99 77 24 
97 26 3 66 5 49 9 4 1 1 18 53 71 23 44 44 48 25 0 75 81 77 10 0 28 84 17 1 11 99 35 37 17 30 31 78 33 60 
75 93 95 69 51 74 14 17 61 0 51 33 50 3 100 10 26 87 53 92 14 17 77 28 0 42 57 69 29 44 23 92 85 93 41 25 1 21 
61 12 56 70 17 22 53 54 11 11 92 12 32 77 37 74 51 46 63 55 50 37 51 84 42 0 7 40 50 66 94 84 35 67 95 64 51 58 
21 59 95 6 52 35 19 1 62 58 89 26 82 20 93 59 48 25 20 17 52 5 59 17 57 7 0 60 66 12 49 54 93 67 100 42 63 7 
75 85 31 21 51 10 18 86 54 91 98 12 54 7 5 19 94 26 88 17 38 52 63 1 69 40 60 0 73 50 44 57 15 71 67 66 7 100 
29 64 88 5 99 54 47 65 95 20 62 25 93 67 46 59 69 5 67 8 71 69 7 11 29 50 66 73 0 53 30 40 57 66 93 53 21 3 
83 4 99 72 88 0 28 61 29 56 98 29 80 86 78 90 22 78 88 86 55 17 79 99 44 66 12 50 53 0 6 71 19 97 21 6 7 76 
87 91 18 38 55 91 33 81 47 6 44 22 71 53 47 67 3 46 1 19 57 59 66 35 23 94 49 44 30 6 0 78 78 9 58 5 43 90 
73 47 45 46 63 39 17 87 21 20 40 27 19 54 41 67 6 62 32 33 33 40 14 37 92 84 54 57 40 71 78 0 92 31 70 71 92 60 
89 16 44 32 22 88 14 10 96 83 47 68 74 51 75 47 6 11 92 16 30 75 79 17 85 35 93 15 57 19 78 92 0 50 76 34 30 81 
67 41 40 12 69 16 79 60 21 74 99 53 35 100 60 51 45 12 80 31 1 63 45 30 93 67 67 71 66 97 9 31 50 0 19 85 68 53 
50 57 97 27 88 53 87 96 24 69 13 2 30 56 96 83 97 57 58 20 13 50 92 31 41 95 100 67 93 21 58 70 76 19 0 60 20 9 
6 54 49 10 6 96 2 5 99 1 96 61 76 82 65 28 18 78 50 97 11 11 99 78 25 64 42 66 53 6 5 71 34 85 60 0 51 18 
72 63 39 5 76 53 98 67 99 89 43 40 57 67 54 64 5 35 28 92 43 88 77 33 1 51 63 7 21 7 43 92 30 68 20 51 0 26 
33 0 30 27 80 48 29 54 69 35 31 13 89 46 80 77 17 82 62 28 93 95 24 60 21 58 7 100 3 76 90 60 81 53 9 18 26 0 
BBRRRRRRRRRBBBBRBBRBBRBBRBRRBBBBBRRBRR
