36
0 8 94 85 43 16 40 52 12 35 19 43 95 80 13 85 36 57 83 86 47 5 25 24 1 77 41 31 59 82 51 60 35 54 94 97 
8 0 93 53 88 59 5 86 75 86 7 21 32 36 36 52 18 97 40 3 96 28 13 46 42 88 50 61 83 43 92 71 92 39 88 3 
94 93 0 62 14 100 28 15 3 45 93 38 26 49 28 1 81 1 68 31 68 11 71 86 43 44 12 17 73 17 87 16 11 51 15 41 
85 53 62 0 91 2 77 45 16 32 48 50 35 27 62 32 15 92 10 9 99 6 5 0 90 18 27 18 43 99 39 10 49 85 23 17 
43 88 14 91 0 34 53 8 49 86 65 27 1 93 1 19 14 96 87 95 34 63 80 50 70 83 77 41 22 6 53 44 64 62 95 59 
16 59 100 2 34 0 55 18 8 29 19 46 64 83 54 19 92 1 54 97 51 99 52 61 76 46 15 65 83 24 70 11 94 58 85 35 
40 5 28 77 53 55 0 33 9 98 38 13 94 4 27 78 89 10 42 93 67 89 49 24 39 50 94 100 100 36 98 57 95 88 18 49 
52 86 15 45 8 18 33 0 13 98 100 62 92 43 7 15 63 34 46 86 46 51 8 69 33 8 45 97 49 34 94 93 88 92 0 81 
12 75 3 16 49 8 9 13 0 17 32 47 38 75 49 16 44 62 42 87 83 0 69 9 91 79 18 61 65 17 39 70 81 18 31 77 
35 86 45 32 86 29 98 98 17 0 95 8 59 45 98 90 11 95 56 5 59 64 33 41 69 9 98 28 82 41 94 82 13 87 9 48 
19 7 93 48 65 19 38 100 32 95 0 31 44 96 7 22 94 49 59 97 70 82 50 16 0 3 74 33 60 93 49 44 41 95 14 17 
43 21 38 50 27 46 13 62 47 8 31 0 12 79 62 94 100 26 5 93 50 63 22 1 96 93 3 77 37 76 90 23 86 48 14 62 
95 32 26 35 1 64 94 92 38 59 44 12 0 70 50 90 19 42 79 26 73 16 41 68 21 50 68 24 3 17 71 57 6 66 95 99 
80 36 49 27 93 83 4 43 75 45 96 79 70 0 48 29 81 73 97 66 54 56 27 66 87 10 64 19 100 91 45 85 8 35 0 65 
13 36 28 62 1 54 27 7 49 98 7 62 50 48 0 73 13 8 68 44 40 76 24 8 90 7 38 11 82 23 85 64 98 30 96 39 
85 52 1 32 19 19 78 15 16 90 22 94 90 29 73 0 84 53 84 10 92 70 59 70 59 46 51 60 50 13 32 54 97 8 71 66 
36 18 81 15 14 92 89 63 44 11 94 100 19 81 13 84 0 89 85 15 67 22 99 73 30 69 6 1 62 3 29 8 46 69 93 66 
57 97 1 92 96 1 10 34 62 95 49 26 42 73 8 53 89 0 52 29 63 81 57 17 24 26 67 7 31 65 36 81 46 49 78 31 
83 40 68 10 87 54 42 46 42 56 59 5 79 97 68 84 85 52 0 82 69 94 15 71 48 42 9 10 68 88 32 43 63 24 86 85 
86 3 31 9 95 97 93 86 87 5 97 93 26 66 44 10 15 29 82 0 80 13 87 49 34 45 76 73 9 31 85 15 78 23 57 92 
47 96 68 99 34 51 67 46 83 59 70 50 73 54 40 92 67 63 69 80 0 82 25 32 7 48 16 81 5 63 30 84 51 7 14 1 
5 28 11 6 63 99 89 51 0 64 82 63 16 56 76 70 22 81 94 13 82 0 14 16 70 17 34 41 28 1 55 6 20 26 100 85 
25 13 71 5 80 52 49 8 69 33 50 22 41 27 24 59 99 57 15 87 25 14 0 50 88 7 36 22 7 81 72 72 29 25 18 98 
24 46 86 0 50 61 24 69 9 41 16 1 68 66 8 70 73 17 71 49 32 16 50 0 9 29 46 73 49 2 14 88 81 89 24 51 
1 42 43 90 70 76 39 33 91 69 0 96 21 87 90 59 30 24 48 34 7 70 88 9 0 59 19 41 54 21 3 15 89 61 49 17 
77 88 44 18 83 46 50 8 79 9 3 93 50 10 7 46 69 26 42 45 48 17 7 29 59 0 13 71 45 100 13 67 33 17 83 73 
41 50 12 27 77 15 94 45 18 98 74 3 68 64 38 51 6 67 9 76 16 34 36 46 19 13 0 68 4 76 68 18 19 25 53 2 
31 61 17 18 41 65 100 97 61 28 33 77 24 19 11 60 1 7 10 73 81 41 22 73 41 71 68 0 59 40 91 70 36 64 28 28 
59 83 73 43 22 83 100 49 65 82 60 37 3 100 82 50 62 31 68 9 5 28 7 49 54 45 4 59 0 65 52 22 64 42 13 84 
82 43 17 99 6 24 36 34 17 41 93 76 17 91 23 13 3 65 88 31 63 1 81 2 21 100 76 40 65 0 84 58 43 56 39 77 
51 92 87 39 53 70 98 94 39 94 49 90 71 45 85 32 29 36 32 85 30 55 72 14 3 13 68 91 52 84 0 50 20 54 74 69 
60 71 16 10 44 11 57 93 70 82 44 23 57 85 64 54 8 81 43 15 84 6 72 88 15 67 18 70 22 58 50 0 16 38 82 15 
35 92 11 49 64 94 95 88 81 13 41 86 6 8 98 97 46 46 63 78 51 20 29 81 89 33 19 36 64 43 20 16 0 58 53 53 
54 39 51 85 62 58 88 92 18 87 95 48 66 35 30 8 69 49 24 23 7 26 25 89 61 17 25 64 42 56 54 38 58 0 28 19 
94 88 15 23 95 85 18 0 31 9 14 14 95 0 96 71 93 78 86 57 14 100 18 24 49 83 53 28 13 39 74 82 53 28 0 71 
97 3 41 17 59 35 49 81 77 48 17 62 99 65 39 66 66 31 85 92 1 85 98 51 17 73 2 28 84 77 69 15 53 19 71 0 
BBBBRRBRBBRBRRRBRRBBRRRBRBBRRBBBRRRB
