38
0 66 64 4 87 100 7 0 64 3 84 24 73 48 27 79 47 69 48 94 54 10 87 69 55 0 97 94 48 12 12 73 90 14 81 24 23 77 
66 0 84 73 50 43 7 95 46 68 61 58 17 46 52 93 76 74 70 45 46 19 32 37 67 4 74 46 90 27 63 38 70 37 41 7 31 35 
64 84 0 39 40 58 51 90 34 9 67 68 62 7 64 23 84 10 62 87 47 18 13 78 23 51 100 12 7 70 45 84 71 59 25 24 37 76 
4 73 39 0 74 100 84 4 24 29 77 10 91 4 60 52 15 14 37 51 91 3 0 51 100 77 0 65 98 37 46 22 18 69 37 40 23 15 
87 50 40 74 0 24 3 68 68 51 25 38 81 51 80 13 53 73 32 61 40 34 28 26 4 13 64 65 66 11 17 94 22 30 30 71 23 28 
100 43 58 100 24 0 67 44 12 53 83 40 41 96 61 89 100 93 13 90 84 74 93 76 41 39 90 19 21 83 49 26 16 26 56 13 94 81 
7 7 51 84 3 67 0 1 20 40 60 78 11 87 95 15 18 18 67 24 76 66 34 27 23 60 10 8 39 39 11 62 21 99 75 20 66 79 
0 95 90 4 68 44 1 0 5 35 89 63 66 3 27 90 73 78 16 37 33 32 53 29 19 6 3 84 6 42 45 85 49 61 57 11 64 14 
64 46 34 24 68 12 20 5 0 8 75 78 42 64 86 48 91 47 23 26 62 51 44 25 13 41 18 19 83 29 82 65 94 65 0 59 34 40 
3 68 9 29 51 53 40 35 8 0 21 81 81 42 91 50 78 11 58 62 67 14 48 22 65 88 63 17 76 80 48 95 91 62 87 50 72 10 
84 61 67 77 25 83 60 89 75 21 0 38 55 77 17 96 33 97 17 38 65 7 81 5 76 31 98 58 80 38 96 23 27 89 100 64 59 14 
24 58 68 10 38 40 78 63 78 81 38 0 61 75 44 93 12 27 79 31 48 42 1 93 0 94 12 24 21 42 16 71 3 14 98 37 61 63 
73 17 62 91 81 41 11 66 42 81 55 61 0 52 51 43 90 55 99 70 75 54 12 100 68 68 62 37 95 62 56 20 56 95 41 52 84 4 
48 46 7 4 51 96 87 3 64 42 77 75 52 0 64 47 36 4 83 3 77 92 28 8 37 43 38 100 100 56 97 28 23 11 0 29 5 31 
27 52 64 60 80 61 95 27 86 91 17 44 51 64 0 23 40 39 74 91 17 40 24 9 0 78 61 82 69 81 17 68 69 42 52 86 53 81 
79 93 23 52 13 89 15 90 48 50 96 93 43 47 23 0 54 77 29 11 96 17 61 63 47 70 18 55 54 61 92 64 23 94 87 9 33 72 
47 76 84 15 53 100 18 73 91 78 33 12 90 36 40 54 0 45 68 88 42 11 34 98 71 35 28 20 60 42 18 80 62 91 62 70 32 100 
69 74 10 14 73 93 18 78 47 11 97 27 55 4 39 77 45 0 68 58 36 93 26 51 57 5 13 70 2 56 13 10 25 53 95 97 5 11 
48 70 62 37 32 13 67 16 23 58 17 79 99 83 74 29 68 68 0 0 34 97 91 68 26 44 86 53 41 46 31 53 17 62 48 88 33 53 
94 45 87 51 61 90 24 37 26 62 38 31 70 3 91 11 88 58 0 0 22 41 59 69 94 35 46 28 66 71 79 66 19 74 40 0 27 91 
54 46 47 91 40 84 76 33 62 67 65 48 75 77 17 96 42 36 34 22 0 53 20 52 67 56 1 100 39 63 46 79 37 96 40 60 0 44 
10 19 18 3 34 74 66 32 51 14 7 42 54 92 40 17 11 93 97 41 53 0 18 65 18 44 36 50 62 86 76 91 37 69 95 42 22 2 
87 32 13 0 28 93 34 53 44 48 81 1 12 28 24 61 34 26 91 59 20 18 0 73 27 91 26 52 98 96 10 24 47 58 90 97 41 80 
69 37 78 51 26 76 27 29 25 22 5 93 100 8 9 63 98 51 68 69 52 65 73 0 75 87 68 20 18 15 28 47 49 90 23 23 43 22 
55 67 23 100 4 41 23 19 13 65 76 0 68 37 0 47 71 57 26 94 67 18 27 75 0 51 99 31 44 55 68 42 66 65 42 61 66 28 
0 4 51 77 13 39 60 6 41 88 31 94 68 43 78 70 35 5 44 35 56 44 91 87 51 0 60 100 71 29 11 81 16 40 39 21 97 79 
97 74 100 0 64 90 10 3 18 63 98 12 62 38 61 18 28 13 86 46 1 36 26 68 99 60 0 40 75 39 0 75 25 82 67 80 96 20 
94 46 12 65 65 19 8 84 19 17 58 24 37 100 82 55 20 70 53 28 100 50 52 20 31 100 40 0 19 77 34 97 93 83 15 89 86 35 
48 90 7 98 66 21 39 6 83 76 80 21 95 100 69 54 60 2 41 66 39 62 98 18 44 71 75 19 0 99 27 69 52 17 50 81 59 78 
12 27 70 37 11 83 39 42 29 80 38 42 62 56 81 61 42 56 46 71 63 86 96 15 55 29 39 77 99 0 77 23 26 69 95 100 27 18 
12 63 45 46 17 49 11 45 82 48 96 16 56 97 17 92 18 13 31 79 46 76 10 28 68 11 0 34 27 77 0 75 33 55 71 40 13 66 
73 38 84 22 94 26 62 85 65 95 23 71 20 28 68 64 80 10 53 66 79 91 24 47 42 81 75 97 69 23 75 0 32 12 86 52 94 26 
90 70 71 18 22 16 21 49 94 91 27 3 56 23 69 23 62 25 17 19 37 37 47 49 66 16 25 93 52 26 33 32 0 50 38 58 10 47 
14 37 59 69 30 26 99 61 65 62 89 14 95 11 42 94 91 53 62 74 96 69 58 90 65 40 82 83 17 69 55 12 50 0 45 95 55 56 
81 41 25 37 30 56 75 57 0 87 100 98 41 0 52 87 62 95 48 40 40 95 90 23 42 39 67 15 50 95 71 86 38 45 0 57 36 100 
24 7 24 40 71 13 20 11 59 50 64 37 52 29 86 9 70 97 88 0 60 42 97 23 61 21 80 89 81 100 40 52 58 95 57 0 57 96 
23 31 37 23 23 94 66 64 34 72 59 61 84 5 53 33 32 5 33 27 0 22 41 43 66 97 96 86 59 27 13 94 10 55 36 57 0 30 
77 35 76 15 28 81 79 14 40 10 14 63 4 31 81 72 100 11 53 91 44 2 80 22 28 79 20 35 78 18 66 26 47 56 100 96 30 0 
BBBBRBRRBBRBBBRBRRBRRRBRRRRBBRRBRRBBRB
