46
0 19 48 76 11 91 5 45 29 44 73 38 49 2 99 37 88 48 54 12 79 97 77 76 96 82 56 57 4 5 57 65 26 91 45 3 57 16 29 68 26 85 80 23 16 24 
19 0 46 19 79 35 23 90 89 45 82 90 67 70 82 19 56 65 21 17 94 15 88 42 10 53 91 25 20 51 51 77 95 90 98 70 77 11 35 10 66 14 22 64 58 13 
48 46 0 7 88 10 93 1 49 11 82 21 13 28 10 79 50 11 70 56 96 45 48 10 3 60 98 30 100 54 93 8 0 60 94 64 9 27 93 4 56 92 80 9 87 30 
76 19 7 0 22 63 79 96 44 50 81 29 58 3 19 97 51 53 50 13 49 43 39 39 85 70 7 99 53 71 23 70 65 98 39 27 2 69 45 63 66 86 30 62 60 89 
11 79 88 22 0 12 65 73 74 69 24 56 77 76 26 9 15 93 6 57 41 77 94 64 60 1 92 65 72 8 8 79 82 33 77 77 87 52 25 49 21 27 28 81 62 29 
91 35 10 63 12 0 49 14 69 46 18 83 21 45 11 72 96 69 5 3 70 49 63 95 83 31 87 27 57 29 9 64 99 44 67 10 17 80 11 89 100 100 33 70 7 25 
5 23 93 79 65 49 0 15 15 76 54 12 53 42 93 15 10 45 71 3 36 8 59 65 61 35 49 75 30 39 28 84 96 24 49 19 1 65 19 82 80 36 81 10 39 52 
45 90 1 96 73 14 15 0 31 71 41 59 74 92 41 97 17 12 18 61 82 14 31 52 63 93 69 54 6 79 59 36 39 14 81 21 48 61 63 39 31 29 19 57 73 70 
29 89 49 44 74 69 15 31 0 55 82 79 41 100 69 62 38 62 6 10 88 68 44 53 61 68 75 26 54 85 96 91 47 57 19 68 66 15 32 21 58 77 19 68 15 9 
44 45 11 50 69 46 76 71 55 0 4 41 46 35 4 28 4 95 79 14 13 94 6 48 57 97 16 46 65 73 60 60 97 15 82 62 5 91 92 73 39 18 22 77 68 64 
73 82 82 81 24 18 54 41 82 4 0 60 100 41 73 22 76 6 46 51 49 43 56 20 39 77 34 40 64 14 85 20 91 39 38 67 54 16 73 100 68 22 11 15 73 31 
38 90 21 29 56 83 12 59 79 41 60 0 60 45 90 23 6 88 48 28 86 15 71 3 74 85 56 56 88 45 2 93 29 11 66 41 26 70 88 34 2 37 1 55 87 17 
49 67 13 58 77 21 53 74 41 46 100 60 0 54 62 46 67 34 85 75 17 72 47 77 86 52 91 62 83 7 45 33 71 10 82 44 22 72 71 13 10 59 69 66 39 50 
2 70 28 3 76 45 42 92 100 35 41 45 54 0 65 93 63 96 83 7 60 80 100 90 55 10 91 57 93 4 72 18 86 67 93 74 56 62 54 0 73 49 89 74 80 21 
99 82 10 19 26 11 93 41 69 4 73 90 62 65 0 0 93 62 5 34 3 94 54 56 19 41 2 56 69 71 53 83 85 83 44 65 11 22 27 43 7 40 75 45 29 91 
37 19 79 97 9 72 15 97 62 28 22 23 46 93 0 0 41 72 92 26 69 75 52 50 71 56 10 26 28 90 26 54 63 83 47 5 59 8 9 78 42 83 79 78 78 30 
88 56 50 51 15 96 10 17 38 4 76 6 67 63 93 41 0 0 21 44 62 92 75 42 31 25 4 92 3 53 69 59 23 33 30 41 48 64 51 96 11 90 54 10 26 65 
48 65 11 53 93 69 45 12 62 95 6 88 34 96 62 72 0 0 21 88 64 51 9 97 63 78 6 79 25 21 74 22 39 99 20 78 57 39 56 22 4 5 21 63 61 2 
54 21 70 50 6 5 71 18 6 79 46 48 85 83 5 92 21 21 0 93 57 46 98 82 23 61 35 36 73 82 58 5 99 84 98 41 46 79 5 19 93 93 73 15 52 5 
12 17 56 13 57 3 3 61 10 14 51 28 75 7 34 26 44 88 93 0 25 19 85 82 10 71 44 51 32 33 15 92 35 86 61 30 41 17 35 25 84 84 34 17 62 17 
79 94 96 49 41 70 36 82 88 13 49 86 17 60 3 69 62 64 57 25 0 27 46 1 0 47 7 99 51 84 78 78 94 27 44 46 30 67 95 32 91 85 79 98 55 76 
97 15 45 43 77 49 8 14 68 94 43 15 72 80 94 75 92 51 46 19 27 0 58 61 16 40 27 34 7 91 46 92 46 27 69 60 11 48 2 20 27 55 93 2 70 77 
77 88 48 39 94 63 59 31 44 6 56 71 47 100 54 52 75 9 98 85 46 58 0 25 13 85 1 11 51 59 5 70 50 59 50 76 4 59 19 10 30 76 33 10 51 4 
76 42 10 39 64 95 65 52 53 48 20 3 77 90 56 50 42 97 82 82 1 61 25 0 62 27 55 41 96 70 47 4 75 46 95 33 11 75 94 26 10 24 68 36 69 7 
96 10 3 85 60 83 61 63 61 57 39 74 86 55 19 71 31 63 23 10 0 16 13 62 0 68 0 7 94 96 3 35 3 36 62 75 16 73 97 19 26 79 60 5 17 24 
82 53 60 70 1 31 35 93 68 97 77 85 52 10 41 56 25 78 61 71 47 40 85 27 68 0 32 56 25 28 18 62 93 3 10 97 93 13 80 11 70 32 38 75 17 66 
56 91 98 7 92 87 49 69 75 16 34 56 91 91 2 10 4 6 35 44 7 27 1 55 0 32 0 69 50 100 31 16 64 2 91 100 77 92 81 69 100 94 83 73 96 27 
57 25 30 99 65 27 75 54 26 46 40 56 62 57 56 26 92 79 36 51 99 34 11 41 7 56 69 0 72 12 43 36 63 42 16 28 61 17 23 83 12 81 21 100 5 0 
4 20 100 53 72 57 30 6 54 65 64 88 83 93 69 28 3 25 73 32 51 7 51 96 94 25 50 72 0 36 50 61 62 28 0 96 8 3 27 3 95 54 0 0 43 83 
5 51 54 71 8 29 39 79 85 73 14 45 7 4 71 90 53 21 82 33 84 91 59 70 96 28 100 12 36 0 80 68 41 62 96 93 9 36 77 66 46 49 60 8 10 45 
57 51 93 23 8 9 28 59 96 60 85 2 45 72 53 26 69 74 58 15 78 46 5 47 3 18 31 43 50 80 0 100 96 35 93 99 92 50 86 97 88 43 9 34 73 11 
65 77 8 70 79 64 84 36 91 60 20 93 33 18 83 54 59 22 5 92 78 92 70 4 35 62 16 36 61 68 100 0 89 27 68 48 51 9 90 84 89 19 73 71 50 94 
26 95 0 65 82 99 96 39 47 97 91 29 71 86 85 63 23 39 99 35 94 46 50 75 3 93 64 63 62 41 96 89 0 11 57 72 94 93 53 19 94 52 65 43 54 25 
91 90 60 98 33 44 24 14 57 15 39 11 10 67 83 83 33 99 84 86 27 27 59 46 36 3 2 42 28 62 35 27 11 0 34 83 66 41 95 43 87 27 10 55 30 41 
45 98 94 39 77 67 49 81 19 82 38 66 82 93 44 47 30 20 98 61 44 69 50 95 62 10 91 16 0 96 93 68 57 34 0 79 61 23 97 2 85 24 66 82 21 6 
3 70 64 27 77 10 19 21 68 62 67 41 44 74 65 5 41 78 41 30 46 60 76 33 75 97 100 28 96 93 99 48 72 83 79 0 65 1 22 51 83 20 37 41 48 45 
57 77 9 2 87 17 1 48 66 5 54 26 22 56 11 59 48 57 46 41 30 11 4 11 16 93 77 61 8 9 92 51 94 66 61 65 0 61 55 54 78 16 60 97 35 9 
16 11 27 69 52 80 65 61 15 91 16 70 72 62 22 8 64 39 79 17 67 48 59 75 73 13 92 17 3 36 50 9 93 41 23 1 61 0 20 4 24 38 37 75 35 44 
29 35 93 45 25 11 19 63 32 92 73 88 71 54 27 9 51 56 5 35 95 2 19 94 97 80 81 23 27 77 86 90 53 95 97 22 55 20 0 26 39 64 29 8 1 99 
68 10 4 63 49 89 82 39 21 73 100 34 13 0 43 78 96 22 19 25 32 20 10 26 19 11 69 83 3 66 97 84 19 43 2 51 54 4 26 0 60 20 90 49 14 6 
26 66 56 66 21 100 80 31 58 39 68 2 10 73 7 42 11 4 93 84 91 27 30 10 26 70 100 12 95 46 88 89 94 87 85 83 78 24 39 60 0 85 43 63 46 98 
85 14 92 86 27 100 36 29 77 18 22 37 59 49 40 83 90 5 93 84 85 55 76 24 79 32 94 81 54 49 43 19 52 27 24 20 16 38 64 20 85 0 39 52 61 93 
80 22 80 30 28 33 81 19 19 22 11 1 69 89 75 79 54 21 73 34 79 93 33 68 60 38 83 21 0 60 9 73 65 10 66 37 60 37 29 90 43 39 0 63 95 56 
23 64 9 62 81 70 10 57 68 77 15 55 66 74 45 78 10 63 15 17 98 2 10 36 5 75 73 100 0 8 34 71 43 55 82 41 97 75 8 49 63 52 63 0 44 79 
16 58 87 60 62 7 39 73 15 68 73 87 39 80 29 78 26 61 52 62 55 70 51 69 17 17 96 5 43 10 73 50 54 30 21 48 35 35 1 14 46 61 95 44 0 87 
24 13 30 89 29 25 52 70 9 64 31 17 50 21 91 30 65 2 5 17 76 77 4 7 24 66 27 0 83 45 11 94 25 41 6 45 9 44 99 6 98 93 56 79 87 0 
BRRBRRBBRBRBBRRBBRBRBBBBBBRRBRBRRRBRBRBRRRBBRR
