36
0 84 68 97 60 64 93 92 13 88 51 34 65 69 92 27 57 32 91 97 72 0 2 96 51 94 19 38 27 9 67 89 6 50 31 30 
84 0 17 36 81 67 60 40 39 3 54 97 92 29 24 49 27 82 14 90 24 38 48 20 46 69 83 50 51 69 78 19 37 94 62 12 
68 17 0 34 83 47 86 53 74 46 1 82 71 83 37 3 2 74 9 11 29 0 49 45 76 64 66 33 90 86 23 11 87 56 47 19 
97 36 34 0 38 75 90 8 65 74 26 53 82 96 15 54 40 94 67 20 55 95 19 92 47 35 40 79 19 3 40 79 93 93 21 12 
60 81 83 38 0 12 39 20 51 67 41 88 83 43 15 6 59 8 46 33 67 73 33 62 20 34 99 77 78 51 17 13 14 82 55 40 
64 67 47 75 12 0 11 63 100 21 43 34 49 9 15 21 66 68 96 90 67 66 29 68 92 96 87 89 12 14 48 24 95 20 42 12 
93 60 86 90 39 11 0 18 20 83 82 96 59 61 26 54 75 41 81 0 39 97 54 78 33 94 36 14 68 71 34 26 67 62 57 99 
92 40 53 8 20 63 18 0 46 28 78 2 21 25 92 37 85 96 96 30 67 86 64 56 23 67 62 2 35 1 79 7 86 4 12 79 
13 39 74 65 51 100 20 46 0 40 39 70 63 97 96 85 52 97 47 94 55 11 63 22 32 29 10 16 86 60 48 43 30 9 50 24 
88 3 46 74 67 21 83 28 40 0 20 71 92 38 92 24 31 1 34 44 33 51 85 23 56 50 77 11 10 99 9 24 4 80 97 24 
51 54 1 26 41 43 82 78 39 20 0 80 30 14 84 41 56 53 14 39 51 27 82 24 44 82 98 60 100 39 82 71 98 19 27 53 
34 97 82 53 88 34 96 2 70 71 80 0 90 22 38 90 18 43 46 2 7 20 83 37 35 28 22 2 43 71 10 2 42 79 28 91 
65 92 71 82 83 49 59 21 63 92 30 90 0 2 52 74 83 19 3 91 67 16 79 64 33 68 29 35 16 23 43 14 1 14 71 5 
69 29 83 96 43 9 61 25 97 38 14 22 2 0 81 10 40 20 70 92 64 35 33 64 17 44 61 92 43 74 54 95 100 100 53 10 
92 24 37 15 15 15 26 92 96 92 84 38 52 81 0 77 27 74 95 63 30 16 32 79 39 74 47 71 95 33 96 95 98 87 2 35 
27 49 3 54 6 21 54 37 85 24 41 90 74 10 77 0 71 45 24 73 13 1 92 89 41 76 40 42 90 54 63 7 99 8 11 89 
57 27 2 40 59 66 75 85 52 31 56 18 83 40 27 71 0 62 82 41 63 33 40 81 15 78 81 94 61 33 21 81 77 76 72 77 
32 82 74 94 8 68 41 96 97 1 53 43 19 20 74 45 62 0 45 50 80 44 55 56 99 14 31 85 65 6 61 86 20 93 99 50 
91 14 9 67 46 96 81 96 47 34 14 46 3 70 95 24 82 45 0 16 70 29 31 68 57 31 47 3 83 95 5 2 40 59 34 84 
97 90 11 20 33 90 0 30 94 44 39 2 91 92 63 73 41 50 16 0 84 42 61 55 26 31 52 93 25 26 14 5 20 46 81 76 
72 24 29 55 67 67 39 67 55 33 51 7 67 64 30 13 63 80 70 84 0 68 27 53 30 19 1 52 42 80 27 4 98 29 73 74 
0 38 0 95 73 66 97 86 11 51 27 20 16 35 16 1 33 44 29 42 68 0 24 28 89 66 19 19 99 94 44 93 93 28 98 0 
2 48 49 19 33 29 54 64 63 85 82 83 79 33 32 92 40 55 31 61 27 24 0 65 8 51 40 59 22 85 0 64 41 21 84 36 
96 20 45 92 62 68 78 56 22 23 24 37 64 64 79 89 81 56 68 55 53 28 65 0 66 93 47 90 53 54 12 57 29 83 24 49 
51 46 76 47 20 92 33 23 32 56 44 35 33 17 39 41 15 99 57 26 30 89 8 66 0 92 58 42 1 84 51 79 61 29 61 14 
94 69 64 35 34 96 94 67 29 50 82 28 68 44 74 76 78 14 31 31 19 66 51 93 92 0 78 8 80 28 67 90 12 52 36 46 
19 83 66 40 99 87 36 62 10 77 98 22 29 61 47 40 81 31 47 52 1 19 40 47 58 78 0 17 36 54 18 20 6 25 61 86 
38 50 33 79 77 89 14 2 16 11 60 2 35 92 71 42 94 85 3 93 52 19 59 90 42 8 17 0 33 30 59 5 40 66 2 86 
27 51 90 19 78 12 68 35 86 10 100 43 16 43 95 90 61 65 83 25 42 99 22 53 1 80 36 33 0 82 57 75 84 60 2 69 
9 69 86 3 51 14 71 1 60 99 39 71 23 74 33 54 33 6 95 26 80 94 85 54 84 28 54 30 82 0 72 78 39 13 76 44 
67 78 23 40 17 48 34 79 48 9 82 10 43 54 96 63 21 61 5 14 27 44 0 12 51 67 18 59 57 72 0 11 31 84 63 82 
89 19 11 79 13 24 26 7 43 24 71 2 14 95 95 7 81 86 2 5 4 93 64 57 79 90 20 5 75 78 11 0 98 50 38 59 
6 37 87 93 14 95 67 86 30 4 98 42 1 100 98 99 77 20 40 20 98 93 41 29 61 12 6 40 84 39 31 98 0 60 83 44 
50 94 56 93 82 20 62 4 9 80 19 79 14 100 87 8 76 93 59 46 29 28 21 83 29 52 25 66 60 13 84 50 60 0 9 25 
31 62 47 21 55 42 57 12 50 97 27 28 71 53 2 11 72 99 34 81 73 98 84 24 61 36 61 2 2 76 63 38 83 9 0 91 
30 12 19 12 40 12 99 79 24 24 53 91 5 10 35 89 77 50 84 76 74 0 36 49 14 46 86 86 69 44 82 59 44 25 91 0 
RBRRBRBRBRRBRRRBBRRBRBBBBBRBBBRRRBRB
