36
0 38 80 66 24 14 24 65 34 14 100 55 5 86 66 25 57 97 44 29 55 93 59 91 41 52 37 17 33 18 43 50 64 49 53 29 
38 0 24 30 93 41 60 96 39 45 58 23 57 89 75 89 80 5 42 39 60 74 91 94 97 13 52 45 28 86 9 62 89 67 21 15 
80 24 0 48 43 4 10 100 39 84 87 81 47 70 59 86 83 35 9 87 53 9 1 17 54 35 98 73 80 87 69 1 54 93 87 29 
66 30 48 0 75 89 30 80 82 94 54 30 74 44 71 3 60 48 57 3 64 95 14 8 19 57 83 52 87 74 30 73 46 31 83 52 
24 93 43 75 0 30 22 41 8 63 62 8 66 10 61 14 35 54 17 40 79 36 91 22 49 86 24 36 17 37 10 9 68 18 61 62 
14 41 4 89 30 0 23 70 89 55 95 61 57 55 84 19 35 55 77 79 58 81 82 90 55 47 68 7 99 93 18 43 56 69 84 57 
24 60 10 30 22 23 0 93 53 53 99 10 65 45 25 55 62 68 58 23 87 41 66 0 0 77 69 51 53 4 79 10 39 53 6 16 
65 96 100 80 41 70 93 0 13 43 87 5 72 44 73 13 59 46 5 51 15 86 83 97 16 43 62 78 19 63 58 2 10 60 91 76 
34 39 39 82 8 89 53 13 0 23 76 15 44 89 1 64 38 82 79 57 43 61 87 19 52 89 2 92 31 35 65 55 44 85 92 24 
14 45 84 94 63 55 53 43 23 0 44 49 12 49 78 12 69 24 72 10 12 29 34 54 48 15 41 10 10 63 30 46 66 82 35 63 
100 58 87 54 62 95 99 87 76 44 0 14 16 44 30 80 48 100 89 57 26 12 27 20 67 61 80 62 70 23 10 33 91 86 76 8 
55 23 81 30 8 61 10 5 15 49 14 0 34 38 79 47 62 81 68 72 37 94 85 57 65 25 10 22 52 70 98 79 75 98 56 78 
5 57 47 74 66 57 65 72 44 12 16 34 0 67 19 33 22 23 24 19 82 83 12 72 53 1 11 36 24 32 25 89 8 54 99 48 
86 89 70 44 10 55 45 44 89 49 44 38 67 0 69 90 6 70 93 9 5 90 73 74 93 96 23 31 82 7 76 13 40 82 18 72 
66 75 59 71 61 84 25 73 1 78 30 79 19 69 0 41 72 42 55 30 99 63 89 32 86 40 15 72 59 66 56 13 2 76 92 15 
25 89 86 3 14 19 55 13 64 12 80 47 33 90 41 0 48 26 91 23 69 31 53 59 55 43 82 77 62 78 25 89 11 41 14 69 
57 80 83 60 35 35 62 59 38 69 48 62 22 6 72 48 0 29 49 75 77 72 35 49 66 15 52 0 60 4 29 83 83 39 55 28 
97 5 35 48 54 55 68 46 82 24 100 81 23 70 42 26 29 0 22 79 38 18 79 54 74 5 11 50 96 59 14 96 52 88 57 56 
44 42 9 57 17 77 58 5 79 72 89 68 24 93 55 91 49 22 0 50 30 11 35 21 16 38 15 46 60 10 56 73 3 4 50 14 
29 39 87 3 40 79 23 51 57 10 57 72 19 9 30 23 75 79 50 0 3 96 72 92 1 40 28 27 65 67 84 25 53 83 43 84 
55 60 53 64 79 58 87 15 43 12 26 37 82 5 99 69 77 38 30 3 0 96 10 21 74 88 89 86 67 27 17 12 66 84 23 28 
93 74 9 95 36 81 41 86 61 29 12 94 83 90 63 31 72 18 11 96 96 0 13 32 12 25 87 68 42 61 51 10 50 44 62 60 
59 91 1 14 91 82 66 83 87 34 27 85 12 73 89 53 35 79 35 72 10 13 0 97 9 47 47 70 39 54 3 95 43 67 99 88 
91 94 17 8 22 90 0 97 19 54 20 57 72 74 32 59 49 54 21 92 21 32 97 0 99 18 93 43 47 4 79 79 74 57 0 53 
41 97 54 19 49 55 0 16 52 48 67 65 53 93 86 55 66 74 16 1 74 12 9 99 0 53 17 34 48 33 18 69 50 17 0 2 
52 13 35 57 86 47 77 43 89 15 61 25 1 96 40 43 15 5 38 40 88 25 47 18 53 0 5 20 34 69 58 33 38 69 91 17 
37 52 98 83 24 68 69 62 2 41 80 10 11 23 15 82 52 11 15 28 89 87 47 93 17 5 0 43 100 37 35 76 72 2 19 100 
17 45 73 52 36 7 51 78 92 10 62 22 36 31 72 77 0 50 46 27 86 68 70 43 34 20 43 0 81 79 27 15 4 85 42 97 
33 28 80 87 17 99 53 19 31 10 70 52 24 82 59 62 60 96 60 65 67 42 39 47 48 34 100 81 0 84 79 69 3 10 94 49 
18 86 87 74 37 93 4 63 35 63 23 70 32 7 66 78 4 59 10 67 27 61 54 4 33 69 37 79 84 0 37 20 13 41 97 50 
43 9 69 30 10 18 79 58 65 30 10 98 25 76 56 25 29 14 56 84 17 51 3 79 18 58 35 27 79 37 0 78 65 62 20 40 
50 62 1 73 9 43 10 2 55 46 33 79 89 13 13 89 83 96 73 25 12 10 95 79 69 33 76 15 69 20 78 0 11 89 76 30 
64 89 54 46 68 56 39 10 44 66 91 75 8 40 2 11 83 52 3 53 66 50 43 74 50 38 72 4 3 13 65 11 0 72 59 60 
49 67 93 31 18 69 53 60 85 82 86 98 54 82 76 41 39 88 4 83 84 44 67 57 17 69 2 85 10 41 62 89 72 0 29 57 
53 21 87 83 61 84 6 91 92 35 76 56 99 18 92 14 55 57 50 43 23 62 99 0 0 91 19 42 94 97 20 76 59 29 0 29 
29 15 29 52 62 57 16 76 24 63 8 78 48 72 15 69 28 56 14 84 28 60 88 53 2 17 100 97 49 50 40 30 60 57 29 0 
RBRBRBRBBRBBRBRRBBBRRBRRRRBBBBBRRBRR
