40
0 93 69 50 83 76 78 73 10 33 31 45 17 73 92 80 91 98 92 62 56 42 37 29 28 28 27 36 64 33 73 95 9 29 5 6 44 24 26 42 
93 0 96 65 55 58 30 59 77 65 45 52 2 63 23 71 97 5 64 49 28 35 93 91 13 30 99 44 87 26 90 49 60 20 98 63 82 40 18 60 
69 96 0 90 24 35 71 100 39 81 20 33 88 9 82 2 67 56 18 77 50 51 50 14 16 58 80 98 29 47 77 88 99 68 68 22 28 50 30 56 
50 65 90 0 55 67 35 21 65 3 50 29 23 11 39 38 24 48 17 13 93 64 99 70 32 100 23 13 89 47 71 45 85 69 65 55 42 3 25 16 
83 55 24 55 0 9 30 41 42 51 52 13 21 9 18 61 74 0 10 84 65 32 75 83 6 99 37 42 95 94 81 72 36 14 60 3 87 4 99 10 
76 58 35 67 9 0 34 10 65 37 34 70 57 38 70 79 99 16 33 82 4 44 39 88 94 89 10 48 78 32 8 78 79 42 98 36 80 75 38 46 
78 30 71 35 30 34 0 80 11 84 7 26 39 21 0 12 24 93 25 11 9 98 57 4 23 89 81 26 90 16 74 77 5 46 2 57 32 38 94 84 
73 59 100 21 41 10 80 0 2 78 84 37 75 12 98 50 63 28 33 40 79 0 5 73 84 28 21 62 87 66 43 4 10 70 94 98 24 22 38 91 
10 77 39 65 42 65 11 2 0 97 60 27 79 89 99 100 89 3 6 11 39 41 98 40 83 19 44 36 5 59 15 57 38 66 73 22 92 94 25 8 
33 65 81 3 51 37 84 78 97 0 61 49 22 100 53 62 22 71 1 98 3 13 90 65 3 92 4 64 77 83 68 98 55 27 28 6 58 7 11 71 
31 45 20 50 52 34 7 84 60 61 0 32 50 66 42 3 97 72 23 36 73 64 3 42 47 82 65 98 52 85 61 33 99 47 53 90 30 76 69 10 
45 52 33 29 13 70 26 37 27 49 32 0 78 94 97 13 51 97 21 52 16 52 91 27 96 99 99 15 44 76 42 48 53 36 39 82 26 94 93 53 
17 2 88 23 21 57 39 75 79 22 50 78 0 70 10 77 84 7 41 32 23 29 81 52 36 14 4 66 37 60 84 97 9 69 19 17 52 42 51 73 
73 63 9 11 9 38 21 12 89 100 66 94 70 0 41 50 25 86 71 21 89 87 22 88 29 57 75 9 9 2 79 57 19 81 7 45 17 54 74 65 
92 23 82 39 18 70 0 98 99 53 42 97 10 41 0 16 7 5 24 30 51 50 46 4 44 0 46 15 80 20 33 38 77 42 27 31 11 2 34 20 
80 71 2 38 61 79 12 50 100 62 3 13 77 50 16 0 15 81 71 82 41 72 94 41 10 32 43 15 31 17 89 67 76 48 27 97 77 19 50 45 
91 97 67 24 74 99 24 63 89 22 97 51 84 25 7 15 0 52 71 41 19 22 23 95 94 27 94 49 4 83 30 41 94 93 93 44 21 11 87 70 
98 5 56 48 0 16 93 28 3 71 72 97 7 86 5 81 52 0 35 93 13 89 42 76 33 91 5 91 68 5 55 5 27 81 23 56 30 86 7 19 
92 64 18 17 10 33 25 33 6 1 23 21 41 71 24 71 71 35 0 84 6 35 34 49 32 73 66 93 83 68 66 40 7 2 87 64 71 40 33 22 
62 49 77 13 84 82 11 40 11 98 36 52 32 21 30 82 41 93 84 0 56 91 92 32 67 49 71 49 51 38 63 98 36 20 44 30 43 52 60 29 
56 28 50 93 65 4 9 79 39 3 73 16 23 89 51 41 19 13 6 56 0 8 18 61 97 12 62 15 2 61 77 4 6 100 84 63 14 50 53 60 
42 35 51 64 32 44 98 0 41 13 64 52 29 87 50 72 22 89 35 91 8 0 81 77 6 30 16 1 50 54 16 78 86 88 99 99 64 92 56 60 
37 93 50 99 75 39 57 5 98 90 3 91 81 22 46 94 23 42 34 92 18 81 0 55 76 7 77 6 62 24 82 70 89 49 90 34 3 71 31 67 
29 91 14 70 83 88 4 73 40 65 42 27 52 88 4 41 95 76 49 32 61 77 55 0 23 93 71 1 94 87 99 73 96 51 83 65 60 9 60 46 
28 13 16 32 6 94 23 84 83 3 47 96 36 29 44 10 94 33 32 67 97 6 76 23 0 87 97 49 74 28 95 7 13 93 97 71 8 61 53 82 
28 30 58 100 99 89 89 28 19 92 82 99 14 57 0 32 27 91 73 49 12 30 7 93 87 0 65 92 35 46 6 11 53 2 43 49 86 38 1 21 
27 99 80 23 37 10 81 21 44 4 65 99 4 75 46 43 94 5 66 71 62 16 77 71 97 65 0 87 91 61 42 88 42 72 12 93 39 98 63 69 
36 44 98 13 42 48 26 62 36 64 98 15 66 9 15 15 49 91 93 49 15 1 6 1 49 92 87 0 55 32 58 10 63 7 70 73 67 50 34 10 
64 87 29 89 95 78 90 87 5 77 52 44 37 9 80 31 4 68 83 51 2 50 62 94 74 35 91 55 0 19 72 32 38 18 71 46 31 29 83 65 
33 26 47 47 94 32 16 66 59 83 85 76 60 2 20 17 83 5 68 38 61 54 24 87 28 46 61 32 19 0 98 39 78 12 10 46 75 74 75 2 
73 90 77 71 81 8 74 43 15 68 61 42 84 79 33 89 30 55 66 63 77 16 82 99 95 6 42 58 72 98 0 22 16 74 42 65 57 63 68 39 
95 49 88 45 72 78 77 4 57 98 33 48 97 57 38 67 41 5 40 98 4 78 70 73 7 11 88 10 32 39 22 0 50 91 56 17 62 12 56 12 
9 60 99 85 36 79 5 10 38 55 99 53 9 19 77 76 94 27 7 36 6 86 89 96 13 53 42 63 38 78 16 50 0 90 6 12 54 15 82 11 
29 20 68 69 14 42 46 70 66 27 47 36 69 81 42 48 93 81 2 20 100 88 49 51 93 2 72 7 18 12 74 91 90 0 67 67 31 34 56 44 
5 98 68 65 60 98 2 94 73 28 53 39 19 7 27 27 93 23 87 44 84 99 90 83 97 43 12 70 71 10 42 56 6 67 0 15 87 35 67 72 
6 63 22 55 3 36 57 98 22 6 90 82 17 45 31 97 44 56 64 30 63 99 34 65 71 49 93 73 46 46 65 17 12 67 15 0 0 35 88 24 
44 82 28 42 87 80 32 24 92 58 30 26 52 17 11 77 21 30 71 43 14 64 3 60 8 86 39 67 31 75 57 62 54 31 87 0 0 56 61 24 
24 40 50 3 4 75 38 22 94 7 76 94 42 54 2 19 11 86 40 52 50 92 71 9 61 38 98 50 29 74 63 12 15 34 35 35 56 0 89 27 
26 18 30 25 99 38 94 38 25 11 69 93 51 74 34 50 87 7 33 60 53 56 31 60 53 1 63 34 83 75 68 56 82 56 67 88 61 89 0 19 
42 60 56 16 10 46 84 91 8 71 10 53 73 65 20 45 70 19 22 29 60 60 67 46 82 21 69 10 65 2 39 12 11 44 72 24 24 27 19 0 
BBBBBBBRRBRRBRRRRBRRRRRBBRRBBRRRRBRBBBBB
