34
0 82 3 31 73 61 93 30 55 26 44 12 98 5 95 22 92 95 88 48 42 16 10 43 32 96 5 80 61 12 93 63 72 94 
82 0 9 65 52 60 43 81 100 20 96 28 52 9 100 99 58 99 64 41 5 17 71 0 8 35 46 34 26 0 35 61 77 53 
3 9 0 8 98 8 65 30 39 48 64 43 10 100 52 3 82 70 20 6 21 71 4 93 88 74 74 13 49 92 45 88 85 84 
31 65 8 0 48 45 10 28 26 20 14 30 8 61 50 74 81 32 38 22 76 43 18 97 78 87 57 65 82 63 85 58 100 49 
73 52 98 48 0 44 88 7 94 21 17 64 67 76 13 42 27 57 6 51 100 3 90 63 71 27 73 82 64 55 92 49 14 82 
61 60 8 45 44 0 86 95 43 2 74 30 81 67 33 98 58 55 34 27 93 74 42 58 76 56 10 56 81 6 3 7 38 58 
93 43 65 10 88 86 0 82 96 24 68 54 17 72 81 20 25 19 15 79 93 58 55 88 1 30 69 18 48 93 26 33 78 65 
30 81 30 28 7 95 82 0 84 100 51 19 39 31 100 5 31 72 31 84 49 62 83 87 7 35 50 77 82 50 61 37 64 62 
55 100 39 26 94 43 96 84 0 13 7 59 46 96 68 80 70 65 29 64 45 70 54 66 30 42 31 18 100 49 71 16 42 84 
26 20 48 20 21 2 24 100 13 0 41 65 81 82 43 48 83 93 50 14 6 27 100 30 22 81 89 0 65 20 46 85 65 22 
44 96 64 14 17 74 68 51 7 41 0 91 72 3 59 91 41 54 77 18 36 38 90 44 62 85 29 83 72 43 59 70 32 6 
12 28 43 30 64 30 54 19 59 65 91 0 24 97 37 39 85 1 96 68 57 27 15 100 97 29 57 52 3 47 50 42 25 72 
98 52 10 8 67 81 17 39 46 81 72 24 0 84 45 99 28 89 22 94 31 93 90 3 11 98 31 97 47 31 91 40 18 19 
5 9 100 61 76 67 72 31 96 82 3 97 84 0 5 20 45 3 0 67 78 20 45 23 74 47 27 35 80 47 92 15 65 73 
95 100 52 50 13 33 81 100 68 43 59 37 45 5 0 48 40 71 64 94 22 44 49 70 87 91 35 50 92 78 0 79 98 76 
22 99 3 74 42 98 20 5 80 48 91 39 99 20 48 0 16 23 30 29 1 69 69 38 59 72 45 82 13 46 21 31 61 35 
92 58 82 81 27 58 25 31 70 83 41 85 28 45 40 16 0 32 43 87 57 71 29 15 84 85 23 93 47 83 71 75 67 74 
95 99 70 32 57 55 19 72 65 93 54 1 89 3 71 23 32 0 51 43 79 79 36 20 21 1 78 37 21 15 9 61 81 98 
88 64 20 38 6 34 15 31 29 50 77 96 22 0 64 30 43 51 0 39 60 12 3 19 94 54 12 74 74 70 69 12 49 8 
48 41 6 22 51 27 79 84 64 14 18 68 94 67 94 29 87 43 39 0 19 39 99 8 65 50 28 77 67 6 43 34 34 45 
42 5 21 76 100 93 93 49 45 6 36 57 31 78 22 1 57 79 60 19 0 64 75 40 81 30 4 54 67 19 91 9 85 4 
16 17 71 43 3 74 58 62 70 27 38 27 93 20 44 69 71 79 12 39 64 0 62 99 3 95 18 70 24 21 3 68 47 82 
10 71 4 18 90 42 55 83 54 100 90 15 90 45 49 69 29 36 3 99 75 62 0 11 85 50 87 23 48 77 71 85 11 85 
43 0 93 97 63 58 88 87 66 30 44 100 3 23 70 38 15 20 19 8 40 99 11 0 33 45 49 60 42 25 29 97 88 6 
32 8 88 78 71 76 1 7 30 22 62 97 11 74 87 59 84 21 94 65 81 3 85 33 0 55 59 59 18 80 49 9 32 68 
96 35 74 87 27 56 30 35 42 81 85 29 98 47 91 72 85 1 54 50 30 95 50 45 55 0 81 49 79 78 78 69 1 18 
5 46 74 57 73 10 69 50 31 89 29 57 31 27 35 45 23 78 12 28 4 18 87 49 59 81 0 86 95 53 51 7 33 66 
80 34 13 65 82 56 18 77 18 0 83 52 97 35 50 82 93 37 74 77 54 70 23 60 59 49 86 0 5 10 91 48 54 2 
61 26 49 82 64 81 48 82 100 65 72 3 47 80 92 13 47 21 74 67 67 24 48 42 18 79 95 5 0 39 100 54 53 87 
12 0 92 63 55 6 93 50 49 20 43 47 31 47 78 46 83 15 70 6 19 21 77 25 80 78 53 10 39 0 94 5 87 45 
93 35 45 85 92 3 26 61 71 46 59 50 91 92 0 21 71 9 69 43 91 3 71 29 49 78 51 91 100 94 0 99 94 61 
63 61 88 58 49 7 33 37 16 85 70 42 40 15 79 31 75 61 12 34 9 68 85 97 9 69 7 48 54 5 99 0 41 89 
72 77 85 100 14 38 78 64 42 65 32 25 18 65 98 61 67 81 49 34 85 47 11 88 32 1 33 54 53 87 94 41 0 14 
94 53 84 49 82 58 65 62 84 22 6 72 19 73 76 35 74 98 8 45 4 82 85 6 68 18 66 2 87 45 61 89 14 0 
BBRRBRBBRRRRRRRRRBBBBRBBBBBRBRBRRB
