48
0 92 87 20 58 62 89 26 17 38 83 24 0 7 76 13 12 13 69 82 62 2 68 8 73 80 86 85 67 56 23 24 35 47 2 72 38 28 50 2 100 60 17 57 85 26 5 72 
92 0 49 77 47 55 32 61 62 30 93 13 71 72 53 39 84 17 9 96 6 20 22 43 44 99 74 57 12 49 58 97 62 27 45 33 6 3 54 95 93 3 55 13 49 59 40 55 
87 49 0 56 19 61 27 17 22 8 92 48 83 20 90 66 85 66 36 64 63 48 94 63 66 21 7 49 15 76 99 24 32 80 31 84 5 36 47 28 62 41 8 91 11 84 95 68 
20 77 56 0 72 66 70 13 58 28 14 90 24 73 22 50 37 25 33 88 43 89 29 20 80 74 45 0 3 51 14 91 61 91 59 85 37 14 57 91 5 38 45 37 23 72 18 37 
58 47 19 72 0 74 47 79 29 80 3 92 99 55 93 29 27 42 72 71 26 89 19 63 64 50 53 43 91 0 64 27 97 1 37 54 80 78 2 17 26 41 53 31 72 41 19 73 
62 55 61 66 74 0 38 1 40 6 47 11 87 34 33 60 34 19 91 75 25 15 20 74 49 32 71 70 23 94 21 98 15 72 33 52 86 7 31 41 67 10 80 21 4 100 68 6 
89 32 27 70 47 38 0 43 59 12 38 71 9 75 5 29 29 58 70 19 57 94 55 28 21 44 4 63 49 81 93 41 79 44 81 90 19 81 98 65 97 6 80 64 79 36 21 85 
26 61 17 13 79 1 43 0 33 35 6 30 26 44 85 21 41 58 25 15 16 69 16 76 64 47 97 15 35 61 66 23 89 35 41 1 26 11 33 19 43 79 80 33 57 88 89 67 
17 62 22 58 29 40 59 33 0 52 7 83 100 58 88 50 54 78 33 23 38 14 50 95 2 25 31 12 47 91 72 51 9 34 100 40 5 61 20 83 28 31 74 28 9 53 58 71 
38 30 8 28 80 6 12 35 52 0 70 18 58 13 17 81 35 8 20 10 92 47 48 4 87 24 26 96 1 37 72 4 13 23 65 11 12 56 87 86 98 75 100 94 7 18 77 51 
83 93 92 14 3 47 38 6 7 70 0 35 82 93 49 11 69 43 35 93 78 47 29 72 20 11 6 13 34 18 98 81 6 96 50 57 61 16 83 81 85 88 83 36 81 15 73 69 
24 13 48 90 92 11 71 30 83 18 35 0 80 8 0 39 3 16 43 92 51 1 16 8 70 16 37 8 99 73 3 6 89 38 70 50 91 91 15 3 29 50 56 65 59 26 96 76 
0 71 83 24 99 87 9 26 100 58 82 80 0 17 87 50 96 13 74 18 9 56 55 61 36 99 66 20 80 0 40 73 78 12 69 12 7 52 79 43 39 67 59 100 8 99 42 78 
7 72 20 73 55 34 75 44 58 13 93 8 17 0 16 68 55 97 38 67 91 63 90 63 14 27 91 63 46 43 55 27 61 85 23 96 95 28 13 77 79 98 24 24 89 0 93 46 
76 53 90 22 93 33 5 85 88 17 49 0 87 16 0 10 32 100 94 39 14 6 57 18 34 22 51 84 81 62 73 73 1 67 12 30 91 1 89 86 61 88 5 93 45 14 69 18 
13 39 66 50 29 60 29 21 50 81 11 39 50 68 10 0 39 4 23 64 81 16 36 40 28 16 90 14 47 0 91 72 61 12 1 44 56 35 69 85 27 97 80 41 48 10 86 86 
12 84 85 37 27 34 29 41 54 35 69 3 96 55 32 39 0 53 98 69 57 49 62 33 66 22 74 19 78 47 22 100 75 73 40 94 43 79 33 57 71 51 1 81 52 46 96 52 
13 17 66 25 42 19 58 58 78 8 43 16 13 97 100 4 53 0 68 35 35 55 43 85 57 61 13 71 65 96 66 25 19 10 32 56 78 30 84 89 77 3 91 27 100 24 78 1 
69 9 36 33 72 91 70 25 33 20 35 43 74 38 94 23 98 68 0 100 89 30 17 2 98 99 84 28 67 95 56 40 82 100 74 44 46 24 15 58 34 50 25 91 4 13 35 86 
82 96 64 88 71 75 19 15 23 10 93 92 18 67 39 64 69 35 100 0 46 42 65 37 100 61 80 35 9 51 38 81 44 11 5 45 32 85 60 13 31 57 28 39 37 63 70 23 
62 6 63 43 26 25 57 16 38 92 78 51 9 91 14 81 57 35 89 46 0 17 86 67 87 14 34 12 13 1 16 19 5 16 45 75 27 18 30 97 63 80 52 53 98 86 39 51 
2 20 48 89 89 15 94 69 14 47 47 1 56 63 6 16 49 55 30 42 17 0 21 68 81 12 82 0 50 31 44 67 72 32 56 47 68 36 28 1 82 60 1 36 11 26 70 46 
68 22 94 29 19 20 55 16 50 48 29 16 55 90 57 36 62 43 17 65 86 21 0 55 74 25 77 70 64 2 31 41 17 1 96 71 86 92 46 49 15 14 2 18 1 37 96 63 
8 43 63 20 63 74 28 76 95 4 72 8 61 63 18 40 33 85 2 37 67 68 55 0 5 93 98 19 69 20 63 5 7 35 84 30 20 57 24 78 44 0 93 100 99 4 29 29 
73 44 66 80 64 49 21 64 2 87 20 70 36 14 34 28 66 57 98 100 87 81 74 5 0 0 35 35 65 44 90 92 31 25 87 28 60 60 83 51 33 77 0 27 84 61 75 36 
80 99 21 74 50 32 44 47 25 24 11 16 99 27 22 16 22 61 99 61 14 12 25 93 0 0 63 15 7 65 99 10 2 51 48 33 52 57 24 22 25 70 24 74 27 37 44 78 
86 74 7 45 53 71 4 97 31 26 6 37 66 91 51 90 74 13 84 80 34 82 77 98 35 63 0 20 91 21 55 42 28 3 92 13 71 57 55 51 37 70 47 30 78 84 53 22 
85 57 49 0 43 70 63 15 12 96 13 8 20 63 84 14 19 71 28 35 12 0 70 19 35 15 20 0 28 38 39 73 6 100 27 43 21 45 58 3 16 83 15 44 98 37 59 11 
67 12 15 3 91 23 49 35 47 1 34 99 80 46 81 47 78 65 67 9 13 50 64 69 65 7 91 28 0 28 11 31 11 41 77 84 59 43 1 15 3 39 98 18 71 25 86 15 
56 49 76 51 0 94 81 61 91 37 18 73 0 43 62 0 47 96 95 51 1 31 2 20 44 65 21 38 28 0 65 31 87 91 58 79 5 31 40 38 94 56 46 28 7 74 12 5 
23 58 99 14 64 21 93 66 72 72 98 3 40 55 73 91 22 66 56 38 16 44 31 63 90 99 55 39 11 65 0 66 95 35 15 48 32 50 53 52 50 65 1 16 11 40 44 48 
24 97 24 91 27 98 41 23 51 4 81 6 73 27 73 72 100 25 40 81 19 67 41 5 92 10 42 73 31 31 66 0 89 74 98 46 98 34 86 17 98 70 60 53 90 87 42 20 
35 62 32 61 97 15 79 89 9 13 6 89 78 61 1 61 75 19 82 44 5 72 17 7 31 2 28 6 11 87 95 89 0 27 58 42 22 67 66 81 77 8 87 24 31 29 28 37 
47 27 80 91 1 72 44 35 34 23 96 38 12 85 67 12 73 10 100 11 16 32 1 35 25 51 3 100 41 91 35 74 27 0 67 24 45 58 10 58 6 14 7 51 54 92 47 62 
2 45 31 59 37 33 81 41 100 65 50 70 69 23 12 1 40 32 74 5 45 56 96 84 87 48 92 27 77 58 15 98 58 67 0 45 41 76 9 46 33 95 26 9 61 14 50 6 
72 33 84 85 54 52 90 1 40 11 57 50 12 96 30 44 94 56 44 45 75 47 71 30 28 33 13 43 84 79 48 46 42 24 45 0 77 49 86 24 96 73 43 54 11 26 50 62 
38 6 5 37 80 86 19 26 5 12 61 91 7 95 91 56 43 78 46 32 27 68 86 20 60 52 71 21 59 5 32 98 22 45 41 77 0 100 49 15 8 73 38 9 31 0 54 48 
28 3 36 14 78 7 81 11 61 56 16 91 52 28 1 35 79 30 24 85 18 36 92 57 60 57 57 45 43 31 50 34 67 58 76 49 100 0 33 48 2 82 83 44 13 76 26 5 
50 54 47 57 2 31 98 33 20 87 83 15 79 13 89 69 33 84 15 60 30 28 46 24 83 24 55 58 1 40 53 86 66 10 9 86 49 33 0 89 3 74 89 70 26 69 43 30 
2 95 28 91 17 41 65 19 83 86 81 3 43 77 86 85 57 89 58 13 97 1 49 78 51 22 51 3 15 38 52 17 81 58 46 24 15 48 89 0 60 30 62 19 30 20 25 57 
100 93 62 5 26 67 97 43 28 98 85 29 39 79 61 27 71 77 34 31 63 82 15 44 33 25 37 16 3 94 50 98 77 6 33 96 8 2 3 60 0 94 89 94 68 91 58 8 
60 3 41 38 41 10 6 79 31 75 88 50 67 98 88 97 51 3 50 57 80 60 14 0 77 70 70 83 39 56 65 70 8 14 95 73 73 82 74 30 94 0 26 85 76 48 40 28 
17 55 8 45 53 80 80 80 74 100 83 56 59 24 5 80 1 91 25 28 52 1 2 93 0 24 47 15 98 46 1 60 87 7 26 43 38 83 89 62 89 26 0 74 67 65 2 79 
57 13 91 37 31 21 64 33 28 94 36 65 100 24 93 41 81 27 91 39 53 36 18 100 27 74 30 44 18 28 16 53 24 51 9 54 9 44 70 19 94 85 74 0 24 0 49 43 
85 49 11 23 72 4 79 57 9 7 81 59 8 89 45 48 52 100 4 37 98 11 1 99 84 27 78 98 71 7 11 90 31 54 61 11 31 13 26 30 68 76 67 24 0 37 78 2 
26 59 84 72 41 100 36 88 53 18 15 26 99 0 14 10 46 24 13 63 86 26 37 4 61 37 84 37 25 74 40 87 29 92 14 26 0 76 69 20 91 48 65 0 37 0 100 11 
5 40 95 18 19 68 21 89 58 77 73 96 42 93 69 86 96 78 35 70 39 70 96 29 75 44 53 59 86 12 44 42 28 47 50 50 54 26 43 25 58 40 2 49 78 100 0 62 
72 55 68 37 73 6 85 67 71 51 69 76 78 46 18 86 52 1 86 23 51 46 63 29 36 78 22 11 15 5 48 20 37 62 6 62 48 5 30 57 8 28 79 43 2 11 62 0 
BBRBBBRBBRBRRRBRRBBBRBRRRBBBRBRRBRRRRRBBBRRBRBBR
