38
0 48 38 81 83 8 85 47 55 36 81 79 19 80 64 54 30 93 27 12 42 47 42 43 79 64 67 86 39 30 97 86 85 43 47 9 11 11 
48 0 41 97 46 80 45 81 36 91 43 28 18 7 67 8 63 76 21 68 72 42 63 32 75 58 41 59 2 46 38 31 59 78 95 58 82 57 
38 41 0 6 59 66 60 93 38 96 25 96 32 10 29 54 79 90 49 26 60 7 54 86 9 67 68 39 7 37 18 39 2 81 59 63 100 6 
81 97 6 0 12 7 95 12 48 60 42 52 70 20 71 41 31 48 54 26 45 51 75 3 51 26 79 46 24 59 26 90 80 89 54 52 61 52 
83 46 59 12 0 9 7 30 56 62 99 14 1 54 23 51 54 86 10 15 38 31 11 55 92 70 39 20 58 29 55 73 89 91 40 43 98 3 
8 80 66 7 9 0 48 81 16 73 10 60 54 78 80 54 0 62 72 26 78 89 51 2 2 25 47 9 85 94 95 8 61 18 20 25 84 24 
85 45 60 95 7 48 0 2 74 45 73 81 2 1 79 32 47 35 10 78 51 8 9 63 70 94 54 78 69 6 32 45 80 0 34 54 40 51 
47 81 93 12 30 81 2 0 30 72 48 78 37 63 51 88 55 18 32 59 13 69 78 65 63 27 48 66 99 4 29 35 9 72 39 85 91 48 
55 36 38 48 56 16 74 30 0 20 21 64 26 66 74 11 99 24 7 87 1 73 59 10 94 44 40 47 24 57 28 43 61 42 18 15 52 80 
36 91 96 60 62 73 45 72 20 0 71 13 25 40 92 77 84 80 57 89 87 99 94 78 89 27 91 62 99 77 51 62 60 71 34 72 40 56 
81 43 25 42 99 10 73 48 21 71 0 87 57 3 93 78 17 87 28 41 70 20 3 57 79 6 20 75 33 14 3 98 92 36 28 30 1 95 
79 28 96 52 14 60 81 78 64 13 87 0 93 62 43 45 15 62 41 75 92 20 80 39 26 66 33 92 34 22 11 55 58 95 62 45 49 85 
19 18 32 70 1 54 2 37 26 25 57 93 0 46 28 95 35 31 30 61 24 28 32 12 86 99 18 44 20 91 43 32 88 23 6 75 59 37 
80 7 10 20 54 78 1 63 66 40 3 62 46 0 39 43 97 94 92 91 21 1 92 77 66 63 2 70 5 29 76 11 58 51 85 60 39 85 
64 67 29 71 23 80 79 51 74 92 93 43 28 39 0 33 100 70 10 97 3 14 95 10 23 98 22 35 35 69 9 74 88 10 73 64 33 94 
54 8 54 41 51 54 32 88 11 77 78 45 95 43 33 0 6 2 42 30 15 49 52 26 91 75 57 0 51 6 94 85 0 76 36 97 94 0 
30 63 79 31 54 0 47 55 99 84 17 15 35 97 100 6 0 18 77 6 56 17 43 73 100 21 91 100 71 32 99 71 94 46 41 23 8 33 
93 76 90 48 86 62 35 18 24 80 87 62 31 94 70 2 18 0 49 69 22 55 14 69 76 59 0 48 10 85 70 44 11 52 39 27 100 59 
27 21 49 54 10 72 10 32 7 57 28 41 30 92 10 42 77 49 0 45 37 84 82 47 62 7 34 82 70 12 22 32 1 82 82 68 56 96 
12 68 26 26 15 26 78 59 87 89 41 75 61 91 97 30 6 69 45 0 44 49 17 54 48 10 78 48 68 30 27 97 29 48 13 50 97 5 
42 72 60 45 38 78 51 13 1 87 70 92 24 21 3 15 56 22 37 44 0 81 83 81 81 99 26 7 49 79 84 61 11 23 90 35 5 60 
47 42 7 51 31 89 8 69 73 99 20 20 28 1 14 49 17 55 84 49 81 0 74 21 75 47 17 84 36 94 32 98 51 60 30 61 43 60 
42 63 54 75 11 51 9 78 59 94 3 80 32 92 95 52 43 14 82 17 83 74 0 97 86 98 54 64 47 40 83 19 99 30 39 29 75 16 
43 32 86 3 55 2 63 65 10 78 57 39 12 77 10 26 73 69 47 54 81 21 97 0 94 4 84 17 21 57 40 29 96 64 90 76 34 28 
79 75 9 51 92 2 70 63 94 89 79 26 86 66 23 91 100 76 62 48 81 75 86 94 0 30 98 89 5 10 82 48 2 32 3 20 1 84 
64 58 67 26 70 25 94 27 44 27 6 66 99 63 98 75 21 59 7 10 99 47 98 4 30 0 65 96 82 3 55 70 57 4 3 98 24 48 
67 41 68 79 39 47 54 48 40 91 20 33 18 2 22 57 91 0 34 78 26 17 54 84 98 65 0 32 22 15 81 42 47 2 58 19 78 42 
86 59 39 46 20 9 78 66 47 62 75 92 44 70 35 0 100 48 82 48 7 84 64 17 89 96 32 0 45 73 66 37 14 100 18 25 76 29 
39 2 7 24 58 85 69 99 24 99 33 34 20 5 35 51 71 10 70 68 49 36 47 21 5 82 22 45 0 21 35 78 24 9 95 80 19 13 
30 46 37 59 29 94 6 4 57 77 14 22 91 29 69 6 32 85 12 30 79 94 40 57 10 3 15 73 21 0 33 53 1 84 10 47 39 15 
97 38 18 26 55 95 32 29 28 51 3 11 43 76 9 94 99 70 22 27 84 32 83 40 82 55 81 66 35 33 0 96 77 97 91 69 81 52 
86 31 39 90 73 8 45 35 43 62 98 55 32 11 74 85 71 44 32 97 61 98 19 29 48 70 42 37 78 53 96 0 16 97 78 36 29 43 
85 59 2 80 89 61 80 9 61 60 92 58 88 58 88 0 94 11 1 29 11 51 99 96 2 57 47 14 24 1 77 16 0 3 53 24 22 78 
43 78 81 89 91 18 0 72 42 71 36 95 23 51 10 76 46 52 82 48 23 60 30 64 32 4 2 100 9 84 97 97 3 0 92 72 68 66 
47 95 59 54 40 20 34 39 18 34 28 62 6 85 73 36 41 39 82 13 90 30 39 90 3 3 58 18 95 10 91 78 53 92 0 24 22 88 
9 58 63 52 43 25 54 85 15 72 30 45 75 60 64 97 23 27 68 50 35 61 29 76 20 98 19 25 80 47 69 36 24 72 24 0 9 44 
11 82 100 61 98 84 40 91 52 40 1 49 59 39 33 94 8 100 56 97 5 43 75 34 1 24 78 76 19 39 81 29 22 68 22 9 0 66 
11 57 6 52 3 24 51 48 80 56 95 85 37 85 94 0 33 59 96 5 60 60 16 28 84 48 42 29 13 15 52 43 78 66 88 44 66 0 
BRBBBRBBBBBRRBRBBRRBBRBRRBRRRRBRRRRBBR
