40
0 55 90 67 87 81 31 68 81 69 35 43 81 36 16 92 69 66 76 26 75 19 62 38 26 95 23 66 93 19 86 82 75 44 71 1 91 65 27 36 
55 0 91 18 25 32 36 33 96 37 55 0 75 23 21 34 20 60 97 89 95 64 63 24 100 15 13 40 97 7 37 55 47 39 19 100 27 57 85 30 
90 91 0 15 94 59 59 53 60 28 48 84 67 24 60 100 45 4 12 98 5 8 95 63 95 89 76 89 42 100 0 71 58 22 0 25 57 64 17 49 
67 18 15 0 36 17 29 62 60 48 62 48 45 43 37 66 70 24 82 81 64 59 55 96 64 53 39 82 63 4 29 50 3 7 4 70 59 79 80 35 
87 25 94 36 0 64 98 21 10 25 61 41 28 95 72 19 54 100 11 1 52 34 88 21 65 12 11 58 87 74 46 12 92 80 16 84 73 42 73 40 
81 32 59 17 64 0 8 93 85 21 32 60 14 35 68 95 87 100 81 12 45 33 84 42 24 56 53 77 80 97 52 31 85 20 74 92 64 94 49 43 
31 36 59 29 98 8 0 72 56 36 44 97 48 66 29 3 25 76 73 60 5 15 97 51 53 80 71 77 42 56 1 45 26 18 49 95 96 58 29 29 
68 33 53 62 21 93 72 0 37 85 49 2 31 80 92 4 66 6 80 10 80 78 1 28 20 35 19 30 82 56 31 8 3 79 20 89 49 97 29 71 
81 96 60 60 10 85 56 37 0 28 53 15 54 24 9 54 48 72 4 44 42 68 51 67 81 11 4 57 24 80 31 15 21 91 36 65 17 2 16 87 
69 37 28 48 25 21 36 85 28 0 32 50 12 37 58 35 98 78 54 8 71 16 9 76 72 51 52 44 52 71 79 52 21 38 68 77 62 65 84 19 
35 55 48 62 61 32 44 49 53 32 0 24 51 66 27 55 25 35 85 39 70 63 63 20 15 5 95 22 17 3 29 15 57 72 16 12 42 10 8 85 
43 0 84 48 41 60 97 2 15 50 24 0 86 74 62 80 44 60 66 67 51 43 61 86 70 50 62 75 30 58 23 90 10 11 45 15 95 54 30 32 
81 75 67 45 28 14 48 31 54 12 51 86 0 73 24 43 68 69 56 40 96 93 33 26 64 90 5 16 51 8 84 51 100 72 99 44 75 30 9 15 
36 23 24 43 95 35 66 80 24 37 66 74 73 0 57 86 16 43 6 80 28 19 53 15 15 26 57 58 35 84 62 15 43 98 16 42 11 82 3 92 
16 21 60 37 72 68 29 92 9 58 27 62 24 57 0 40 42 38 74 46 88 9 73 95 70 0 62 10 18 81 29 7 95 77 83 26 21 74 17 3 
92 34 100 66 19 95 3 4 54 35 55 80 43 86 40 0 28 14 51 60 28 49 82 39 27 54 38 89 43 42 4 19 45 29 25 79 92 32 4 61 
69 20 45 70 54 87 25 66 48 98 25 44 68 16 42 28 0 31 48 100 60 7 22 86 55 5 21 95 17 7 75 33 9 61 48 33 68 83 93 89 
66 60 4 24 100 100 76 6 72 78 35 60 69 43 38 14 31 0 1 11 77 78 26 82 9 73 95 48 99 6 86 96 13 39 37 68 10 0 59 59 
76 97 12 82 11 81 73 80 4 54 85 66 56 6 74 51 48 1 0 44 35 84 92 20 71 22 41 49 47 45 15 64 90 9 23 64 41 94 18 61 
26 89 98 81 1 12 60 10 44 8 39 67 40 80 46 60 100 11 44 0 69 55 85 80 47 96 90 84 48 37 99 99 33 59 2 88 46 28 41 81 
75 95 5 64 52 45 5 80 42 71 70 51 96 28 88 28 60 77 35 69 0 19 70 16 86 6 66 86 8 3 20 99 92 31 72 94 16 81 12 7 
19 64 8 59 34 33 15 78 68 16 63 43 93 19 9 49 7 78 84 55 19 0 86 19 58 37 46 87 98 13 24 29 70 1 49 26 4 27 14 52 
62 63 95 55 88 84 97 1 51 9 63 61 33 53 73 82 22 26 92 85 70 86 0 72 29 31 92 15 47 31 63 64 86 42 84 59 71 53 79 34 
38 24 63 96 21 42 51 28 67 76 20 86 26 15 95 39 86 82 20 80 16 19 72 0 82 5 6 31 30 56 32 33 55 100 96 55 50 49 13 14 
26 100 95 64 65 24 53 20 81 72 15 70 64 15 70 27 55 9 71 47 86 58 29 82 0 88 6 95 7 20 30 81 48 88 14 8 31 22 27 97 
95 15 89 53 12 56 80 35 11 51 5 50 90 26 0 54 5 73 22 96 6 37 31 5 88 0 61 64 61 30 17 50 7 10 94 42 82 2 65 53 
23 13 76 39 11 53 71 19 4 52 95 62 5 57 62 38 21 95 41 90 66 46 92 6 6 61 0 0 95 10 63 80 41 82 54 2 7 87 67 49 
66 40 89 82 58 77 77 30 57 44 22 75 16 58 10 89 95 48 49 84 86 87 15 31 95 64 0 0 71 96 94 25 26 69 39 44 23 10 78 31 
93 97 42 63 87 80 42 82 24 52 17 30 51 35 18 43 17 99 47 48 8 98 47 30 7 61 95 71 0 25 46 79 39 69 54 40 11 64 94 47 
19 7 100 4 74 97 56 56 80 71 3 58 8 84 81 42 7 6 45 37 3 13 31 56 20 30 10 96 25 0 94 44 4 30 26 46 70 22 83 18 
86 37 0 29 46 52 1 31 31 79 29 23 84 62 29 4 75 86 15 99 20 24 63 32 30 17 63 94 46 94 0 25 78 24 71 74 31 76 90 51 
82 55 71 50 12 31 45 8 15 52 15 90 51 15 7 19 33 96 64 99 99 29 64 33 81 50 80 25 79 44 25 0 21 8 94 99 71 53 50 37 
75 47 58 3 92 85 26 3 21 21 57 10 100 43 95 45 9 13 90 33 92 70 86 55 48 7 41 26 39 4 78 21 0 4 42 82 32 86 52 52 
44 39 22 7 80 20 18 79 91 38 72 11 72 98 77 29 61 39 9 59 31 1 42 100 88 10 82 69 69 30 24 8 4 0 23 41 70 88 79 58 
71 19 0 4 16 74 49 20 36 68 16 45 99 16 83 25 48 37 23 2 72 49 84 96 14 94 54 39 54 26 71 94 42 23 0 97 77 22 71 70 
1 100 25 70 84 92 95 89 65 77 12 15 44 42 26 79 33 68 64 88 94 26 59 55 8 42 2 44 40 46 74 99 82 41 97 0 17 18 6 72 
91 27 57 59 73 64 96 49 17 62 42 95 75 11 21 92 68 10 41 46 16 4 71 50 31 82 7 23 11 70 31 71 32 70 77 17 0 13 19 0 
65 57 64 79 42 94 58 97 2 65 10 54 30 82 74 32 83 0 94 28 81 27 53 49 22 2 87 10 64 22 76 53 86 88 22 18 13 0 72 62 
27 85 17 80 73 49 29 29 16 84 8 30 9 3 17 4 93 59 18 41 12 14 79 13 27 65 67 78 94 83 90 50 52 79 71 6 19 72 0 40 
36 30 49 35 40 43 29 71 87 19 85 32 15 92 3 61 89 59 61 81 7 52 34 14 97 53 49 31 47 18 51 37 52 58 70 72 0 62 40 0 
RBRBBRRBRBBBRBRRRBRRBBRRBBBRBRBBBRRBBRRR
