48
0 1 39 1 35 79 65 13 63 46 0 73 55 55 65 99 75 0 9 87 9 57 75 85 16 49 19 15 30 30 7 57 47 55 14 71 100 56 43 84 33 57 47 21 22 82 57 44 
1 0 27 88 79 54 4 63 36 41 40 66 12 91 56 97 86 11 81 20 46 27 99 83 69 9 100 84 45 80 13 38 94 86 67 15 86 23 4 97 56 83 63 67 26 87 54 14 
39 27 0 88 32 62 33 64 74 15 66 18 65 41 87 78 77 19 63 76 56 36 32 6 71 59 29 44 58 99 37 67 24 25 88 82 25 86 49 95 5 92 19 33 97 52 14 35 
1 88 88 0 29 1 35 85 20 28 60 99 42 36 44 58 2 79 16 60 84 89 47 29 21 43 56 40 65 57 42 60 79 95 69 74 75 45 7 16 17 5 28 96 31 36 74 61 
35 79 32 29 0 13 61 2 62 33 62 65 58 23 31 37 60 60 95 76 65 72 14 44 12 59 74 56 75 79 93 26 41 42 82 12 85 79 76 28 65 39 42 66 45 71 63 6 
79 54 62 1 13 0 6 65 11 53 59 73 15 76 47 40 23 34 12 92 69 8 75 48 37 40 12 49 25 87 81 83 41 73 83 32 65 40 74 72 23 43 12 94 55 89 75 85 
65 4 33 35 61 6 0 85 82 7 74 18 4 96 4 23 60 49 39 49 12 90 0 76 51 96 71 88 50 44 99 100 33 23 92 54 66 47 73 97 91 29 35 38 24 74 7 39 
13 63 64 85 2 65 85 0 7 63 35 98 18 33 33 83 49 87 50 55 32 3 37 39 68 17 47 20 73 97 72 62 35 95 38 77 26 15 47 19 69 44 37 42 20 75 66 22 
63 36 74 20 62 11 82 7 0 18 58 60 31 16 11 1 3 76 85 41 21 46 45 64 84 30 20 64 42 18 27 54 43 4 99 63 15 40 63 66 68 100 22 8 65 38 66 5 
46 41 15 28 33 53 7 63 18 0 82 74 94 78 19 4 42 7 51 61 87 98 17 2 35 84 29 87 14 56 95 72 70 42 0 31 10 51 15 99 37 92 75 6 34 41 39 23 
0 40 66 60 62 59 74 35 58 82 0 46 83 18 47 89 60 58 67 23 21 41 58 71 41 78 16 59 92 100 92 23 53 18 9 38 48 57 87 21 12 57 38 23 39 36 22 7 
73 66 18 99 65 73 18 98 60 74 46 0 47 17 54 44 77 81 95 22 48 94 13 30 71 79 33 60 51 72 59 58 42 51 82 44 5 84 94 89 55 5 21 27 15 44 71 21 
55 12 65 42 58 15 4 18 31 94 83 47 0 21 96 73 40 20 23 27 27 11 92 22 61 11 18 36 2 58 27 46 43 81 42 4 51 52 30 18 5 29 94 5 6 54 31 50 
55 91 41 36 23 76 96 33 16 78 18 17 21 0 18 43 51 64 13 38 33 6 43 37 4 74 50 57 42 74 40 35 55 49 18 1 39 71 85 0 80 4 84 91 45 17 90 75 
65 56 87 44 31 47 4 33 11 19 47 54 96 18 0 26 31 1 65 65 15 89 15 11 4 63 8 65 54 65 41 55 52 33 84 5 66 87 17 94 71 85 57 46 29 37 55 45 
99 97 78 58 37 40 23 83 1 4 89 44 73 43 26 0 38 71 99 95 96 64 47 44 42 24 30 47 92 8 50 20 2 28 46 25 51 36 75 33 72 87 80 67 8 40 47 83 
75 86 77 2 60 23 60 49 3 42 60 77 40 51 31 38 0 93 15 49 44 93 35 90 95 6 93 78 66 53 98 11 59 55 35 73 12 45 53 63 91 7 19 77 70 41 33 5 
0 11 19 79 60 34 49 87 76 7 58 81 20 64 1 71 93 0 43 38 96 20 66 10 50 12 46 41 93 25 31 92 57 46 56 78 58 0 81 48 25 2 20 0 74 26 68 57 
9 81 63 16 95 12 39 50 85 51 67 95 23 13 65 99 15 43 0 54 44 73 80 92 44 23 2 39 100 46 10 80 68 74 11 1 33 80 59 84 5 6 99 75 82 16 97 50 
87 20 76 60 76 92 49 55 41 61 23 22 27 38 65 95 49 38 54 0 53 52 99 65 86 94 36 55 72 15 45 87 36 77 100 47 60 74 59 62 17 42 63 10 40 59 20 71 
9 46 56 84 65 69 12 32 21 87 21 48 27 33 15 96 44 96 44 53 0 65 69 85 12 14 80 59 100 22 73 20 2 46 26 62 37 33 84 85 0 30 94 0 26 21 48 53 
57 27 36 89 72 8 90 3 46 98 41 94 11 6 89 64 93 20 73 52 65 0 51 88 80 99 55 76 43 46 62 15 81 43 40 33 53 95 3 64 98 29 34 43 9 65 30 16 
75 99 32 47 14 75 0 37 45 17 58 13 92 43 15 47 35 66 80 99 69 51 0 95 28 4 52 58 4 0 70 35 47 52 98 86 97 19 9 97 39 43 52 25 37 57 55 52 
85 83 6 29 44 48 76 39 64 2 71 30 22 37 11 44 90 10 92 65 85 88 95 0 29 68 65 91 10 89 51 3 76 19 39 85 1 92 71 53 2 51 41 39 27 9 70 45 
16 69 71 21 12 37 51 68 84 35 41 71 61 4 4 42 95 50 44 86 12 80 28 29 0 86 73 72 33 0 8 7 83 5 30 85 91 53 21 36 99 86 7 60 78 83 13 51 
49 9 59 43 59 40 96 17 30 84 78 79 11 74 63 24 6 12 23 94 14 99 4 68 86 0 10 54 70 4 78 68 78 20 70 75 90 37 82 0 84 20 48 37 98 90 65 61 
19 100 29 56 74 12 71 47 20 29 16 33 18 50 8 30 93 46 2 36 80 55 52 65 73 10 0 33 15 66 47 46 78 57 6 7 9 48 4 31 31 85 72 57 38 26 50 82 
15 84 44 40 56 49 88 20 64 87 59 60 36 57 65 47 78 41 39 55 59 76 58 91 72 54 33 0 44 91 100 11 58 68 73 35 23 54 4 93 61 80 97 29 89 91 38 53 
30 45 58 65 75 25 50 73 42 14 92 51 2 42 54 92 66 93 100 72 100 43 4 10 33 70 15 44 0 24 69 13 98 18 70 13 13 32 60 80 80 63 23 91 87 95 15 78 
30 80 99 57 79 87 44 97 18 56 100 72 58 74 65 8 53 25 46 15 22 46 0 89 0 4 66 91 24 0 15 17 13 86 10 61 89 49 3 64 62 87 9 73 61 52 82 46 
7 13 37 42 93 81 99 72 27 95 92 59 27 40 41 50 98 31 10 45 73 62 70 51 8 78 47 100 69 15 0 13 95 26 33 84 87 47 8 8 1 88 71 19 79 41 69 69 
57 38 67 60 26 83 100 62 54 72 23 58 46 35 55 20 11 92 80 87 20 15 35 3 7 68 46 11 13 17 13 0 9 72 27 83 93 28 11 57 9 98 62 88 54 41 63 77 
47 94 24 79 41 41 33 35 43 70 53 42 43 55 52 2 59 57 68 36 2 81 47 76 83 78 78 58 98 13 95 9 0 88 5 47 40 74 81 76 77 15 82 84 9 34 25 69 
55 86 25 95 42 73 23 95 4 42 18 51 81 49 33 28 55 46 74 77 46 43 52 19 5 20 57 68 18 86 26 72 88 0 86 44 17 19 48 59 73 71 78 50 29 100 49 81 
14 67 88 69 82 83 92 38 99 0 9 82 42 18 84 46 35 56 11 100 26 40 98 39 30 70 6 73 70 10 33 27 5 86 0 6 28 38 91 44 25 50 32 4 37 72 83 46 
71 15 82 74 12 32 54 77 63 31 38 44 4 1 5 25 73 78 1 47 62 33 86 85 85 75 7 35 13 61 84 83 47 44 6 0 59 32 48 23 100 100 71 29 76 84 94 10 
100 86 25 75 85 65 66 26 15 10 48 5 51 39 66 51 12 58 33 60 37 53 97 1 91 90 9 23 13 89 87 93 40 17 28 59 0 47 40 84 20 88 72 27 70 49 56 30 
56 23 86 45 79 40 47 15 40 51 57 84 52 71 87 36 45 0 80 74 33 95 19 92 53 37 48 54 32 49 47 28 74 19 38 32 47 0 73 14 18 2 52 45 80 25 58 18 
43 4 49 7 76 74 73 47 63 15 87 94 30 85 17 75 53 81 59 59 84 3 9 71 21 82 4 4 60 3 8 11 81 48 91 48 40 73 0 90 75 49 99 35 0 39 15 26 
84 97 95 16 28 72 97 19 66 99 21 89 18 0 94 33 63 48 84 62 85 64 97 53 36 0 31 93 80 64 8 57 76 59 44 23 84 14 90 0 65 80 71 24 55 28 19 89 
33 56 5 17 65 23 91 69 68 37 12 55 5 80 71 72 91 25 5 17 0 98 39 2 99 84 31 61 80 62 1 9 77 73 25 100 20 18 75 65 0 48 42 70 94 90 40 40 
57 83 92 5 39 43 29 44 100 92 57 5 29 4 85 87 7 2 6 42 30 29 43 51 86 20 85 80 63 87 88 98 15 71 50 100 88 2 49 80 48 0 73 49 96 15 60 68 
47 63 19 28 42 12 35 37 22 75 38 21 94 84 57 80 19 20 99 63 94 34 52 41 7 48 72 97 23 9 71 62 82 78 32 71 72 52 99 71 42 73 0 23 68 41 85 35 
21 67 33 96 66 94 38 42 8 6 23 27 5 91 46 67 77 0 75 10 0 43 25 39 60 37 57 29 91 73 19 88 84 50 4 29 27 45 35 24 70 49 23 0 4 78 35 94 
22 26 97 31 45 55 24 20 65 34 39 15 6 45 29 8 70 74 82 40 26 9 37 27 78 98 38 89 87 61 79 54 9 29 37 76 70 80 0 55 94 96 68 4 0 78 31 22 
82 87 52 36 71 89 74 75 38 41 36 44 54 17 37 40 41 26 16 59 21 65 57 9 83 90 26 91 95 52 41 41 34 100 72 84 49 25 39 28 90 15 41 78 78 0 10 75 
57 54 14 74 63 75 7 66 66 39 22 71 31 90 55 47 33 68 97 20 48 30 55 70 13 65 50 38 15 82 69 63 25 49 83 94 56 58 15 19 40 60 85 35 31 10 0 5 
44 14 35 61 6 85 39 22 5 23 7 21 50 75 45 83 5 57 50 71 53 16 52 45 51 61 82 53 78 46 69 77 69 81 46 10 30 18 26 89 40 68 35 94 22 75 5 0 
RRRRBBBBRBRBBRRRBBRRBBBBBBBRRRRRRBRRBBRRBRRBBBBR
