42
0 38 99 19 91 62 68 49 57 24 96 25 1 15 24 48 40 5 43 31 8 71 67 64 95 75 20 66 58 2 74 42 25 85 23 64 74 76 31 10 30 54 
38 0 93 64 11 79 25 34 40 83 20 68 29 18 9 98 76 82 25 52 55 41 53 74 25 14 62 30 81 67 62 86 45 76 25 51 85 31 33 46 32 1 
99 93 0 16 13 92 37 2 0 50 83 43 91 92 23 76 74 20 49 19 99 90 25 91 99 90 85 49 5 48 23 59 88 71 40 74 10 52 26 41 62 90 
19 64 16 0 34 7 75 21 30 94 22 57 98 66 42 75 44 9 44 33 15 84 8 30 36 60 73 21 98 88 5 78 46 75 62 38 42 97 30 36 1 97 
91 11 13 34 0 35 30 6 91 8 30 33 89 9 35 1 21 69 62 23 46 14 41 7 32 90 5 96 88 69 83 80 84 27 75 95 0 5 82 22 96 5 
62 79 92 7 35 0 77 41 71 51 10 32 35 41 80 0 73 29 37 49 50 26 53 70 13 93 55 39 49 79 7 17 33 99 78 97 35 76 72 70 44 42 
68 25 37 75 30 77 0 82 46 64 17 17 12 5 40 2 35 88 95 84 78 85 84 83 54 48 12 31 96 68 39 74 98 45 4 14 17 56 43 100 71 36 
49 34 2 21 6 41 82 0 51 82 54 83 11 90 39 5 78 19 3 95 52 86 23 27 81 49 63 0 57 0 59 25 39 95 76 4 85 14 25 3 42 81 
57 40 0 30 91 71 46 51 0 33 57 91 85 10 68 31 8 29 6 39 48 49 64 98 5 72 74 86 56 49 45 57 42 41 26 75 95 22 96 31 92 69 
24 83 50 94 8 51 64 82 33 0 57 24 35 51 84 0 88 57 10 48 63 50 33 74 23 67 89 16 92 87 23 81 1 76 48 65 77 98 31 43 56 42 
96 20 83 22 30 10 17 54 57 57 0 23 5 42 3 49 28 48 1 69 70 57 20 58 51 52 86 43 44 5 40 6 58 83 47 7 89 82 40 13 16 90 
25 68 43 57 33 32 17 83 91 24 23 0 51 59 71 44 52 79 71 65 18 26 65 58 98 88 40 83 28 14 50 67 90 72 26 83 74 6 26 97 48 25 
1 29 91 98 89 35 12 11 85 35 5 51 0 43 33 16 9 69 72 53 97 1 45 81 52 15 90 55 99 34 41 54 75 36 12 89 78 50 15 41 18 32 
15 18 92 66 9 41 5 90 10 51 42 59 43 0 84 15 47 71 76 3 50 16 6 86 16 64 9 88 99 41 83 61 82 32 97 56 84 79 81 43 7 89 
24 9 23 42 35 80 40 39 68 84 3 71 33 84 0 30 63 37 87 82 55 91 76 83 2 69 18 35 43 57 0 89 24 78 6 6 50 90 26 58 18 17 
48 98 76 75 1 0 2 5 31 0 49 44 16 15 30 0 33 59 14 78 60 18 6 71 34 15 52 7 97 5 19 71 13 13 23 40 85 37 10 60 62 18 
40 76 74 44 21 73 35 78 8 88 28 52 9 47 63 33 0 69 45 76 8 4 36 54 12 56 47 9 58 52 58 3 20 30 19 9 96 98 63 36 14 100 
5 82 20 9 69 29 88 19 29 57 48 79 69 71 37 59 69 0 70 34 80 7 73 41 95 7 70 69 55 12 1 96 25 15 65 29 64 11 37 69 50 40 
43 25 49 44 62 37 95 3 6 10 1 71 72 76 87 14 45 70 0 41 61 46 15 39 80 5 76 87 21 0 10 51 9 0 39 16 18 4 21 32 12 73 
31 52 19 33 23 49 84 95 39 48 69 65 53 3 82 78 76 34 41 0 53 67 50 78 1 60 25 27 23 54 17 40 41 94 46 38 60 12 10 61 34 75 
8 55 99 15 46 50 78 52 48 63 70 18 97 50 55 60 8 80 61 53 0 75 55 83 16 89 50 16 31 56 48 69 69 82 60 67 65 97 48 91 64 35 
71 41 90 84 14 26 85 86 49 50 57 26 1 16 91 18 4 7 46 67 75 0 53 33 66 67 10 50 72 1 1 61 95 23 80 9 54 47 27 92 60 34 
67 53 25 8 41 53 84 23 64 33 20 65 45 6 76 6 36 73 15 50 55 53 0 48 93 56 69 69 24 82 55 59 18 36 67 38 62 48 5 70 96 24 
64 74 91 30 7 70 83 27 98 74 58 58 81 86 83 71 54 41 39 78 83 33 48 0 19 83 52 25 42 7 28 63 55 41 82 28 68 84 42 99 32 34 
95 25 99 36 32 13 54 81 5 23 51 98 52 16 2 34 12 95 80 1 16 66 93 19 0 2 85 96 0 66 13 67 92 95 75 14 95 99 31 1 40 3 
75 14 90 60 90 93 48 49 72 67 52 88 15 64 69 15 56 7 5 60 89 67 56 83 2 0 17 79 100 34 33 100 27 39 89 6 83 9 66 19 46 59 
20 62 85 73 5 55 12 63 74 89 86 40 90 9 18 52 47 70 76 25 50 10 69 52 85 17 0 45 73 88 56 96 28 21 90 76 78 29 97 52 8 38 
66 30 49 21 96 39 31 0 86 16 43 83 55 88 35 7 9 69 87 27 16 50 69 25 96 79 45 0 77 30 74 100 75 56 66 64 99 84 34 5 55 41 
58 81 5 98 88 49 96 57 56 92 44 28 99 99 43 97 58 55 21 23 31 72 24 42 0 100 73 77 0 28 5 19 9 95 65 86 25 43 50 74 57 11 
2 67 48 88 69 79 68 0 49 87 5 14 34 41 57 5 52 12 0 54 56 1 82 7 66 34 88 30 28 0 5 72 96 72 64 30 17 14 100 69 21 58 
74 62 23 5 83 7 39 59 45 23 40 50 41 83 0 19 58 1 10 17 48 1 55 28 13 33 56 74 5 5 0 44 52 2 72 37 40 34 31 25 73 40 
42 86 59 78 80 17 74 25 57 81 6 67 54 61 89 71 3 96 51 40 69 61 59 63 67 100 96 100 19 72 44 0 33 68 83 53 58 24 60 75 77 76 
25 45 88 46 84 33 98 39 42 1 58 90 75 82 24 13 20 25 9 41 69 95 18 55 92 27 28 75 9 96 52 33 0 18 46 4 95 30 82 41 68 18 
85 76 71 75 27 99 45 95 41 76 83 72 36 32 78 13 30 15 0 94 82 23 36 41 95 39 21 56 95 72 2 68 18 0 64 64 42 46 10 100 49 86 
23 25 40 62 75 78 4 76 26 48 47 26 12 97 6 23 19 65 39 46 60 80 67 82 75 89 90 66 65 64 72 83 46 64 0 88 46 94 34 88 68 57 
64 51 74 38 95 97 14 4 75 65 7 83 89 56 6 40 9 29 16 38 67 9 38 28 14 6 76 64 86 30 37 53 4 64 88 0 27 17 35 35 66 48 
74 85 10 42 0 35 17 85 95 77 89 74 78 84 50 85 96 64 18 60 65 54 62 68 95 83 78 99 25 17 40 58 95 42 46 27 0 17 34 26 83 16 
76 31 52 97 5 76 56 14 22 98 82 6 50 79 90 37 98 11 4 12 97 47 48 84 99 9 29 84 43 14 34 24 30 46 94 17 17 0 53 28 21 9 
31 33 26 30 82 72 43 25 96 31 40 26 15 81 26 10 63 37 21 10 48 27 5 42 31 66 97 34 50 100 31 60 82 10 34 35 34 53 0 2 22 38 
10 46 41 36 22 70 100 3 31 43 13 97 41 43 58 60 36 69 32 61 91 92 70 99 1 19 52 5 74 69 25 75 41 100 88 35 26 28 2 0 31 85 
30 32 62 1 96 44 71 42 92 56 16 48 18 7 18 62 14 50 12 34 64 60 96 32 40 46 8 55 57 21 73 77 68 49 68 66 83 21 22 31 0 61 
54 1 90 97 5 42 36 81 69 42 90 25 32 89 17 18 100 40 73 75 35 34 24 34 3 59 38 41 11 58 40 76 18 86 57 48 16 9 38 85 61 0 
RRBRBBBRBBBRBBRRBBRRBRBRBRRRRRBBRBBRRBRRBB
