40
0 7 92 36 97 52 8 54 20 99 27 75 36 32 14 39 58 22 78 10 58 4 90 18 43 63 66 36 80 14 14 40 88 56 20 80 50 0 26 2 
7 0 37 28 43 25 35 65 42 100 31 46 94 29 15 24 77 5 42 94 87 94 86 94 82 58 24 51 21 93 44 48 72 57 61 17 38 83 12 92 
92 37 0 71 14 38 72 41 98 62 50 17 59 6 96 47 87 82 82 2 63 79 88 65 23 100 89 98 90 89 48 31 34 74 63 9 37 16 85 29 
36 28 71 0 6 24 99 76 74 32 10 44 8 29 1 85 23 35 13 84 46 5 89 100 49 35 0 71 99 94 60 62 57 3 98 64 99 48 6 68 
97 43 14 6 0 100 39 69 92 46 48 29 2 87 48 29 97 70 12 94 6 39 92 20 41 88 40 36 77 32 48 10 87 5 88 30 6 14 94 94 
52 25 38 24 100 0 53 27 85 8 63 52 42 0 79 27 3 50 40 37 23 52 91 76 91 84 100 0 58 74 94 29 18 2 21 45 4 89 80 66 
8 35 72 99 39 53 0 3 44 0 69 52 48 54 48 6 41 57 68 55 27 45 31 49 58 50 79 49 14 27 51 5 100 37 11 79 26 28 37 53 
54 65 41 76 69 27 3 0 28 52 85 34 40 35 79 59 75 18 51 69 42 68 58 66 93 4 12 19 76 34 64 32 89 94 74 82 11 83 30 85 
20 42 98 74 92 85 44 28 0 19 60 26 16 81 72 63 72 29 7 93 44 3 87 72 47 36 82 90 31 64 3 57 30 76 31 61 31 10 78 79 
99 100 62 32 46 8 0 52 19 0 22 35 61 85 11 18 93 35 83 47 13 43 21 58 88 94 72 11 37 60 62 21 12 15 44 58 41 63 38 84 
27 31 50 10 48 63 69 85 60 22 0 49 64 27 9 91 98 2 52 83 53 36 93 57 11 6 100 55 75 93 26 91 94 8 48 57 41 88 6 5 
75 46 17 44 29 52 52 34 26 35 49 0 94 53 11 47 91 73 58 97 75 5 67 71 26 7 29 49 10 18 61 34 51 77 0 43 0 99 63 41 
36 94 59 8 2 42 48 40 16 61 64 94 0 20 38 81 87 14 60 41 58 83 44 67 80 27 4 40 2 1 64 89 61 87 83 90 68 71 100 56 
32 29 6 29 87 0 54 35 81 85 27 53 20 0 73 62 95 78 31 30 64 50 60 94 0 47 78 10 82 56 8 46 49 1 43 2 63 35 25 84 
14 15 96 1 48 79 48 79 72 11 9 11 38 73 0 84 27 58 52 79 64 50 90 23 90 61 74 51 34 68 50 71 4 92 18 35 44 64 0 7 
39 24 47 85 29 27 6 59 63 18 91 47 81 62 84 0 47 21 91 32 56 51 68 73 15 49 90 46 84 87 46 52 63 34 78 63 84 83 71 36 
58 77 87 23 97 3 41 75 72 93 98 91 87 95 27 47 0 60 9 50 32 65 70 90 98 38 28 37 88 65 71 84 95 14 4 25 7 80 32 69 
22 5 82 35 70 50 57 18 29 35 2 73 14 78 58 21 60 0 59 95 42 52 9 16 97 33 27 24 99 79 70 21 69 82 22 0 32 93 25 44 
78 42 82 13 12 40 68 51 7 83 52 58 60 31 52 91 9 59 0 73 60 21 77 17 19 82 52 2 20 59 45 13 46 89 3 44 20 72 32 11 
10 94 2 84 94 37 55 69 93 47 83 97 41 30 79 32 50 95 73 0 35 73 73 83 29 14 42 15 78 61 31 64 62 34 61 89 64 37 24 27 
58 87 63 46 6 23 27 42 44 13 53 75 58 64 64 56 32 42 60 35 0 58 89 100 56 36 52 6 44 95 23 19 4 4 44 56 69 79 35 40 
4 94 79 5 39 52 45 68 3 43 36 5 83 50 50 51 65 52 21 73 58 0 58 0 66 68 49 61 58 28 58 25 68 15 98 67 33 40 36 54 
90 86 88 89 92 91 31 58 87 21 93 67 44 60 90 68 70 9 77 73 89 58 0 62 9 53 32 45 44 20 60 76 68 18 72 29 76 23 82 5 
18 94 65 100 20 76 49 66 72 58 57 71 67 94 23 73 90 16 17 83 100 0 62 0 89 75 67 17 2 17 21 53 53 33 5 84 30 32 85 2 
43 82 23 49 41 91 58 93 47 88 11 26 80 0 90 15 98 97 19 29 56 66 9 89 0 30 22 15 94 82 16 0 23 34 18 19 37 92 7 15 
63 58 100 35 88 84 50 4 36 94 6 7 27 47 61 49 38 33 82 14 36 68 53 75 30 0 95 35 65 78 79 96 16 52 75 54 15 15 93 89 
66 24 89 0 40 100 79 12 82 72 100 29 4 78 74 90 28 27 52 42 52 49 32 67 22 95 0 87 77 35 42 23 14 76 18 54 35 56 26 56 
36 51 98 71 36 0 49 19 90 11 55 49 40 10 51 46 37 24 2 15 6 61 45 17 15 35 87 0 11 71 29 60 94 31 39 22 99 7 40 97 
80 21 90 99 77 58 14 76 31 37 75 10 2 82 34 84 88 99 20 78 44 58 44 2 94 65 77 11 0 95 71 5 49 75 70 64 33 86 8 92 
14 93 89 94 32 74 27 34 64 60 93 18 1 56 68 87 65 79 59 61 95 28 20 17 82 78 35 71 95 0 16 98 66 86 57 31 98 68 9 40 
14 44 48 60 48 94 51 64 3 62 26 61 64 8 50 46 71 70 45 31 23 58 60 21 16 79 42 29 71 16 0 63 6 0 72 74 5 44 38 90 
40 48 31 62 10 29 5 32 57 21 91 34 89 46 71 52 84 21 13 64 19 25 76 53 0 96 23 60 5 98 63 0 18 67 66 18 89 4 60 91 
88 72 34 57 87 18 100 89 30 12 94 51 61 49 4 63 95 69 46 62 4 68 68 53 23 16 14 94 49 66 6 18 0 27 68 70 31 34 97 23 
56 57 74 3 5 2 37 94 76 15 8 77 87 1 92 34 14 82 89 34 4 15 18 33 34 52 76 31 75 86 0 67 27 0 77 10 29 35 79 14 
20 61 63 98 88 21 11 74 31 44 48 0 83 43 18 78 4 22 3 61 44 98 72 5 18 75 18 39 70 57 72 66 68 77 0 83 16 15 73 6 
80 17 9 64 30 45 79 82 61 58 57 43 90 2 35 63 25 0 44 89 56 67 29 84 19 54 54 22 64 31 74 18 70 10 83 0 79 25 15 84 
50 38 37 99 6 4 26 11 31 41 41 0 68 63 44 84 7 32 20 64 69 33 76 30 37 15 35 99 33 98 5 89 31 29 16 79 0 93 34 20 
0 83 16 48 14 89 28 83 10 63 88 99 71 35 64 83 80 93 72 37 79 40 23 32 92 15 56 7 86 68 44 4 34 35 15 25 93 0 55 11 
26 12 85 6 94 80 37 30 78 38 6 63 100 25 0 71 32 25 32 24 35 36 82 85 7 93 26 40 8 9 38 60 97 79 73 15 34 55 0 74 
2 92 29 68 94 66 53 85 79 84 5 41 56 84 7 36 69 44 11 27 40 54 5 2 15 89 56 97 92 40 90 91 23 14 6 84 20 11 74 0 
BRBRRBBRBBBRRRRRRRBRBBBBRBRBRBBBRBRRBRBR
