48
0 12 69 76 46 9 39 80 8 69 28 30 75 91 81 71 69 46 27 51 47 66 70 95 94 69 12 15 15 64 29 95 40 2 89 65 23 49 67 74 20 3 66 66 54 2 14 84 
12 0 91 69 27 85 100 25 23 7 58 85 73 38 78 60 12 49 37 69 87 31 46 23 51 13 75 95 64 44 62 19 23 28 64 43 51 43 84 8 14 33 38 52 5 18 9 63 
69 91 0 64 28 7 77 100 31 82 97 30 52 29 71 3 24 36 99 87 57 100 67 49 46 54 58 15 39 20 98 70 56 90 62 29 17 34 55 0 99 26 55 11 6 10 54 74 
76 69 64 0 29 35 27 12 47 85 62 53 8 91 68 6 54 22 19 69 45 70 50 16 43 0 28 46 30 97 98 78 78 67 46 20 33 66 86 62 57 82 14 92 100 68 41 77 
46 27 28 29 0 49 7 22 76 16 36 92 26 77 66 7 7 35 51 91 31 1 50 85 2 85 67 39 10 70 25 72 42 91 6 8 2 68 99 9 84 17 86 100 93 27 63 64 
9 85 7 35 49 0 7 0 31 12 84 88 11 17 15 74 59 41 79 7 37 19 56 28 45 15 80 82 60 8 78 10 91 89 21 26 62 54 94 36 12 44 91 44 12 77 74 55 
39 100 77 27 7 7 0 24 23 44 51 59 31 31 24 9 11 93 91 25 63 82 76 50 43 10 75 47 14 61 17 39 40 8 56 82 51 34 64 0 39 84 31 84 65 62 9 73 
80 25 100 12 22 0 24 0 21 78 75 90 74 56 49 33 53 80 61 25 14 26 66 99 69 4 7 40 51 96 50 66 47 58 0 16 37 38 43 3 37 5 79 14 76 33 21 24 
8 23 31 47 76 31 23 21 0 54 37 72 36 7 41 65 63 14 43 39 66 67 36 1 78 48 84 15 80 10 96 21 33 89 2 44 54 85 33 67 6 59 12 40 85 31 98 55 
69 7 82 85 16 12 44 78 54 0 37 7 42 75 9 83 53 97 1 13 82 26 93 8 98 40 50 51 70 24 66 56 1 59 70 73 89 12 80 69 76 33 18 46 23 15 76 78 
28 58 97 62 36 84 51 75 37 37 0 73 9 50 37 35 73 3 82 66 86 48 43 74 71 57 76 99 24 11 31 24 64 38 96 17 71 87 44 47 86 74 95 73 37 84 44 21 
30 85 30 53 92 88 59 90 72 7 73 0 64 38 80 22 68 87 81 85 53 56 29 4 60 23 6 20 75 16 40 29 55 83 28 93 63 83 19 13 94 22 99 85 86 64 22 90 
75 73 52 8 26 11 31 74 36 42 9 64 0 60 19 2 6 11 96 12 20 92 21 45 81 2 43 30 1 45 14 78 22 27 30 15 71 86 93 21 65 50 78 33 78 63 27 95 
91 38 29 91 77 17 31 56 7 75 50 38 60 0 14 28 39 95 68 66 24 41 71 32 85 93 63 59 13 1 94 33 82 4 42 25 44 32 59 74 12 99 58 62 84 95 34 52 
81 78 71 68 66 15 24 49 41 9 37 80 19 14 0 48 69 24 24 28 0 41 28 64 18 70 100 50 79 80 3 71 76 61 59 12 23 73 97 88 9 40 56 0 42 86 55 78 
71 60 3 6 7 74 9 33 65 83 35 22 2 28 48 0 5 77 57 82 21 61 7 13 78 1 71 89 69 94 42 16 17 95 19 6 46 84 41 15 53 18 72 11 83 50 25 23 
69 12 24 54 7 59 11 53 63 53 73 68 6 39 69 5 0 69 47 15 39 72 55 28 2 84 21 37 46 0 20 100 10 96 46 40 22 78 50 46 68 81 39 12 61 69 79 52 
46 49 36 22 35 41 93 80 14 97 3 87 11 95 24 77 69 0 66 34 6 40 7 56 50 43 91 63 45 57 66 84 77 23 82 88 20 64 16 80 4 98 97 5 1 16 58 65 
27 37 99 19 51 79 91 61 43 1 82 81 96 68 24 57 47 66 0 57 9 98 6 20 36 39 69 88 54 72 84 89 16 27 51 38 6 65 69 81 68 16 48 92 43 28 79 32 
51 69 87 69 91 7 25 25 39 13 66 85 12 66 28 82 15 34 57 0 49 74 13 12 82 54 67 31 6 7 94 76 99 95 29 13 44 85 18 74 79 68 66 54 92 18 97 18 
47 87 57 45 31 37 63 14 66 82 86 53 20 24 0 21 39 6 9 49 0 4 73 57 77 21 100 59 94 47 44 89 0 40 82 12 60 25 12 95 40 47 75 17 56 70 10 54 
66 31 100 70 1 19 82 26 67 26 48 56 92 41 41 61 72 40 98 74 4 0 98 22 66 54 53 7 10 41 86 35 40 43 48 22 86 71 93 74 96 47 25 37 43 97 42 63 
70 46 67 50 50 56 76 66 36 93 43 29 21 71 28 7 55 7 6 13 73 98 0 1 43 19 32 85 42 82 22 2 47 21 2 54 15 25 13 61 71 46 45 87 75 19 83 44 
95 23 49 16 85 28 50 99 1 8 74 4 45 32 64 13 28 56 20 12 57 22 1 0 67 23 60 78 23 30 27 59 92 91 39 44 76 92 33 80 78 23 95 97 22 85 24 84 
94 51 46 43 2 45 43 69 78 98 71 60 81 85 18 78 2 50 36 82 77 66 43 67 0 12 78 51 54 62 99 69 7 86 99 40 76 29 95 60 93 34 46 40 48 19 92 51 
69 13 54 0 85 15 10 4 48 40 57 23 2 93 70 1 84 43 39 54 21 54 19 23 12 0 45 10 55 93 47 4 100 70 90 100 19 51 42 98 83 89 50 36 8 52 32 100 
12 75 58 28 67 80 75 7 84 50 76 6 43 63 100 71 21 91 69 67 100 53 32 60 78 45 0 30 20 19 30 28 56 95 72 86 46 26 35 50 86 20 23 38 36 15 52 20 
15 95 15 46 39 82 47 40 15 51 99 20 30 59 50 89 37 63 88 31 59 7 85 78 51 10 30 0 27 1 5 82 28 9 90 4 16 43 95 93 78 80 43 32 41 5 23 19 
15 64 39 30 10 60 14 51 80 70 24 75 1 13 79 69 46 45 54 6 94 10 42 23 54 55 20 27 0 57 46 81 9 21 4 25 17 76 13 34 74 78 94 81 69 44 80 44 
64 44 20 97 70 8 61 96 10 24 11 16 45 1 80 94 0 57 72 7 47 41 82 30 62 93 19 1 57 0 67 9 55 54 62 61 14 73 30 66 89 34 47 43 10 59 30 44 
29 62 98 98 25 78 17 50 96 66 31 40 14 94 3 42 20 66 84 94 44 86 22 27 99 47 30 5 46 67 0 79 56 11 44 30 17 76 78 2 100 99 60 4 3 56 90 96 
95 19 70 78 72 10 39 66 21 56 24 29 78 33 71 16 100 84 89 76 89 35 2 59 69 4 28 82 81 9 79 0 87 46 49 64 82 37 76 96 41 37 7 59 72 44 39 9 
40 23 56 78 42 91 40 47 33 1 64 55 22 82 76 17 10 77 16 99 0 40 47 92 7 100 56 28 9 55 56 87 0 19 29 90 83 82 6 44 74 99 14 93 53 75 32 42 
2 28 90 67 91 89 8 58 89 59 38 83 27 4 61 95 96 23 27 95 40 43 21 91 86 70 95 9 21 54 11 46 19 0 33 39 13 16 68 50 67 35 10 58 16 3 14 25 
89 64 62 46 6 21 56 0 2 70 96 28 30 42 59 19 46 82 51 29 82 48 2 39 99 90 72 90 4 62 44 49 29 33 0 16 64 95 6 31 32 10 41 11 42 17 2 90 
65 43 29 20 8 26 82 16 44 73 17 93 15 25 12 6 40 88 38 13 12 22 54 44 40 100 86 4 25 61 30 64 90 39 16 0 94 86 8 78 99 34 15 33 11 74 22 45 
23 51 17 33 2 62 51 37 54 89 71 63 71 44 23 46 22 20 6 44 60 86 15 76 76 19 46 16 17 14 17 82 83 13 64 94 0 78 50 78 94 16 22 12 23 34 70 34 
49 43 34 66 68 54 34 38 85 12 87 83 86 32 73 84 78 64 65 85 25 71 25 92 29 51 26 43 76 73 76 37 82 16 95 86 78 0 22 64 93 44 45 76 36 64 29 12 
67 84 55 86 99 94 64 43 33 80 44 19 93 59 97 41 50 16 69 18 12 93 13 33 95 42 35 95 13 30 78 76 6 68 6 8 50 22 0 35 14 36 94 2 49 11 54 37 
74 8 0 62 9 36 0 3 67 69 47 13 21 74 88 15 46 80 81 74 95 74 61 80 60 98 50 93 34 66 2 96 44 50 31 78 78 64 35 0 70 62 20 53 58 72 37 72 
20 14 99 57 84 12 39 37 6 76 86 94 65 12 9 53 68 4 68 79 40 96 71 78 93 83 86 78 74 89 100 41 74 67 32 99 94 93 14 70 0 62 64 23 76 37 14 78 
3 33 26 82 17 44 84 5 59 33 74 22 50 99 40 18 81 98 16 68 47 47 46 23 34 89 20 80 78 34 99 37 99 35 10 34 16 44 36 62 62 0 93 70 80 65 72 14 
66 38 55 14 86 91 31 79 12 18 95 99 78 58 56 72 39 97 48 66 75 25 45 95 46 50 23 43 94 47 60 7 14 10 41 15 22 45 94 20 64 93 0 48 13 78 45 76 
66 52 11 92 100 44 84 14 40 46 73 85 33 62 0 11 12 5 92 54 17 37 87 97 40 36 38 32 81 43 4 59 93 58 11 33 12 76 2 53 23 70 48 0 7 94 21 73 
54 5 6 100 93 12 65 76 85 23 37 86 78 84 42 83 61 1 43 92 56 43 75 22 48 8 36 41 69 10 3 72 53 16 42 11 23 36 49 58 76 80 13 7 0 75 45 24 
2 18 10 68 27 77 62 33 31 15 84 64 63 95 86 50 69 16 28 18 70 97 19 85 19 52 15 5 44 59 56 44 75 3 17 74 34 64 11 72 37 65 78 94 75 0 19 39 
14 9 54 41 63 74 9 21 98 76 44 22 27 34 55 25 79 58 79 97 10 42 83 24 92 32 52 23 80 30 90 39 32 14 2 22 70 29 54 37 14 72 45 21 45 19 0 37 
84 63 74 77 64 55 73 24 55 78 21 90 95 52 78 23 52 65 32 18 54 63 44 84 51 100 20 19 44 44 96 9 42 25 90 45 34 12 37 72 78 14 76 73 24 39 37 0 
BRRRBRBRRBBRRBRBBRBBBBBRRRBBBRBBRRBBRRRBBBRRRRBR
