34
0 91 15 12 17 40 68 4 51 3 65 25 25 79 29 46 34 75 65 5 30 90 95 42 49 44 92 50 22 59 46 10 53 24 
91 0 95 73 100 86 80 30 87 74 66 92 97 35 53 99 78 100 98 74 75 14 83 43 11 42 45 65 0 65 61 1 88 61 
15 95 0 3 58 40 16 86 21 37 1 97 68 44 93 98 28 53 32 5 43 43 77 94 48 41 36 46 65 96 39 43 41 75 
12 73 3 0 42 23 20 82 57 76 10 16 12 67 77 8 17 42 40 49 38 62 25 16 35 25 54 5 91 98 24 95 32 20 
17 100 58 42 0 33 14 43 68 7 19 96 73 57 90 66 77 95 58 78 45 33 2 100 80 21 34 34 53 8 56 30 83 70 
40 86 40 23 33 0 90 42 73 84 9 68 5 27 31 11 52 46 2 28 76 66 70 95 77 3 37 47 77 1 62 62 31 19 
68 80 16 20 14 90 0 97 71 55 70 94 69 59 61 8 99 71 96 58 99 4 75 46 64 3 80 12 61 6 87 1 25 100 
4 30 86 82 43 42 97 0 29 88 35 88 37 11 66 85 61 9 57 28 26 2 33 86 69 42 2 84 99 32 14 96 23 31 
51 87 21 57 68 73 71 29 0 54 22 6 83 40 81 85 32 68 9 18 28 96 82 69 45 78 45 16 65 77 95 39 20 56 
3 74 37 76 7 84 55 88 54 0 25 13 50 9 3 37 68 52 80 48 30 98 99 46 23 40 72 5 79 16 85 44 98 8 
65 66 1 10 19 9 70 35 22 25 0 59 35 38 45 86 19 38 70 2 98 58 43 25 36 25 0 32 28 88 98 35 16 69 
25 92 97 16 96 68 94 88 6 13 59 0 7 82 19 98 92 88 51 11 35 31 77 86 4 26 18 59 83 51 44 27 16 88 
25 97 68 12 73 5 69 37 83 50 35 7 0 97 47 39 21 100 85 48 83 98 31 93 12 62 94 30 51 39 26 32 37 81 
79 35 44 67 57 27 59 11 40 9 38 82 97 0 87 63 61 83 77 23 100 2 7 31 13 51 46 78 98 32 80 67 65 38 
29 53 93 77 90 31 61 66 81 3 45 19 47 87 0 62 78 41 21 99 49 71 98 48 77 47 95 97 71 77 22 37 71 45 
46 99 98 8 66 11 8 85 85 37 86 98 39 63 62 0 62 100 8 87 28 64 91 70 98 100 69 22 65 68 60 38 21 24 
34 78 28 17 77 52 99 61 32 68 19 92 21 61 78 62 0 50 22 0 94 5 1 97 27 1 41 17 62 48 59 92 48 75 
75 100 53 42 95 46 71 9 68 52 38 88 100 83 41 100 50 0 29 29 85 100 21 80 84 61 92 15 97 45 9 28 37 70 
65 98 32 40 58 2 96 57 9 80 70 51 85 77 21 8 22 29 0 43 3 71 71 84 92 76 46 8 84 87 65 5 82 28 
5 74 5 49 78 28 58 28 18 48 2 11 48 23 99 87 0 29 43 0 11 96 96 9 74 0 84 84 2 52 91 32 11 27 
30 75 43 38 45 76 99 26 28 30 98 35 83 100 49 28 94 85 3 11 0 82 29 49 9 12 88 1 65 22 40 72 17 13 
90 14 43 62 33 66 4 2 96 98 58 31 98 2 71 64 5 100 71 96 82 0 11 16 23 41 88 61 1 33 61 9 51 41 
95 83 77 25 2 70 75 33 82 99 43 77 31 7 98 91 1 21 71 96 29 11 0 81 79 68 18 30 18 82 43 94 84 78 
42 43 94 16 100 95 46 86 69 46 25 86 93 31 48 70 97 80 84 9 49 16 81 0 34 7 72 92 39 5 95 20 70 75 
49 11 48 35 80 77 64 69 45 23 36 4 12 13 77 98 27 84 92 74 9 23 79 34 0 46 57 54 42 96 41 42 17 12 
44 42 41 25 21 3 3 42 78 40 25 26 62 51 47 100 1 61 76 0 12 41 68 7 46 0 52 49 33 37 77 33 94 19 
92 45 36 54 34 37 80 2 45 72 0 18 94 46 95 69 41 92 46 84 88 88 18 72 57 52 0 50 39 54 55 73 2 52 
50 65 46 5 34 47 12 84 16 5 32 59 30 78 97 22 17 15 8 84 1 61 30 92 54 49 50 0 75 83 46 79 55 44 
22 0 65 91 53 77 61 99 65 79 28 83 51 98 71 65 62 97 84 2 65 1 18 39 42 33 39 75 0 46 80 17 0 86 
59 65 96 98 8 1 6 32 77 16 88 51 39 32 77 68 48 45 87 52 22 33 82 5 96 37 54 83 46 0 42 40 95 50 
46 61 39 24 56 62 87 14 95 85 98 44 26 80 22 60 59 9 65 91 40 61 43 95 41 77 55 46 80 42 0 26 100 32 
10 1 43 95 30 62 1 96 39 44 35 27 32 67 37 38 92 28 5 32 72 9 94 20 42 33 73 79 17 40 26 0 12 87 
53 88 41 32 83 31 25 23 20 98 16 16 37 65 71 21 48 37 82 11 17 51 84 70 17 94 2 55 0 95 100 12 0 45 
24 61 75 20 70 19 100 31 56 8 69 88 81 38 45 24 75 70 28 27 13 41 78 75 12 19 52 44 86 50 32 87 45 0 
BRBBRRBRRRBRRBBBRBRBBBRBBRBBRRBRRR
