44
0 55 74 61 5 30 21 40 98 96 63 32 63 55 98 95 19 93 68 26 77 48 20 7 26 14 16 71 57 84 30 68 94 10 27 11 56 36 84 51 17 36 81 78 
55 0 27 83 61 10 88 90 75 75 33 75 82 35 71 58 36 54 92 61 84 14 30 81 4 84 50 30 23 72 98 95 97 36 67 45 82 84 96 28 72 66 97 35 
74 27 0 54 88 81 17 76 72 53 61 3 8 81 10 48 88 81 58 38 19 62 54 47 99 4 88 1 47 97 10 16 64 35 1 34 49 30 67 91 83 72 48 68 
61 83 54 0 84 24 30 25 45 83 66 75 72 23 87 5 1 89 78 15 55 29 28 27 78 59 40 35 11 32 95 29 41 88 92 84 2 62 88 95 22 74 8 16 
5 61 88 84 0 70 67 63 65 13 27 74 48 80 44 94 67 38 32 94 11 27 32 6 19 58 79 1 33 10 77 45 37 94 35 33 39 51 49 72 50 85 5 20 
30 10 81 24 70 0 69 21 68 30 21 76 16 23 60 44 56 28 44 31 96 80 67 88 67 11 60 81 16 82 71 60 24 25 18 63 90 35 47 97 33 2 13 27 
21 88 17 30 67 69 0 17 49 34 100 88 49 77 48 31 47 89 67 39 59 20 86 51 79 80 53 97 26 60 40 23 39 73 80 48 10 28 32 93 85 14 21 50 
40 90 76 25 63 21 17 0 89 44 58 59 16 38 31 61 34 80 89 99 58 24 7 89 49 34 3 97 33 40 86 47 6 41 14 16 74 19 69 47 46 81 74 31 
98 75 72 45 65 68 49 89 0 74 30 60 65 22 86 62 43 38 52 51 57 9 18 78 19 86 95 46 2 76 7 12 61 39 63 38 74 24 94 96 49 95 0 20 
96 75 53 83 13 30 34 44 74 0 19 34 58 4 47 16 34 40 69 20 58 2 4 5 67 85 80 9 28 7 7 15 35 4 40 55 26 48 87 1 57 14 63 80 
63 33 61 66 27 21 100 58 30 19 0 83 16 23 44 94 51 45 89 20 71 8 11 7 91 82 63 39 50 87 16 79 7 18 88 59 71 59 58 51 55 96 17 67 
32 75 3 75 74 76 88 59 60 34 83 0 94 64 42 73 86 54 75 51 82 43 35 53 73 52 15 2 64 56 65 25 49 7 94 3 70 18 29 54 38 30 46 29 
63 82 8 72 48 16 49 16 65 58 16 94 0 41 99 69 8 19 68 71 69 33 79 63 15 99 86 44 89 66 19 9 69 40 3 77 75 7 29 17 94 84 11 39 
55 35 81 23 80 23 77 38 22 4 23 64 41 0 63 56 57 62 79 31 66 72 100 78 43 5 45 65 83 80 22 94 83 51 87 83 56 61 65 79 59 19 86 5 
98 71 10 87 44 60 48 31 86 47 44 42 99 63 0 69 89 22 88 27 71 88 27 70 95 17 53 88 97 22 42 26 11 42 29 73 6 24 82 14 32 53 100 69 
95 58 48 5 94 44 31 61 62 16 94 73 69 56 69 0 92 61 38 45 81 87 80 37 100 14 96 22 16 20 69 75 10 99 59 90 34 64 56 76 26 45 86 50 
19 36 88 1 67 56 47 34 43 34 51 86 8 57 89 92 0 95 70 35 33 89 42 43 65 69 11 89 95 91 72 100 20 71 8 35 66 72 55 65 99 10 56 3 
93 54 81 89 38 28 89 80 38 40 45 54 19 62 22 61 95 0 50 28 82 53 77 99 62 26 8 75 11 15 97 7 32 14 82 92 16 0 9 17 8 38 50 45 
68 92 58 78 32 44 67 89 52 69 89 75 68 79 88 38 70 50 0 55 60 92 11 62 88 43 51 50 91 14 19 62 35 98 47 43 89 7 89 6 86 64 92 15 
26 61 38 15 94 31 39 99 51 20 20 51 71 31 27 45 35 28 55 0 22 21 4 26 21 23 74 86 10 32 81 60 53 58 73 11 4 76 32 88 40 51 42 18 
77 84 19 55 11 96 59 58 57 58 71 82 69 66 71 81 33 82 60 22 0 63 64 94 25 29 57 87 26 0 66 85 17 100 77 40 92 14 18 30 34 24 7 42 
48 14 62 29 27 80 20 24 9 2 8 43 33 72 88 87 89 53 92 21 63 0 91 97 74 58 38 28 33 82 10 71 41 73 3 38 57 5 66 22 100 15 69 79 
20 30 54 28 32 67 86 7 18 4 11 35 79 100 27 80 42 77 11 4 64 91 0 61 91 77 77 56 66 40 30 57 36 59 1 5 62 41 71 72 88 16 53 6 
7 81 47 27 6 88 51 89 78 5 7 53 63 78 70 37 43 99 62 26 94 97 61 0 88 72 60 48 64 43 80 17 44 3 54 37 6 36 33 94 21 10 98 57 
26 4 99 78 19 67 79 49 19 67 91 73 15 43 95 100 65 62 88 21 25 74 91 88 0 2 69 68 78 30 30 76 15 27 12 56 72 79 32 65 66 4 73 70 
14 84 4 59 58 11 80 34 86 85 82 52 99 5 17 14 69 26 43 23 29 58 77 72 2 0 62 59 31 0 49 38 27 12 45 68 0 42 85 92 30 34 63 20 
16 50 88 40 79 60 53 3 95 80 63 15 86 45 53 96 11 8 51 74 57 38 77 60 69 62 0 7 89 60 95 61 53 6 31 26 83 41 96 81 74 86 80 41 
71 30 1 35 1 81 97 97 46 9 39 2 44 65 88 22 89 75 50 86 87 28 56 48 68 59 7 0 34 7 19 17 49 24 74 22 18 33 52 30 55 3 99 6 
57 23 47 11 33 16 26 33 2 28 50 64 89 83 97 16 95 11 91 10 26 33 66 64 78 31 89 34 0 88 65 49 90 8 32 64 69 11 1 23 92 5 76 32 
84 72 97 32 10 82 60 40 76 7 87 56 66 80 22 20 91 15 14 32 0 82 40 43 30 0 60 7 88 0 26 95 4 66 65 29 79 4 62 68 48 66 43 81 
30 98 10 95 77 71 40 86 7 7 16 65 19 22 42 69 72 97 19 81 66 10 30 80 30 49 95 19 65 26 0 97 73 28 71 35 78 71 36 54 4 60 52 96 
68 95 16 29 45 60 23 47 12 15 79 25 9 94 26 75 100 7 62 60 85 71 57 17 76 38 61 17 49 95 97 0 5 73 7 78 77 12 50 96 76 96 43 72 
94 97 64 41 37 24 39 6 61 35 7 49 69 83 11 10 20 32 35 53 17 41 36 44 15 27 53 49 90 4 73 5 0 5 77 77 2 86 9 54 14 45 15 97 
10 36 35 88 94 25 73 41 39 4 18 7 40 51 42 99 71 14 98 58 100 73 59 3 27 12 6 24 8 66 28 73 5 0 94 66 64 83 31 21 41 63 64 59 
27 67 1 92 35 18 80 14 63 40 88 94 3 87 29 59 8 82 47 73 77 3 1 54 12 45 31 74 32 65 71 7 77 94 0 84 73 7 98 25 37 76 67 89 
11 45 34 84 33 63 48 16 38 55 59 3 77 83 73 90 35 92 43 11 40 38 5 37 56 68 26 22 64 29 35 78 77 66 84 0 89 99 60 63 47 86 54 100 
56 82 49 2 39 90 10 74 74 26 71 70 75 56 6 34 66 16 89 4 92 57 62 6 72 0 83 18 69 79 78 77 2 64 73 89 0 6 77 24 19 25 74 85 
36 84 30 62 51 35 28 19 24 48 59 18 7 61 24 64 72 0 7 76 14 5 41 36 79 42 41 33 11 4 71 12 86 83 7 99 6 0 21 97 63 94 71 56 
84 96 67 88 49 47 32 69 94 87 58 29 29 65 82 56 55 9 89 32 18 66 71 33 32 85 96 52 1 62 36 50 9 31 98 60 77 21 0 20 46 85 8 96 
51 28 91 95 72 97 93 47 96 1 51 54 17 79 14 76 65 17 6 88 30 22 72 94 65 92 81 30 23 68 54 96 54 21 25 63 24 97 20 0 81 85 76 32 
17 72 83 22 50 33 85 46 49 57 55 38 94 59 32 26 99 8 86 40 34 100 88 21 66 30 74 55 92 48 4 76 14 41 37 47 19 63 46 81 0 31 18 53 
36 66 72 74 85 2 14 81 95 14 96 30 84 19 53 45 10 38 64 51 24 15 16 10 4 34 86 3 5 66 60 96 45 63 76 86 25 94 85 85 31 0 68 82 
81 97 48 8 5 13 21 74 0 63 17 46 11 86 100 86 56 50 92 42 7 69 53 98 73 63 80 99 76 43 52 43 15 64 67 54 74 71 8 76 18 68 0 56 
78 35 68 16 20 27 50 31 20 80 67 29 39 5 69 50 3 45 15 18 42 79 6 57 70 20 41 6 32 81 96 72 97 59 89 100 85 56 96 32 53 82 56 0 
RBBBRRRRBRBRBRRBRRRRBRRBRBBBRRRBBRBRBRBBBBBB
