34
0 38 59 45 63 8 28 97 100 84 30 67 22 100 87 36 30 27 61 74 67 15 63 82 63 26 34 3 65 86 92 82 69 28 
38 0 26 12 66 12 97 58 45 56 20 92 1 51 59 44 28 26 77 27 11 53 38 13 36 35 27 93 82 35 82 84 23 44 
59 26 0 34 73 32 32 21 31 36 12 75 96 76 99 39 56 99 100 4 36 33 4 95 75 24 75 94 39 89 70 100 2 26 
45 12 34 0 17 32 5 13 88 9 90 86 80 91 79 60 53 37 53 73 97 31 21 86 18 65 87 2 15 10 82 99 3 95 
63 66 73 17 0 40 0 54 23 99 2 100 22 92 56 45 93 87 76 80 97 18 96 75 63 26 26 54 84 80 73 31 13 97 
8 12 32 32 40 0 27 77 33 37 63 97 59 29 15 44 6 89 53 47 84 0 29 97 18 6 56 15 48 51 98 24 62 17 
28 97 32 5 0 27 0 7 7 99 83 36 1 36 19 62 97 40 94 45 47 71 16 30 3 58 100 56 27 10 83 65 47 66 
97 58 21 13 54 77 7 0 87 41 51 95 52 35 30 3 32 48 0 48 67 67 8 79 51 67 51 22 13 6 45 92 71 30 
100 45 31 88 23 33 7 87 0 6 35 99 91 88 58 66 57 15 28 71 74 77 86 88 65 76 18 16 0 84 37 52 1 40 
84 56 36 9 99 37 99 41 6 0 56 84 73 9 57 78 21 84 1 73 92 47 81 15 86 57 4 69 69 71 47 8 40 45 
30 20 12 90 2 63 83 51 35 56 0 64 55 13 92 67 45 91 1 13 16 16 100 52 51 14 96 54 16 25 98 20 64 2 
67 92 75 86 100 97 36 95 99 84 64 0 21 99 0 69 19 91 98 29 100 29 56 98 85 41 65 38 60 45 23 0 41 54 
22 1 96 80 22 59 1 52 91 73 55 21 0 82 44 28 67 28 83 88 65 52 84 5 82 76 43 21 26 57 100 75 62 86 
100 51 76 91 92 29 36 35 88 9 13 99 82 0 97 28 48 10 44 5 32 31 13 29 76 98 44 18 89 84 54 4 25 86 
87 59 99 79 56 15 19 30 58 57 92 0 44 97 0 18 19 100 19 30 20 37 87 66 80 31 6 43 57 92 58 36 23 8 
36 44 39 60 45 44 62 3 66 78 67 69 28 28 18 0 97 23 32 43 50 36 91 60 7 73 40 13 32 22 37 14 46 52 
30 28 56 53 93 6 97 32 57 21 45 19 67 48 19 97 0 49 38 21 35 71 75 80 3 45 16 33 66 28 46 40 99 78 
27 26 99 37 87 89 40 48 15 84 91 91 28 10 100 23 49 0 54 65 12 35 7 8 36 66 39 85 41 56 92 68 35 9 
61 77 100 53 76 53 94 0 28 1 1 98 83 44 19 32 38 54 0 77 41 97 65 25 3 35 93 46 41 48 42 71 70 48 
74 27 4 73 80 47 45 48 71 73 13 29 88 5 30 43 21 65 77 0 67 64 95 78 33 5 20 8 87 67 99 40 88 39 
67 11 36 97 97 84 47 67 74 92 16 100 65 32 20 50 35 12 41 67 0 28 81 49 84 6 31 5 73 28 77 23 75 83 
15 53 33 31 18 0 71 67 77 47 16 29 52 31 37 36 71 35 97 64 28 0 19 50 81 52 7 25 81 15 100 55 10 23 
63 38 4 21 96 29 16 8 86 81 100 56 84 13 87 91 75 7 65 95 81 19 0 49 38 30 0 83 43 81 5 0 92 67 
82 13 95 86 75 97 30 79 88 15 52 98 5 29 66 60 80 8 25 78 49 50 49 0 15 87 94 63 19 37 26 21 67 73 
63 36 75 18 63 18 3 51 65 86 51 85 82 76 80 7 3 36 3 33 84 81 38 15 0 73 52 57 65 66 29 20 58 17 
26 35 24 65 26 6 58 67 76 57 14 41 76 98 31 73 45 66 35 5 6 52 30 87 73 0 62 20 16 32 16 72 67 1 
34 27 75 87 26 56 100 51 18 4 96 65 43 44 6 40 16 39 93 20 31 7 0 94 52 62 0 45 97 57 86 47 77 10 
3 93 94 2 54 15 56 22 16 69 54 38 21 18 43 13 33 85 46 8 5 25 83 63 57 20 45 0 49 16 86 27 41 62 
65 82 39 15 84 48 27 13 0 69 16 60 26 89 57 32 66 41 41 87 73 81 43 19 65 16 97 49 0 99 25 45 72 72 
86 35 89 10 80 51 10 6 84 71 25 45 57 84 92 22 28 56 48 67 28 15 81 37 66 32 57 16 99 0 26 93 35 14 
92 82 70 82 73 98 83 45 37 47 98 23 100 54 58 37 46 92 42 99 77 100 5 26 29 16 86 86 25 26 0 9 70 95 
82 84 100 99 31 24 65 92 52 8 20 0 75 4 36 14 40 68 71 40 23 55 0 21 20 72 47 27 45 93 9 0 17 2 
69 23 2 3 13 62 47 71 1 40 64 41 62 25 23 46 99 35 70 88 75 10 92 67 58 67 77 41 72 35 70 17 0 41 
28 44 26 95 97 17 66 30 40 45 2 54 86 86 8 52 78 9 48 39 83 23 67 73 17 1 10 62 72 14 95 2 41 0 
BRRRBRBBBBRRRRRRRBBRBBBBBBBRRBRRRB
