32
0 31 99 100 8 90 36 36 92 2 42 74 90 63 23 68 29 29 27 38 95 44 42 20 50 55 70 31 5 80 14 5 
31 0 6 93 58 45 24 43 62 17 67 54 99 29 72 86 39 66 52 33 32 37 41 83 81 52 25 37 77 7 58 69 
99 6 0 77 9 61 78 64 48 75 93 28 85 89 9 93 99 66 41 58 69 58 94 85 49 48 23 91 7 45 94 78 
100 93 77 0 83 32 8 92 22 16 56 53 30 46 60 47 69 38 40 5 51 24 77 97 53 4 7 73 29 89 22 86 
8 58 9 83 0 61 94 69 3 63 10 99 33 40 17 68 42 45 65 63 82 32 27 82 8 52 25 77 0 32 83 3 
90 45 61 32 61 0 9 26 46 33 64 82 79 69 33 55 88 35 5 12 28 46 64 85 89 27 71 53 86 74 64 20 
36 24 78 8 94 9 0 43 88 81 85 68 47 29 67 35 26 69 22 36 45 32 21 28 76 0 60 41 61 7 98 77 
36 43 64 92 69 26 43 0 11 72 34 21 98 60 100 14 45 30 32 69 44 14 3 61 9 58 84 46 5 26 50 46 
92 62 48 22 3 46 88 11 0 79 22 25 24 44 73 12 91 56 22 68 45 41 61 79 7 75 15 59 100 5 83 58 
2 17 75 16 63 33 81 72 79 0 43 88 67 19 10 37 35 9 52 100 73 70 17 7 55 96 35 34 81 71 0 88 
42 67 93 56 10 64 85 34 22 43 0 94 63 8 29 17 91 52 63 0 88 90 90 35 30 32 43 79 68 76 18 13 
74 54 28 53 99 82 68 21 25 88 94 0 25 52 67 83 99 85 99 39 51 10 5 63 9 34 82 10 88 49 23 38 
90 99 85 30 33 79 47 98 24 67 63 25 0 89 57 47 74 13 80 62 43 71 9 31 30 31 99 13 78 49 12 91 
63 29 89 46 40 69 29 60 44 19 8 52 89 0 76 11 18 72 57 23 31 77 92 52 23 89 83 48 86 55 80 98 
23 72 9 60 17 33 67 100 73 10 29 67 57 76 0 7 47 64 16 0 90 47 85 12 36 82 93 93 1 70 82 16 
68 86 93 47 68 55 35 14 12 37 17 83 47 11 7 0 52 4 88 46 54 93 58 73 45 74 29 9 93 20 16 57 
29 39 99 69 42 88 26 45 91 35 91 99 74 18 47 52 0 32 53 40 77 51 50 49 58 65 22 56 57 49 68 52 
29 66 66 38 45 35 69 30 56 9 52 85 13 72 64 4 32 0 66 11 73 23 3 38 29 68 60 67 85 82 90 25 
27 52 41 40 65 5 22 32 22 52 63 99 80 57 16 88 53 66 0 59 85 57 53 29 85 44 62 13 95 20 6 3 
38 33 58 5 63 12 36 69 68 100 0 39 62 23 0 46 40 11 59 0 63 59 36 30 95 27 55 39 64 50 34 30 
95 32 69 51 82 28 45 44 45 73 88 51 43 31 90 54 77 73 85 63 0 9 70 68 64 10 49 2 73 39 51 21 
44 37 58 24 32 46 32 14 41 70 90 10 71 77 47 93 51 23 57 59 9 0 18 63 82 21 0 47 88 80 9 85 
42 41 94 77 27 64 21 3 61 17 90 5 9 92 85 58 50 3 53 36 70 18 0 28 24 13 16 88 57 39 25 34 
20 83 85 97 82 85 28 61 79 7 35 63 31 52 12 73 49 38 29 30 68 63 28 0 27 64 61 80 42 39 58 16 
50 81 49 53 8 89 76 9 7 55 30 9 30 23 36 45 58 29 85 95 64 82 24 27 0 11 63 29 35 64 29 27 
55 52 48 4 52 27 0 58 75 96 32 34 31 89 82 74 65 68 44 27 10 21 13 64 11 0 69 55 46 48 86 38 
70 25 23 7 25 71 60 84 15 35 43 82 99 83 93 29 22 60 62 55 49 0 16 61 63 69 0 78 80 73 65 63 
31 37 91 73 77 53 41 46 59 34 79 10 13 48 93 9 56 67 13 39 2 47 88 80 29 55 78 0 81 13 39 60 
5 77 7 29 0 86 61 5 100 81 68 88 78 86 1 93 57 85 95 64 73 88 57 42 35 46 80 81 0 66 35 12 
80 7 45 89 32 74 7 26 5 71 76 49 49 55 70 20 49 82 20 50 39 80 39 39 64 48 73 13 66 0 4 21 
14 58 94 22 83 64 98 50 83 0 18 23 12 80 82 16 68 90 6 34 51 9 25 58 29 86 65 39 35 4 0 25 
5 69 78 86 3 20 77 46 58 88 13 38 91 98 16 57 52 25 3 30 21 85 34 16 27 38 63 60 12 21 25 0 
RBBRRRBRBBRBRBRBRBBRRRRBBRRBBBBR
