42
0 64 73 72 27 54 81 38 22 98 88 22 96 11 65 26 45 79 74 99 62 92 50 40 22 76 51 39 5 40 66 29 41 36 86 93 22 40 51 39 11 63 
64 0 53 34 7 58 68 40 47 27 53 82 74 37 35 83 37 77 55 75 28 29 25 68 56 94 10 67 66 81 16 13 98 30 92 68 90 87 56 80 50 18 
73 53 0 34 93 81 33 60 96 61 99 78 19 61 44 8 73 93 98 6 25 44 97 81 46 89 80 62 43 10 5 0 78 36 86 14 93 74 89 97 36 21 
72 34 34 0 30 10 40 14 38 17 75 27 84 36 52 93 90 88 1 28 0 100 70 6 59 98 35 57 80 9 43 4 98 69 18 62 61 2 17 93 81 81 
27 7 93 30 0 24 26 24 1 76 78 83 38 99 62 87 47 88 84 71 56 8 48 33 68 18 98 89 64 44 81 44 59 18 3 7 17 25 45 10 3 19 
54 58 81 10 24 0 56 76 6 84 2 6 68 73 1 3 37 9 45 48 28 90 21 67 79 62 57 52 22 53 56 37 78 31 83 47 24 56 31 4 94 26 
81 68 33 40 26 56 0 45 27 34 69 80 95 39 35 16 46 76 85 17 81 44 80 28 76 11 28 39 26 41 13 21 64 66 25 3 98 87 65 67 21 94 
38 40 60 14 24 76 45 0 84 59 43 54 33 18 56 41 3 77 99 87 41 60 47 2 61 59 61 4 81 35 40 6 46 90 8 64 91 99 73 2 74 8 
22 47 96 38 1 6 27 84 0 7 64 57 93 1 6 63 79 25 37 17 94 1 80 77 33 1 20 54 36 55 89 9 78 38 75 80 49 59 92 39 16 99 
98 27 61 17 76 84 34 59 7 0 23 54 81 92 92 9 49 7 82 100 37 75 12 5 74 69 31 99 43 47 83 42 6 57 83 88 54 84 32 19 53 69 
88 53 99 75 78 2 69 43 64 23 0 87 46 32 5 32 1 88 58 89 75 43 76 22 65 75 55 28 62 83 28 82 51 43 1 45 28 26 39 19 63 33 
22 82 78 27 83 6 80 54 57 54 87 0 31 58 57 46 51 16 98 23 1 12 14 51 30 20 42 62 32 64 24 96 67 20 98 57 15 61 10 69 6 34 
96 74 19 84 38 68 95 33 93 81 46 31 0 10 98 77 67 91 59 53 35 67 80 70 38 48 81 100 59 80 70 100 96 49 99 71 30 42 12 22 42 36 
11 37 61 36 99 73 39 18 1 92 32 58 10 0 19 82 80 45 55 73 23 5 27 29 71 7 79 31 94 85 58 68 50 80 52 87 92 35 81 12 45 57 
65 35 44 52 62 1 35 56 6 92 5 57 98 19 0 87 51 100 71 30 8 41 33 84 33 4 72 15 54 100 85 64 8 31 20 32 53 81 66 20 42 73 
26 83 8 93 87 3 16 41 63 9 32 46 77 82 87 0 48 41 87 49 51 12 52 40 3 70 66 79 90 100 75 69 86 40 68 42 81 51 69 22 11 71 
45 37 73 90 47 37 46 3 79 49 1 51 67 80 51 48 0 0 21 26 14 0 93 39 18 83 37 14 84 73 32 56 23 83 92 88 9 3 90 92 44 21 
79 77 93 88 88 9 76 77 25 7 88 16 91 45 100 41 0 0 71 39 52 4 39 5 33 69 25 83 52 72 70 89 84 19 94 73 16 33 86 34 70 42 
74 55 98 1 84 45 85 99 37 82 58 98 59 55 71 87 21 71 0 35 66 44 50 0 0 24 10 66 48 28 19 91 29 79 83 17 98 12 42 73 56 73 
99 75 6 28 71 48 17 87 17 100 89 23 53 73 30 49 26 39 35 0 84 1 78 74 85 59 32 56 70 6 3 2 14 70 7 99 41 72 76 30 8 99 
62 28 25 0 56 28 81 41 94 37 75 1 35 23 8 51 14 52 66 84 0 73 78 53 99 90 44 16 29 99 56 9 98 90 44 94 30 79 53 70 51 98 
92 29 44 100 8 90 44 60 1 75 43 12 67 5 41 12 0 4 44 1 73 0 7 28 61 40 24 97 85 6 26 28 64 2 9 19 28 47 51 77 9 18 
50 25 97 70 48 21 80 47 80 12 76 14 80 27 33 52 93 39 50 78 78 7 0 0 59 91 1 65 99 54 85 45 49 66 15 60 96 100 21 46 60 24 
40 68 81 6 33 67 28 2 77 5 22 51 70 29 84 40 39 5 0 74 53 28 0 0 55 28 80 91 50 51 68 67 16 56 25 74 69 59 15 72 14 82 
22 56 46 59 68 79 76 61 33 74 65 30 38 71 33 3 18 33 0 85 99 61 59 55 0 42 49 46 27 48 29 26 99 10 6 5 87 4 74 64 97 90 
76 94 89 98 18 62 11 59 1 69 75 20 48 7 4 70 83 69 24 59 90 40 91 28 42 0 60 51 24 2 3 0 83 25 62 63 12 52 73 20 30 47 
51 10 80 35 98 57 28 61 20 31 55 42 81 79 72 66 37 25 10 32 44 24 1 80 49 60 0 79 99 84 100 43 21 24 45 17 75 11 1 27 57 15 
39 67 62 57 89 52 39 4 54 99 28 62 100 31 15 79 14 83 66 56 16 97 65 91 46 51 79 0 70 59 38 89 72 56 84 62 36 84 0 92 95 72 
5 66 43 80 64 22 26 81 36 43 62 32 59 94 54 90 84 52 48 70 29 85 99 50 27 24 99 70 0 44 65 100 49 8 2 98 54 26 81 100 21 33 
40 81 10 9 44 53 41 35 55 47 83 64 80 85 100 100 73 72 28 6 99 6 54 51 48 2 84 59 44 0 67 10 88 21 62 20 23 90 86 8 12 26 
66 16 5 43 81 56 13 40 89 83 28 24 70 58 85 75 32 70 19 3 56 26 85 68 29 3 100 38 65 67 0 26 81 93 62 44 52 91 10 75 13 9 
29 13 0 4 44 37 21 6 9 42 82 96 100 68 64 69 56 89 91 2 9 28 45 67 26 0 43 89 100 10 26 0 87 78 75 8 65 68 8 4 96 93 
41 98 78 98 59 78 64 46 78 6 51 67 96 50 8 86 23 84 29 14 98 64 49 16 99 83 21 72 49 88 81 87 0 0 43 14 44 37 9 77 96 50 
36 30 36 69 18 31 66 90 38 57 43 20 49 80 31 40 83 19 79 70 90 2 66 56 10 25 24 56 8 21 93 78 0 0 14 31 92 46 68 66 91 66 
86 92 86 18 3 83 25 8 75 83 1 98 99 52 20 68 92 94 83 7 44 9 15 25 6 62 45 84 2 62 62 75 43 14 0 30 18 26 31 23 96 31 
93 68 14 62 7 47 3 64 80 88 45 57 71 87 32 42 88 73 17 99 94 19 60 74 5 63 17 62 98 20 44 8 14 31 30 0 54 70 57 46 11 73 
22 90 93 61 17 24 98 91 49 54 28 15 30 92 53 81 9 16 98 41 30 28 96 69 87 12 75 36 54 23 52 65 44 92 18 54 0 31 33 68 92 43 
40 87 74 2 25 56 87 99 59 84 26 61 42 35 81 51 3 33 12 72 79 47 100 59 4 52 11 84 26 90 91 68 37 46 26 70 31 0 84 60 47 4 
51 56 89 17 45 31 65 73 92 32 39 10 12 81 66 69 90 86 42 76 53 51 21 15 74 73 1 0 81 86 10 8 9 68 31 57 33 84 0 24 30 32 
39 80 97 93 10 4 67 2 39 19 19 69 22 12 20 22 92 34 73 30 70 77 46 72 64 20 27 92 100 8 75 4 77 66 23 46 68 60 24 0 19 80 
11 50 36 81 3 94 21 74 16 53 63 6 42 45 42 11 44 70 56 8 51 9 60 14 97 30 57 95 21 12 13 96 96 91 96 11 92 47 30 19 0 73 
63 18 21 81 19 26 94 8 99 69 33 34 36 57 73 71 21 42 73 99 98 18 24 82 90 47 15 72 33 26 9 93 50 66 31 73 43 4 32 80 73 0 
RBRBBBRBRRRRRRBBRBBRRBRBBRRBRRBRBBRBBBRBRB
