46
0 28 37 19 81 64 58 61 85 91 44 64 91 60 26 8 32 73 43 70 47 79 37 98 26 54 70 71 88 52 40 97 24 34 41 29 74 75 72 11 63 17 62 22 90 15 
28 0 52 42 59 66 67 27 67 27 89 13 60 3 44 40 23 19 30 23 41 4 47 75 15 6 26 27 23 13 59 48 7 70 7 98 44 95 29 48 75 9 94 29 70 19 
37 52 0 71 81 42 58 4 51 86 36 97 83 61 55 61 99 90 59 65 28 59 6 34 13 18 70 42 92 55 79 38 67 67 23 63 42 81 19 90 80 47 16 62 71 65 
19 42 71 0 68 11 92 95 49 79 45 34 18 97 27 64 99 49 62 96 68 43 25 16 73 17 42 78 48 76 81 57 80 95 64 90 20 14 79 56 19 100 77 17 94 63 
81 59 81 68 0 40 25 69 6 32 7 13 88 0 10 99 83 18 36 98 4 32 91 53 57 34 34 99 71 9 45 41 58 16 64 31 67 30 50 32 22 17 18 54 7 67 
64 66 42 11 40 0 19 9 69 59 58 57 81 38 65 94 53 16 41 15 65 94 93 48 38 54 66 18 100 19 71 12 13 95 4 66 35 56 54 54 5 87 61 76 8 50 
58 67 58 92 25 19 0 65 89 92 2 43 30 26 100 79 18 59 88 80 76 13 14 36 21 63 15 87 98 21 83 21 96 22 38 34 43 14 37 27 71 3 65 72 80 55 
61 27 4 95 69 9 65 0 38 98 92 73 83 7 33 62 63 57 35 73 97 15 99 19 38 50 91 30 14 99 87 16 14 31 49 28 51 91 5 77 46 52 79 58 95 50 
85 67 51 49 6 69 89 38 0 66 51 89 38 86 21 87 9 83 31 49 47 43 2 12 17 78 2 46 10 12 23 94 68 52 65 92 56 4 21 63 24 57 84 22 97 6 
91 27 86 79 32 59 92 98 66 0 37 8 76 88 100 15 26 31 34 96 67 88 7 28 30 8 73 47 40 44 78 86 48 94 67 76 55 76 41 28 58 40 20 53 78 47 
44 89 36 45 7 58 2 92 51 37 0 13 87 11 28 3 71 23 9 93 85 47 23 89 40 69 51 66 9 65 62 93 56 86 31 89 46 77 24 7 44 31 95 6 45 94 
64 13 97 34 13 57 43 73 89 8 13 0 3 48 84 98 53 95 6 37 89 82 60 10 25 32 10 5 63 51 28 78 17 99 93 52 76 94 34 79 66 92 35 58 59 49 
91 60 83 18 88 81 30 83 38 76 87 3 0 99 22 12 4 94 5 86 12 42 11 97 63 86 77 25 54 78 99 6 29 30 4 81 20 61 11 23 78 81 41 93 29 90 
60 3 61 97 0 38 26 7 86 88 11 48 99 0 75 26 95 4 94 94 39 22 22 11 54 72 100 49 86 79 53 6 79 32 77 51 16 80 10 30 14 87 37 88 51 69 
26 44 55 27 10 65 100 33 21 100 28 84 22 75 0 14 52 40 32 71 40 72 0 12 12 69 20 58 29 16 32 24 95 97 58 33 48 26 82 5 58 84 20 70 43 98 
8 40 61 64 99 94 79 62 87 15 3 98 12 26 14 0 31 81 86 99 0 90 99 6 15 71 19 43 41 50 54 53 26 99 21 28 75 10 85 94 91 52 24 17 78 61 
32 23 99 99 83 53 18 63 9 26 71 53 4 95 52 31 0 40 59 64 75 50 56 91 41 82 94 77 39 32 59 100 31 63 1 43 25 47 79 50 86 66 59 91 80 50 
73 19 90 49 18 16 59 57 83 31 23 95 94 4 40 81 40 0 79 38 33 87 56 28 48 74 46 39 27 13 75 10 90 71 14 51 88 74 68 9 0 97 88 94 7 8 
43 30 59 62 36 41 88 35 31 34 9 6 5 94 32 86 59 79 0 12 85 29 28 51 31 74 28 25 58 13 87 95 1 5 54 100 2 16 18 50 79 98 26 93 10 71 
70 23 65 96 98 15 80 73 49 96 93 37 86 94 71 99 64 38 12 0 76 27 94 7 11 90 94 86 16 6 51 9 57 75 94 96 7 87 15 19 76 36 48 24 88 50 
47 41 28 68 4 65 76 97 47 67 85 89 12 39 40 0 75 33 85 76 0 83 80 65 60 29 92 99 56 28 100 42 17 53 43 76 3 68 41 32 74 93 36 33 22 15 
79 4 59 43 32 94 13 15 43 88 47 82 42 22 72 90 50 87 29 27 83 0 84 14 2 96 78 92 46 28 66 85 62 88 86 43 22 5 0 91 79 90 43 34 38 88 
37 47 6 25 91 93 14 99 2 7 23 60 11 22 0 99 56 56 28 94 80 84 0 3 69 97 82 99 76 54 67 40 36 52 13 50 13 59 11 82 54 64 92 54 19 73 
98 75 34 16 53 48 36 19 12 28 89 10 97 11 12 6 91 28 51 7 65 14 3 0 76 58 28 57 81 21 54 66 74 47 7 28 89 52 23 19 39 10 39 58 76 81 
26 15 13 73 57 38 21 38 17 30 40 25 63 54 12 15 41 48 31 11 60 2 69 76 0 88 50 79 63 76 96 12 34 60 10 85 86 68 82 64 42 8 48 96 43 94 
54 6 18 17 34 54 63 50 78 8 69 32 86 72 69 71 82 74 74 90 29 96 97 58 88 0 31 78 17 65 7 19 15 12 86 62 45 43 85 17 58 68 8 49 6 52 
70 26 70 42 34 66 15 91 2 73 51 10 77 100 20 19 94 46 28 94 92 78 82 28 50 31 0 58 28 28 74 22 94 80 35 58 73 62 25 23 39 0 66 14 62 43 
71 27 42 78 99 18 87 30 46 47 66 5 25 49 58 43 77 39 25 86 99 92 99 57 79 78 58 0 83 93 82 86 81 66 9 24 78 74 62 69 2 31 99 30 35 0 
88 23 92 48 71 100 98 14 10 40 9 63 54 86 29 41 39 27 58 16 56 46 76 81 63 17 28 83 0 8 36 39 96 37 7 64 84 6 54 56 8 94 87 8 88 88 
52 13 55 76 9 19 21 99 12 44 65 51 78 79 16 50 32 13 13 6 28 28 54 21 76 65 28 93 8 0 24 78 55 98 38 48 15 49 21 0 72 40 62 15 83 97 
40 59 79 81 45 71 83 87 23 78 62 28 99 53 32 54 59 75 87 51 100 66 67 54 96 7 74 82 36 24 0 0 21 94 95 16 25 74 28 4 62 30 63 48 79 56 
97 48 38 57 41 12 21 16 94 86 93 78 6 6 24 53 100 10 95 9 42 85 40 66 12 19 22 86 39 78 0 0 69 96 48 77 90 55 50 63 65 59 61 74 88 97 
24 7 67 80 58 13 96 14 68 48 56 17 29 79 95 26 31 90 1 57 17 62 36 74 34 15 94 81 96 55 21 69 0 67 38 19 12 73 60 12 47 52 81 15 9 51 
34 70 67 95 16 95 22 31 52 94 86 99 30 32 97 99 63 71 5 75 53 88 52 47 60 12 80 66 37 98 94 96 67 0 27 60 90 41 1 77 13 84 88 68 15 8 
41 7 23 64 64 4 38 49 65 67 31 93 4 77 58 21 1 14 54 94 43 86 13 7 10 86 35 9 7 38 95 48 38 27 0 48 53 46 93 20 83 36 65 5 88 5 
29 98 63 90 31 66 34 28 92 76 89 52 81 51 33 28 43 51 100 96 76 43 50 28 85 62 58 24 64 48 16 77 19 60 48 0 1 5 23 50 48 42 21 57 69 63 
74 44 42 20 67 35 43 51 56 55 46 76 20 16 48 75 25 88 2 7 3 22 13 89 86 45 73 78 84 15 25 90 12 90 53 1 0 87 73 77 84 11 56 61 44 60 
75 95 81 14 30 56 14 91 4 76 77 94 61 80 26 10 47 74 16 87 68 5 59 52 68 43 62 74 6 49 74 55 73 41 46 5 87 0 89 91 30 62 31 73 89 30 
72 29 19 79 50 54 37 5 21 41 24 34 11 10 82 85 79 68 18 15 41 0 11 23 82 85 25 62 54 21 28 50 60 1 93 23 73 89 0 17 34 73 77 64 57 3 
11 48 90 56 32 54 27 77 63 28 7 79 23 30 5 94 50 9 50 19 32 91 82 19 64 17 23 69 56 0 4 63 12 77 20 50 77 91 17 0 0 12 97 49 36 59 
63 75 80 19 22 5 71 46 24 58 44 66 78 14 58 91 86 0 79 76 74 79 54 39 42 58 39 2 8 72 62 65 47 13 83 48 84 30 34 0 0 94 61 45 67 21 
17 9 47 100 17 87 3 52 57 40 31 92 81 87 84 52 66 97 98 36 93 90 64 10 8 68 0 31 94 40 30 59 52 84 36 42 11 62 73 12 94 0 91 90 93 88 
62 94 16 77 18 61 65 79 84 20 95 35 41 37 20 24 59 88 26 48 36 43 92 39 48 8 66 99 87 62 63 61 81 88 65 21 56 31 77 97 61 91 0 76 8 94 
22 29 62 17 54 76 72 58 22 53 6 58 93 88 70 17 91 94 93 24 33 34 54 58 96 49 14 30 8 15 48 74 15 68 5 57 61 73 64 49 45 90 76 0 99 24 
90 70 71 94 7 8 80 95 97 78 45 59 29 51 43 78 80 7 10 88 22 38 19 76 43 6 62 35 88 83 79 88 9 15 88 69 44 89 57 36 67 93 8 99 0 27 
15 19 65 63 67 50 55 50 6 47 94 49 90 69 98 61 50 8 71 50 15 88 73 81 94 52 43 0 88 97 56 97 51 8 5 63 60 30 3 59 21 88 94 24 27 0 
RBBRBBRRBBBBBBRRRBRBBRRBRBRBRRRBBRRRRRBBBRRRBB
