44
0 39 69 26 58 24 22 16 87 3 61 8 55 97 74 89 94 83 1 69 34 85 57 52 20 25 14 91 84 54 44 83 66 26 47 62 17 0 61 85 43 55 89 8 
39 0 56 70 28 59 82 23 11 21 8 52 99 19 33 92 18 46 63 15 62 4 16 8 67 98 27 39 85 85 93 5 79 100 98 8 67 67 9 88 92 43 38 77 
69 56 0 15 97 10 3 9 90 93 30 70 66 61 15 8 8 94 17 82 13 91 79 2 48 70 44 98 6 13 90 18 36 86 37 62 17 88 16 36 2 95 62 72 
26 70 15 0 71 15 17 50 78 55 3 4 34 91 67 26 8 42 24 18 60 27 43 33 83 53 55 95 15 20 1 45 77 28 61 81 24 34 67 73 22 20 75 41 
58 28 97 71 0 12 79 75 41 53 56 31 19 25 63 82 76 32 54 17 98 85 8 39 51 69 17 45 13 31 12 26 69 92 6 22 47 72 72 49 63 32 42 60 
24 59 10 15 12 0 54 28 9 13 10 79 41 15 61 91 46 50 66 15 85 68 19 75 31 2 24 54 29 49 73 21 95 76 70 8 94 74 86 16 19 48 86 48 
22 82 3 17 79 54 0 31 49 3 23 80 57 25 19 17 36 13 23 99 85 55 41 96 80 11 35 42 84 29 13 37 19 56 63 50 52 22 89 22 37 26 74 86 
16 23 9 50 75 28 31 0 69 96 68 60 69 71 7 86 69 38 5 18 62 49 58 99 70 32 41 84 100 67 95 60 49 25 17 18 63 0 83 76 24 42 31 2 
87 11 90 78 41 9 49 69 0 78 28 71 12 24 65 89 14 56 73 54 45 58 11 36 48 24 96 59 28 40 35 21 17 48 12 66 33 95 25 44 81 55 90 21 
3 21 93 55 53 13 3 96 78 0 62 93 34 11 84 93 74 91 100 52 19 11 12 62 39 99 6 98 32 52 78 93 20 27 42 94 85 81 19 40 50 21 56 43 
61 8 30 3 56 10 23 68 28 62 0 67 23 58 40 51 16 70 27 86 96 96 60 33 27 74 70 96 80 32 0 56 90 30 19 31 54 7 99 70 96 8 8 46 
8 52 70 4 31 79 80 60 71 93 67 0 50 95 81 21 28 81 35 31 1 67 28 57 31 40 73 27 94 99 97 68 3 77 84 20 22 13 9 7 73 97 6 26 
55 99 66 34 19 41 57 69 12 34 23 50 0 61 22 19 63 48 48 25 33 46 41 89 26 30 11 55 76 75 52 92 31 50 67 37 57 89 13 73 45 35 39 6 
97 19 61 91 25 15 25 71 24 11 58 95 61 0 29 100 56 78 40 10 79 2 39 96 87 51 49 12 20 51 49 17 25 94 0 89 49 94 87 3 68 65 26 20 
74 33 15 67 63 61 19 7 65 84 40 81 22 29 0 53 78 52 80 44 16 89 76 94 65 27 46 24 62 25 44 46 11 59 80 85 27 47 61 95 99 1 89 56 
89 92 8 26 82 91 17 86 89 93 51 21 19 100 53 0 64 92 12 60 10 21 66 11 35 42 4 99 76 15 72 0 49 96 99 6 50 12 83 45 88 15 3 6 
94 18 8 8 76 46 36 69 14 74 16 28 63 56 78 64 0 75 22 84 58 18 23 38 13 8 28 61 14 4 56 78 94 46 38 55 46 23 90 0 44 17 7 39 
83 46 94 42 32 50 13 38 56 91 70 81 48 78 52 92 75 0 92 100 85 23 66 66 53 18 27 44 37 56 88 80 7 88 4 4 77 100 94 93 27 91 99 96 
1 63 17 24 54 66 23 5 73 100 27 35 48 40 80 12 22 92 0 0 48 12 47 96 37 10 54 85 10 2 20 18 72 32 81 79 69 37 24 12 48 68 9 14 
69 15 82 18 17 15 99 18 54 52 86 31 25 10 44 60 84 100 0 0 44 25 24 95 36 9 41 54 50 91 99 67 68 82 30 30 98 82 51 1 75 86 54 27 
34 62 13 60 98 85 85 62 45 19 96 1 33 79 16 10 58 85 48 44 0 45 71 8 42 42 53 100 61 56 16 44 88 98 88 94 99 14 8 61 8 48 28 38 
85 4 91 27 85 68 55 49 58 11 96 67 46 2 89 21 18 23 12 25 45 0 66 49 98 84 39 14 75 71 37 4 59 47 2 84 70 37 7 81 9 0 79 47 
57 16 79 43 8 19 41 58 11 12 60 28 41 39 76 66 23 66 47 24 71 66 0 65 42 75 31 57 15 47 20 38 25 88 28 39 33 63 9 46 91 50 11 23 
52 8 2 33 39 75 96 99 36 62 33 57 89 96 94 11 38 66 96 95 8 49 65 0 41 23 64 35 59 25 20 0 48 3 82 79 64 20 49 0 98 84 59 17 
20 67 48 83 51 31 80 70 48 39 27 31 26 87 65 35 13 53 37 36 42 98 42 41 0 78 94 41 93 44 76 0 67 15 20 27 89 47 72 35 32 49 54 48 
25 98 70 53 69 2 11 32 24 99 74 40 30 51 27 42 8 18 10 9 42 84 75 23 78 0 41 89 66 32 55 44 34 44 20 73 37 99 10 34 48 23 21 31 
14 27 44 55 17 24 35 41 96 6 70 73 11 49 46 4 28 27 54 41 53 39 31 64 94 41 0 10 40 57 31 53 54 98 79 86 27 30 11 81 33 22 21 83 
91 39 98 95 45 54 42 84 59 98 96 27 55 12 24 99 61 44 85 54 100 14 57 35 41 89 10 0 56 78 86 35 75 48 96 9 30 67 93 81 82 69 45 60 
84 85 6 15 13 29 84 100 28 32 80 94 76 20 62 76 14 37 10 50 61 75 15 59 93 66 40 56 0 31 88 32 58 85 63 79 10 17 83 22 59 38 34 63 
54 85 13 20 31 49 29 67 40 52 32 99 75 51 25 15 4 56 2 91 56 71 47 25 44 32 57 78 31 0 71 29 55 45 66 27 34 46 6 69 44 31 46 48 
44 93 90 1 12 73 13 95 35 78 0 97 52 49 44 72 56 88 20 99 16 37 20 20 76 55 31 86 88 71 0 20 59 66 6 52 24 53 36 15 93 68 28 10 
83 5 18 45 26 21 37 60 21 93 56 68 92 17 46 0 78 80 18 67 44 4 38 0 0 44 53 35 32 29 20 0 54 88 0 32 46 11 17 31 25 31 0 36 
66 79 36 77 69 95 19 49 17 20 90 3 31 25 11 49 94 7 72 68 88 59 25 48 67 34 54 75 58 55 59 54 0 74 80 51 82 39 18 43 12 88 53 14 
26 100 86 28 92 76 56 25 48 27 30 77 50 94 59 96 46 88 32 82 98 47 88 3 15 44 98 48 85 45 66 88 74 0 93 61 48 35 0 74 88 7 19 53 
47 98 37 61 6 70 63 17 12 42 19 84 67 0 80 99 38 4 81 30 88 2 28 82 20 20 79 96 63 66 6 0 80 93 0 72 2 87 67 97 15 98 53 45 
62 8 62 81 22 8 50 18 66 94 31 20 37 89 85 6 55 4 79 30 94 84 39 79 27 73 86 9 79 27 52 32 51 61 72 0 8 52 26 91 33 23 27 30 
17 67 17 24 47 94 52 63 33 85 54 22 57 49 27 50 46 77 69 98 99 70 33 64 89 37 27 30 10 34 24 46 82 48 2 8 0 11 95 80 70 48 7 17 
0 67 88 34 72 74 22 0 95 81 7 13 89 94 47 12 23 100 37 82 14 37 63 20 47 99 30 67 17 46 53 11 39 35 87 52 11 0 100 85 86 31 33 56 
61 9 16 67 72 86 89 83 25 19 99 9 13 87 61 83 90 94 24 51 8 7 9 49 72 10 11 93 83 6 36 17 18 0 67 26 95 100 0 79 16 48 22 77 
85 88 36 73 49 16 22 76 44 40 70 7 73 3 95 45 0 93 12 1 61 81 46 0 35 34 81 81 22 69 15 31 43 74 97 91 80 85 79 0 62 80 87 7 
43 92 2 22 63 19 37 24 81 50 96 73 45 68 99 88 44 27 48 75 8 9 91 98 32 48 33 82 59 44 93 25 12 88 15 33 70 86 16 62 0 18 17 44 
55 43 95 20 32 48 26 42 55 21 8 97 35 65 1 15 17 91 68 86 48 0 50 84 49 23 22 69 38 31 68 31 88 7 98 23 48 31 48 80 18 0 34 49 
89 38 62 75 42 86 74 31 90 56 8 6 39 26 89 3 7 99 9 54 28 79 11 59 54 21 21 45 34 46 28 0 53 19 53 27 7 33 22 87 17 34 0 61 
8 77 72 41 60 48 86 2 21 43 46 26 6 20 56 6 39 96 14 27 38 47 23 17 48 31 83 60 63 48 10 36 14 53 45 30 17 56 77 7 44 49 61 0 
BRBRBBBRRRBBBBRBRRRRBRBBRBRRBBRBRBRRRRBRBRBB
