44
0 55 8 19 62 62 59 19 48 72 16 28 4 22 95 9 39 99 99 94 53 54 44 43 60 10 14 59 46 32 97 95 11 87 51 53 4 53 98 10 78 79 3 78 
55 0 64 18 59 18 89 33 93 71 47 67 39 57 49 91 90 23 58 15 54 31 55 0 26 84 59 6 27 41 8 96 46 78 39 7 77 9 67 60 61 25 50 42 
8 64 0 13 74 11 26 47 10 43 77 17 70 18 55 10 18 24 58 25 2 22 83 92 44 23 36 32 17 100 85 36 0 73 87 97 8 86 66 100 1 97 81 90 
19 18 13 0 81 99 64 5 45 88 57 36 4 88 92 78 21 17 90 80 80 51 28 83 31 68 0 31 93 71 0 54 28 84 84 36 52 83 50 14 83 84 4 44 
62 59 74 81 0 86 16 74 5 92 12 79 45 57 82 24 1 74 70 94 88 38 11 93 79 48 8 11 65 95 59 25 54 54 40 84 68 37 77 97 39 35 27 25 
62 18 11 99 86 0 86 33 14 71 78 25 73 24 69 54 68 62 62 9 14 46 45 46 94 5 12 49 36 6 56 92 97 16 37 94 88 98 21 82 14 78 34 48 
59 89 26 64 16 86 0 15 1 59 1 21 78 2 18 18 1 41 91 93 83 83 72 87 89 37 29 73 43 28 46 45 49 31 33 15 33 62 60 19 17 89 70 55 
19 33 47 5 74 33 15 0 52 43 61 47 22 68 73 35 32 12 46 68 77 2 9 82 75 83 13 4 47 2 91 99 73 96 12 63 31 66 52 87 51 57 74 27 
48 93 10 45 5 14 1 52 0 85 54 22 37 97 9 13 59 61 96 91 2 77 60 11 1 42 6 39 74 79 19 15 83 79 5 2 67 94 60 98 73 95 99 51 
72 71 43 88 92 71 59 43 85 0 26 5 49 51 35 61 60 36 48 70 32 23 86 72 42 59 16 73 79 71 7 15 30 30 100 52 21 39 37 57 16 35 76 49 
16 47 77 57 12 78 1 61 54 26 0 8 31 13 67 71 2 64 57 85 35 23 78 59 37 55 12 38 100 2 96 100 69 6 56 13 10 62 33 61 61 64 4 61 
28 67 17 36 79 25 21 47 22 5 8 0 85 32 80 85 7 5 41 58 75 86 39 90 38 26 85 11 46 85 64 74 48 5 89 23 49 47 95 97 69 73 46 25 
4 39 70 4 45 73 78 22 37 49 31 85 0 74 42 74 47 25 16 12 48 65 65 93 10 95 56 8 80 48 50 58 75 6 80 31 79 66 88 91 74 74 20 3 
22 57 18 88 57 24 2 68 97 51 13 32 74 0 92 45 84 72 89 46 75 36 12 47 68 40 75 36 57 100 5 79 2 55 52 89 46 21 52 40 82 73 12 3 
95 49 55 92 82 69 18 73 9 35 67 80 42 92 0 40 39 16 5 69 64 57 41 77 46 42 30 46 73 50 50 98 13 54 80 37 95 52 49 8 46 78 87 97 
9 91 10 78 24 54 18 35 13 61 71 85 74 45 40 0 27 91 74 63 57 70 99 64 19 50 93 74 95 78 95 60 10 16 73 35 56 25 84 80 48 0 41 28 
39 90 18 21 1 68 1 32 59 60 2 7 47 84 39 27 0 47 100 32 67 56 83 88 70 85 27 9 32 85 73 3 84 59 95 50 75 99 47 44 0 86 69 50 
99 23 24 17 74 62 41 12 61 36 64 5 25 72 16 91 47 0 68 73 15 70 79 21 43 57 23 64 80 63 90 19 73 64 12 49 60 47 7 46 82 57 84 52 
99 58 58 90 70 62 91 46 96 48 57 41 16 89 5 74 100 68 0 20 43 81 64 85 89 17 28 6 61 84 16 91 43 75 4 14 93 83 22 81 87 18 89 57 
94 15 25 80 94 9 93 68 91 70 85 58 12 46 69 63 32 73 20 0 49 3 97 98 65 73 1 94 100 3 29 96 42 67 82 52 68 12 16 60 48 51 6 73 
53 54 2 80 88 14 83 77 2 32 35 75 48 75 64 57 67 15 43 49 0 12 54 66 48 70 6 54 90 67 43 50 0 84 5 45 17 32 38 22 57 14 91 85 
54 31 22 51 38 46 83 2 77 23 23 86 65 36 57 70 56 70 81 3 12 0 68 27 32 82 36 45 6 52 49 46 2 65 19 69 55 66 33 67 55 17 46 61 
44 55 83 28 11 45 72 9 60 86 78 39 65 12 41 99 83 79 64 97 54 68 0 30 99 47 23 86 57 84 80 37 46 97 51 95 20 22 48 37 9 88 13 10 
43 0 92 83 93 46 87 82 11 72 59 90 93 47 77 64 88 21 85 98 66 27 30 0 77 27 43 93 39 96 68 56 88 39 14 94 15 67 23 83 22 76 37 83 
60 26 44 31 79 94 89 75 1 42 37 38 10 68 46 19 70 43 89 65 48 32 99 77 0 84 87 53 60 52 65 12 96 3 89 77 0 92 44 24 10 96 75 48 
10 84 23 68 48 5 37 83 42 59 55 26 95 40 42 50 85 57 17 73 70 82 47 27 84 0 92 24 74 34 30 20 59 5 1 89 74 26 48 65 85 58 41 8 
14 59 36 0 8 12 29 13 6 16 12 85 56 75 30 93 27 23 28 1 6 36 23 43 87 92 0 27 59 30 39 11 11 67 84 15 99 16 31 89 23 40 31 42 
59 6 32 31 11 49 73 4 39 73 38 11 8 36 46 74 9 64 6 94 54 45 86 93 53 24 27 0 29 26 32 89 48 40 49 14 86 88 11 40 65 46 56 36 
46 27 17 93 65 36 43 47 74 79 100 46 80 57 73 95 32 80 61 100 90 6 57 39 60 74 59 29 0 6 41 81 46 73 81 11 77 19 64 57 84 3 5 20 
32 41 100 71 95 6 28 2 79 71 2 85 48 100 50 78 85 63 84 3 67 52 84 96 52 34 30 26 6 0 53 76 30 86 36 34 69 53 28 12 56 77 25 92 
97 8 85 0 59 56 46 91 19 7 96 64 50 5 50 95 73 90 16 29 43 49 80 68 65 30 39 32 41 53 0 65 87 92 56 93 25 4 27 59 24 44 32 20 
95 96 36 54 25 92 45 99 15 15 100 74 58 79 98 60 3 19 91 96 50 46 37 56 12 20 11 89 81 76 65 0 22 5 66 16 64 15 33 53 14 99 79 71 
11 46 0 28 54 97 49 73 83 30 69 48 75 2 13 10 84 73 43 42 0 2 46 88 96 59 11 48 46 30 87 22 0 45 52 48 59 64 2 33 71 22 93 24 
87 78 73 84 54 16 31 96 79 30 6 5 6 55 54 16 59 64 75 67 84 65 97 39 3 5 67 40 73 86 92 5 45 0 34 39 37 100 82 33 83 89 79 7 
51 39 87 84 40 37 33 12 5 100 56 89 80 52 80 73 95 12 4 82 5 19 51 14 89 1 84 49 81 36 56 66 52 34 0 46 55 43 49 5 52 34 76 72 
53 7 97 36 84 94 15 63 2 52 13 23 31 89 37 35 50 49 14 52 45 69 95 94 77 89 15 14 11 34 93 16 48 39 46 0 35 29 56 97 32 1 97 25 
4 77 8 52 68 88 33 31 67 21 10 49 79 46 95 56 75 60 93 68 17 55 20 15 0 74 99 86 77 69 25 64 59 37 55 35 0 84 61 96 23 14 67 67 
53 9 86 83 37 98 62 66 94 39 62 47 66 21 52 25 99 47 83 12 32 66 22 67 92 26 16 88 19 53 4 15 64 100 43 29 84 0 59 97 3 53 35 88 
98 67 66 50 77 21 60 52 60 37 33 95 88 52 49 84 47 7 22 16 38 33 48 23 44 48 31 11 64 28 27 33 2 82 49 56 61 59 0 99 53 97 57 43 
10 60 100 14 97 82 19 87 98 57 61 97 91 40 8 80 44 46 81 60 22 67 37 83 24 65 89 40 57 12 59 53 33 33 5 97 96 97 99 0 30 85 48 98 
78 61 1 83 39 14 17 51 73 16 61 69 74 82 46 48 0 82 87 48 57 55 9 22 10 85 23 65 84 56 24 14 71 83 52 32 23 3 53 30 0 11 31 30 
79 25 97 84 35 78 89 57 95 35 64 73 74 73 78 0 86 57 18 51 14 17 88 76 96 58 40 46 3 77 44 99 22 89 34 1 14 53 97 85 11 0 50 87 
3 50 81 4 27 34 70 74 99 76 4 46 20 12 87 41 69 84 89 6 91 46 13 37 75 41 31 56 5 25 32 79 93 79 76 97 67 35 57 48 31 50 0 33 
78 42 90 44 25 48 55 27 51 49 61 25 3 3 97 28 50 52 57 73 85 61 10 83 48 8 42 36 20 92 20 71 24 7 72 25 67 88 43 98 30 87 33 0 
RBBBBRBRRRRBRBRRRBRRBRRBRBRBRBBRRBRBBBRRBBBB
