34
0 16 32 54 34 80 78 53 28 32 10 23 16 1 49 21 75 16 41 6 16 47 77 25 33 37 81 0 36 10 58 66 20 25 
16 0 43 58 58 99 74 73 14 18 59 2 33 58 61 96 82 47 29 14 43 43 51 19 99 15 15 62 29 35 87 83 25 76 
32 43 0 72 22 15 62 97 4 93 41 48 95 15 47 93 60 92 99 90 33 7 32 39 8 6 94 98 94 29 80 90 19 84 
54 58 72 0 89 46 50 60 45 24 55 58 36 49 58 79 5 97 27 57 65 60 7 19 90 52 67 70 40 11 22 58 85 40 
34 58 22 89 0 80 43 20 92 91 2 19 30 76 99 39 23 100 50 41 44 95 83 45 81 61 81 3 91 11 38 44 10 73 
80 99 15 46 80 0 48 76 94 79 95 4 48 6 6 95 92 37 68 74 53 11 75 0 38 37 33 85 64 51 43 92 64 41 
78 74 62 50 43 48 0 19 78 7 96 13 10 28 14 7 47 75 53 9 10 79 54 51 15 42 61 63 87 38 33 0 45 38 
53 73 97 60 20 76 19 0 46 29 46 75 15 78 2 67 66 73 49 75 26 46 31 67 69 37 32 47 69 48 34 83 100 93 
28 14 4 45 92 94 78 46 0 0 34 15 67 80 60 48 19 22 53 35 9 88 1 98 96 2 65 29 74 99 55 8 29 70 
32 18 93 24 91 79 7 29 0 0 61 61 80 68 18 18 58 24 46 8 23 83 50 29 82 26 11 49 86 14 87 99 12 72 
10 59 41 55 2 95 96 46 34 61 0 52 27 48 25 78 7 33 89 85 28 64 57 2 47 87 53 38 11 40 36 66 96 43 
23 2 48 58 19 4 13 75 15 61 52 0 21 57 68 44 51 13 1 52 56 81 25 53 76 16 47 99 10 22 89 94 97 82 
16 33 95 36 30 48 10 15 67 80 27 21 0 16 95 94 80 34 70 47 34 66 78 9 48 1 38 52 27 90 57 90 32 61 
1 58 15 49 76 6 28 78 80 68 48 57 16 0 83 43 24 40 22 10 81 48 100 12 1 28 82 72 45 23 10 31 3 56 
49 61 47 58 99 6 14 2 60 18 25 68 95 83 0 80 8 56 22 58 7 7 10 90 82 59 66 97 100 41 1 16 98 98 
21 96 93 79 39 95 7 67 48 18 78 44 94 43 80 0 57 48 53 64 8 90 80 97 37 36 5 57 59 63 72 88 18 52 
75 82 60 5 23 92 47 66 19 58 7 51 80 24 8 57 0 46 50 91 51 74 97 36 20 56 46 79 59 27 96 88 97 65 
16 47 92 97 100 37 75 73 22 24 33 13 34 40 56 48 46 0 79 37 54 6 31 11 21 31 24 33 84 45 88 63 78 19 
41 29 99 27 50 68 53 49 53 46 89 1 70 22 22 53 50 79 0 27 51 8 29 8 9 61 54 13 84 19 43 85 70 90 
6 14 90 57 41 74 9 75 35 8 85 52 47 10 58 64 91 37 27 0 76 61 29 41 60 22 34 44 2 99 38 6 38 34 
16 43 33 65 44 53 10 26 9 23 28 56 34 81 7 8 51 54 51 76 0 33 39 66 70 46 41 0 50 82 99 93 11 46 
47 43 7 60 95 11 79 46 88 83 64 81 66 48 7 90 74 6 8 61 33 0 55 24 8 2 81 46 54 15 33 17 39 37 
77 51 32 7 83 75 54 31 1 50 57 25 78 100 10 80 97 31 29 29 39 55 0 17 31 47 98 35 20 87 96 36 49 16 
25 19 39 19 45 0 51 67 98 29 2 53 9 12 90 97 36 11 8 41 66 24 17 0 40 75 65 13 59 32 82 52 47 56 
33 99 8 90 81 38 15 69 96 82 47 76 48 1 82 37 20 21 9 60 70 8 31 40 0 27 82 78 51 90 89 32 93 92 
37 15 6 52 61 37 42 37 2 26 87 16 1 28 59 36 56 31 61 22 46 2 47 75 27 0 90 9 75 29 56 69 58 5 
81 15 94 67 81 33 61 32 65 11 53 47 38 82 66 5 46 24 54 34 41 81 98 65 82 90 0 48 19 14 50 55 97 95 
0 62 98 70 3 85 63 47 29 49 38 99 52 72 97 57 79 33 13 44 0 46 35 13 78 9 48 0 74 13 97 90 94 47 
36 29 94 40 91 64 87 69 74 86 11 10 27 45 100 59 59 84 84 2 50 54 20 59 51 75 19 74 0 58 81 73 81 84 
10 35 29 11 11 51 38 48 99 14 40 22 90 23 41 63 27 45 19 99 82 15 87 32 90 29 14 13 58 0 44 42 56 9 
58 87 80 22 38 43 33 34 55 87 36 89 57 10 1 72 96 88 43 38 99 33 96 82 89 56 50 97 81 44 0 50 86 52 
66 83 90 58 44 92 0 83 8 99 66 94 90 31 16 88 88 63 85 6 93 17 36 52 32 69 55 90 73 42 50 0 74 17 
20 25 19 85 10 64 45 100 29 12 96 97 32 3 98 18 97 78 70 38 11 39 49 47 93 58 97 94 81 56 86 74 0 27 
25 76 84 40 73 41 38 93 70 72 43 82 61 56 98 52 65 19 90 34 46 37 16 56 92 5 95 47 84 9 52 17 27 0 
BRRBRRBBRRRRBBBBRRRRBBRBBBRBRBBRBR
