42
0 89 40 30 35 73 76 98 14 18 85 84 67 42 46 20 19 2 16 94 13 34 67 8 7 3 58 34 96 96 2 42 98 27 19 94 75 81 34 55 0 25 
89 0 29 15 83 37 70 37 98 64 90 10 34 99 34 7 83 56 6 33 52 3 59 2 86 4 46 78 34 21 73 96 5 40 92 87 38 35 40 84 6 72 
40 29 0 25 26 56 68 14 48 78 45 56 45 81 91 67 36 91 34 14 26 6 20 40 76 9 2 55 92 1 70 79 28 89 54 98 96 43 4 24 62 54 
30 15 25 0 56 96 4 17 19 68 91 87 86 57 93 33 53 56 29 8 28 48 30 61 84 69 43 6 76 3 16 65 60 60 100 77 79 98 96 63 20 86 
35 83 26 56 0 15 41 21 39 25 53 65 43 21 11 100 23 56 36 4 63 27 86 64 66 32 41 33 1 84 47 57 12 76 1 76 90 15 8 79 95 10 
73 37 56 96 15 0 61 5 93 15 81 19 15 100 22 85 98 8 7 62 69 35 73 25 36 46 47 53 55 24 73 8 55 87 50 86 84 90 32 42 7 73 
76 70 68 4 41 61 0 17 80 73 54 51 55 66 25 20 63 5 63 12 94 90 25 29 1 63 99 36 57 82 42 49 31 49 95 90 38 67 13 40 82 78 
98 37 14 17 21 5 17 0 68 29 10 21 74 94 71 17 16 57 50 70 38 20 28 49 36 95 18 3 65 38 25 24 34 76 14 49 17 55 4 38 31 32 
14 98 48 19 39 93 80 68 0 15 85 8 30 88 63 1 98 35 93 3 9 76 2 36 92 7 32 78 90 84 28 64 78 94 15 5 62 48 20 88 94 67 
18 64 78 68 25 15 73 29 15 0 22 86 90 49 14 12 19 32 39 88 97 62 92 26 97 11 98 39 0 19 100 44 27 93 29 100 8 81 90 98 85 88 
85 90 45 91 53 81 54 10 85 22 0 38 47 12 88 74 21 20 78 53 13 11 19 22 54 54 91 21 22 48 10 56 19 79 40 44 85 5 64 28 13 56 
84 10 56 87 65 19 51 21 8 86 38 0 54 1 74 76 73 6 69 90 58 1 15 86 55 6 56 11 81 88 57 93 28 19 43 37 45 4 82 99 91 10 
67 34 45 86 43 15 55 74 30 90 47 54 0 5 70 76 33 49 13 1 56 18 79 36 98 40 82 42 75 32 34 52 53 81 80 54 23 84 52 40 31 63 
42 99 81 57 21 100 66 94 88 49 12 1 5 0 58 30 25 46 58 43 0 92 16 32 61 1 32 95 54 25 98 4 69 87 25 86 96 15 46 44 3 37 
46 34 91 93 11 22 25 71 63 14 88 74 70 58 0 27 37 92 40 97 76 2 88 32 93 24 60 0 98 99 95 28 95 5 0 90 67 90 71 82 60 0 
20 7 67 33 100 85 20 17 1 12 74 76 76 30 27 0 77 67 14 77 52 27 22 23 66 85 27 86 89 6 51 15 50 89 53 38 11 21 25 52 52 71 
19 83 36 53 23 98 63 16 98 19 21 73 33 25 37 77 0 82 63 43 56 42 85 35 54 49 37 91 8 77 42 56 86 100 59 57 61 20 17 61 50 23 
2 56 91 56 56 8 5 57 35 32 20 6 49 46 92 67 82 0 17 87 42 39 25 100 3 33 17 28 83 55 70 52 42 5 15 30 43 14 2 22 14 9 
16 6 34 29 36 7 63 50 93 39 78 69 13 58 40 14 63 17 0 60 14 36 76 54 7 34 33 67 8 59 11 50 9 19 23 99 74 83 33 0 30 44 
94 33 14 8 4 62 12 70 3 88 53 90 1 43 97 77 43 87 60 0 21 72 3 87 93 1 49 6 88 12 47 48 57 8 17 59 50 96 41 10 52 75 
13 52 26 28 63 69 94 38 9 97 13 58 56 0 76 52 56 42 14 21 0 3 100 63 51 89 35 69 45 88 86 78 48 0 79 67 4 49 56 11 64 77 
34 3 6 48 27 35 90 20 76 62 11 1 18 92 2 27 42 39 36 72 3 0 73 55 35 72 14 98 96 49 0 0 20 76 43 33 84 98 48 95 70 59 
67 59 20 30 86 73 25 28 2 92 19 15 79 16 88 22 85 25 76 3 100 73 0 12 85 7 23 100 69 52 59 4 66 34 48 86 26 46 13 53 99 36 
8 2 40 61 64 25 29 49 36 26 22 86 36 32 32 23 35 100 54 87 63 55 12 0 78 77 17 66 53 14 75 59 3 44 2 74 13 29 42 89 63 2 
7 86 76 84 66 36 1 36 92 97 54 55 98 61 93 66 54 3 7 93 51 35 85 78 0 12 44 49 17 15 45 60 65 92 18 26 9 79 87 75 69 90 
3 4 9 69 32 46 63 95 7 11 54 6 40 1 24 85 49 33 34 1 89 72 7 77 12 0 37 35 35 31 86 42 44 73 89 24 85 24 53 35 30 82 
58 46 2 43 41 47 99 18 32 98 91 56 82 32 60 27 37 17 33 49 35 14 23 17 44 37 0 37 58 38 89 69 73 86 69 13 26 10 96 93 75 5 
34 78 55 6 33 53 36 3 78 39 21 11 42 95 0 86 91 28 67 6 69 98 100 66 49 35 37 0 18 54 49 97 91 46 89 4 41 6 89 40 88 56 
96 34 92 76 1 55 57 65 90 0 22 81 75 54 98 89 8 83 8 88 45 96 69 53 17 35 58 18 0 28 25 79 24 19 0 55 99 20 35 93 83 58 
96 21 1 3 84 24 82 38 84 19 48 88 32 25 99 6 77 55 59 12 88 49 52 14 15 31 38 54 28 0 39 84 4 100 79 6 40 69 95 59 85 12 
2 73 70 16 47 73 42 25 28 100 10 57 34 98 95 51 42 70 11 47 86 0 59 75 45 86 89 49 25 39 0 79 11 73 8 97 74 61 55 100 35 28 
42 96 79 65 57 8 49 24 64 44 56 93 52 4 28 15 56 52 50 48 78 0 4 59 60 42 69 97 79 84 79 0 39 57 15 25 68 41 77 21 33 17 
98 5 28 60 12 55 31 34 78 27 19 28 53 69 95 50 86 42 9 57 48 20 66 3 65 44 73 91 24 4 11 39 0 33 14 47 77 72 24 0 55 54 
27 40 89 60 76 87 49 76 94 93 79 19 81 87 5 89 100 5 19 8 0 76 34 44 92 73 86 46 19 100 73 57 33 0 57 73 71 87 37 31 96 92 
19 92 54 100 1 50 95 14 15 29 40 43 80 25 0 53 59 15 23 17 79 43 48 2 18 89 69 89 0 79 8 15 14 57 0 7 82 20 33 87 66 80 
94 87 98 77 76 86 90 49 5 100 44 37 54 86 90 38 57 30 99 59 67 33 86 74 26 24 13 4 55 6 97 25 47 73 7 0 70 54 94 44 71 38 
75 38 96 79 90 84 38 17 62 8 85 45 23 96 67 11 61 43 74 50 4 84 26 13 9 85 26 41 99 40 74 68 77 71 82 70 0 54 57 94 10 15 
81 35 43 98 15 90 67 55 48 81 5 4 84 15 90 21 20 14 83 96 49 98 46 29 79 24 10 6 20 69 61 41 72 87 20 54 54 0 63 97 11 26 
34 40 4 96 8 32 13 4 20 90 64 82 52 46 71 25 17 2 33 41 56 48 13 42 87 53 96 89 35 95 55 77 24 37 33 94 57 63 0 27 57 62 
55 84 24 63 79 42 40 38 88 98 28 99 40 44 82 52 61 22 0 10 11 95 53 89 75 35 93 40 93 59 100 21 0 31 87 44 94 97 27 0 18 69 
0 6 62 20 95 7 82 31 94 85 13 91 31 3 60 52 50 14 30 52 64 70 99 63 69 30 75 88 83 85 35 33 55 96 66 71 10 11 57 18 0 7 
25 72 54 86 10 73 78 32 67 88 56 10 63 37 0 71 23 9 44 75 77 59 36 2 90 82 5 56 58 12 28 17 54 92 80 38 15 26 62 69 7 0 
BRRRBRRBBRRRBRRBRRBBBRRRBBBBRBRRRBBRBBBBRB
