50
0 40 48 41 53 78 9 88 20 66 65 92 68 10 32 29 93 46 26 92 9 0 56 33 19 75 28 17 70 43 46 22 37 74 80 11 85 76 39 6 45 2 77 34 20 24 35 77 87 44 
40 0 87 32 40 43 11 55 55 85 57 48 58 19 46 55 73 94 82 42 29 38 97 53 99 30 96 46 44 100 50 86 49 12 96 75 51 34 83 15 72 46 99 54 89 63 61 37 64 86 
48 87 0 42 11 13 24 15 74 67 86 56 3 96 3 65 26 90 39 74 81 69 3 93 74 61 24 89 89 80 43 91 37 87 87 23 97 66 74 95 0 100 88 24 5 41 100 63 100 99 
41 32 42 0 90 46 57 89 28 100 50 60 86 19 26 7 10 31 44 97 43 68 64 48 2 3 80 4 11 38 86 94 75 50 6 1 61 52 94 21 66 54 66 87 0 24 32 88 85 98 
53 40 11 90 0 2 84 57 33 13 58 81 59 55 76 86 96 31 93 68 41 16 22 11 55 69 21 6 57 20 65 72 86 80 89 7 48 57 31 54 22 44 36 76 38 16 93 92 94 22 
78 43 13 46 2 0 96 47 69 16 61 87 34 59 62 29 50 26 44 50 67 81 50 97 27 93 20 26 28 40 44 40 26 53 64 33 12 29 73 50 34 3 50 71 68 59 29 66 53 79 
9 11 24 57 84 96 0 84 33 59 70 37 98 100 91 71 45 53 35 50 39 11 96 67 21 79 91 35 0 6 41 56 28 22 13 13 20 22 82 81 40 27 30 27 12 52 70 95 17 39 
88 55 15 89 57 47 84 0 32 62 73 42 53 25 42 43 19 54 37 11 50 16 33 63 40 79 34 83 65 90 62 65 28 16 34 66 23 81 93 78 57 89 18 26 1 35 99 94 45 15 
20 55 74 28 33 69 33 32 0 93 20 57 16 64 70 22 85 36 91 10 12 11 11 48 4 34 53 63 64 86 66 51 53 31 1 28 14 67 28 71 61 80 60 35 10 9 44 21 87 80 
66 85 67 100 13 16 59 62 93 0 38 42 47 65 100 46 87 44 27 72 63 63 23 40 22 56 67 30 78 7 0 32 76 19 45 15 45 72 41 93 34 88 96 24 76 66 94 2 59 5 
65 57 86 50 58 61 70 73 20 38 0 77 74 92 64 7 93 19 87 95 89 89 7 13 60 67 66 68 3 22 24 28 47 7 17 21 96 40 20 100 91 100 81 33 83 43 80 27 28 48 
92 48 56 60 81 87 37 42 57 42 77 0 37 46 26 36 87 46 41 33 36 58 10 36 14 82 39 68 32 13 49 79 1 48 90 51 49 23 59 74 73 60 26 64 41 2 81 64 0 86 
68 58 3 86 59 34 98 53 16 47 74 37 0 52 15 72 43 35 13 93 82 73 66 100 10 57 54 50 28 21 14 0 59 77 43 41 54 81 61 18 96 29 17 18 43 44 65 95 37 41 
10 19 96 19 55 59 100 25 64 65 92 46 52 0 5 72 42 90 38 22 18 42 96 72 17 42 50 46 20 39 81 0 3 69 8 50 22 40 67 91 49 34 90 64 76 86 10 86 16 57 
32 46 3 26 76 62 91 42 70 100 64 26 15 5 0 21 44 33 54 52 35 10 17 51 51 14 41 7 75 23 13 1 0 94 7 93 92 66 85 75 55 83 61 36 75 23 35 59 38 34 
29 55 65 7 86 29 71 43 22 46 7 36 72 72 21 0 85 32 40 80 98 77 8 31 2 62 17 38 41 46 75 74 66 47 5 49 60 27 42 97 46 0 96 16 55 71 95 36 19 78 
93 73 26 10 96 50 45 19 85 87 93 87 43 42 44 85 0 72 22 14 15 54 99 17 6 64 96 28 14 45 14 54 78 84 49 5 29 0 36 25 98 59 10 42 80 88 93 47 69 74 
46 94 90 31 31 26 53 54 36 44 19 46 35 90 33 32 72 0 8 6 40 19 13 94 78 65 3 42 86 1 88 94 57 96 15 18 88 31 46 19 35 96 60 4 76 63 9 8 88 64 
26 82 39 44 93 44 35 37 91 27 87 41 13 38 54 40 22 8 0 2 88 97 72 72 11 92 44 9 42 88 93 33 23 18 65 99 68 59 61 32 98 5 43 16 60 70 10 84 22 16 
92 42 74 97 68 50 50 11 10 72 95 33 93 22 52 80 14 6 2 0 35 7 37 15 88 59 52 78 11 92 50 8 79 39 22 30 68 17 90 58 7 45 52 30 29 85 97 37 33 42 
9 29 81 43 41 67 39 50 12 63 89 36 82 18 35 98 15 40 88 35 0 94 87 58 43 25 92 48 48 70 12 76 74 35 16 6 0 0 10 86 34 92 64 59 16 77 95 74 85 76 
0 38 69 68 16 81 11 16 11 63 89 58 73 42 10 77 54 19 97 7 94 0 9 20 36 22 87 89 1 92 24 86 63 41 72 87 50 79 75 4 40 53 43 66 68 43 29 50 4 75 
56 97 3 64 22 50 96 33 11 23 7 10 66 96 17 8 99 13 72 37 87 9 0 37 89 63 29 12 93 12 73 87 94 19 68 51 80 61 57 41 87 90 8 48 99 9 90 3 37 31 
33 53 93 48 11 97 67 63 48 40 13 36 100 72 51 31 17 94 72 15 58 20 37 0 82 79 32 37 85 84 90 34 32 16 2 7 28 21 51 91 14 89 50 36 18 37 1 90 36 16 
19 99 74 2 55 27 21 40 4 22 60 14 10 17 51 2 6 78 11 88 43 36 89 82 0 4 17 88 53 40 47 20 90 4 40 21 63 30 71 65 95 100 6 61 11 21 42 100 93 82 
75 30 61 3 69 93 79 79 34 56 67 82 57 42 14 62 64 65 92 59 25 22 63 79 4 0 54 14 97 69 34 79 60 70 74 58 48 36 6 72 28 82 52 33 37 74 49 25 68 27 
28 96 24 80 21 20 91 34 53 67 66 39 54 50 41 17 96 3 44 52 92 87 29 32 17 54 0 100 1 60 81 48 44 98 30 61 31 16 90 42 79 27 60 73 49 95 84 20 20 27 
17 46 89 4 6 26 35 83 63 30 68 68 50 46 7 38 28 42 9 78 48 89 12 37 88 14 100 0 53 72 40 32 45 43 65 49 54 84 24 61 32 19 27 15 64 19 51 35 6 12 
70 44 89 11 57 28 0 65 64 78 3 32 28 20 75 41 14 86 42 11 48 1 93 85 53 97 1 53 0 65 91 18 73 20 13 58 18 36 11 11 70 25 5 10 93 62 26 69 31 99 
43 100 80 38 20 40 6 90 86 7 22 13 21 39 23 46 45 1 88 92 70 92 12 84 40 69 60 72 65 0 33 77 56 91 17 38 99 65 78 67 43 93 55 82 43 84 99 37 55 44 
46 50 43 86 65 44 41 62 66 0 24 49 14 81 13 75 14 88 93 50 12 24 73 90 47 34 81 40 91 33 0 21 59 29 97 47 69 88 55 43 72 83 5 27 93 6 0 96 93 56 
22 86 91 94 72 40 56 65 51 32 28 79 0 0 1 74 54 94 33 8 76 86 87 34 20 79 48 32 18 77 21 0 23 13 39 76 53 24 48 22 23 42 21 28 8 79 15 31 37 93 
37 49 37 75 86 26 28 28 53 76 47 1 59 3 0 66 78 57 23 79 74 63 94 32 90 60 44 45 73 56 59 23 0 34 64 86 90 25 7 87 89 5 24 84 4 3 86 80 81 55 
74 12 87 50 80 53 22 16 31 19 7 48 77 69 94 47 84 96 18 39 35 41 19 16 4 70 98 43 20 91 29 13 34 0 7 32 63 34 82 56 80 81 0 15 51 22 39 77 88 35 
80 96 87 6 89 64 13 34 1 45 17 90 43 8 7 5 49 15 65 22 16 72 68 2 40 74 30 65 13 17 97 39 64 7 0 78 96 48 53 12 97 95 61 87 9 23 3 95 96 4 
11 75 23 1 7 33 13 66 28 15 21 51 41 50 93 49 5 18 99 30 6 87 51 7 21 58 61 49 58 38 47 76 86 32 78 0 20 0 63 84 29 17 84 29 5 27 46 97 95 59 
85 51 97 61 48 12 20 23 14 45 96 49 54 22 92 60 29 88 68 68 0 50 80 28 63 48 31 54 18 99 69 53 90 63 96 20 0 6 47 70 2 15 29 84 54 69 42 64 22 94 
76 34 66 52 57 29 22 81 67 72 40 23 81 40 66 27 0 31 59 17 0 79 61 21 30 36 16 84 36 65 88 24 25 34 48 0 6 0 59 18 33 15 48 21 37 1 88 71 79 38 
39 83 74 94 31 73 82 93 28 41 20 59 61 67 85 42 36 46 61 90 10 75 57 51 71 6 90 24 11 78 55 48 7 82 53 63 47 59 0 60 70 63 75 46 39 71 28 91 89 3 
6 15 95 21 54 50 81 78 71 93 100 74 18 91 75 97 25 19 32 58 86 4 41 91 65 72 42 61 11 67 43 22 87 56 12 84 70 18 60 0 66 82 3 37 41 21 79 81 87 48 
45 72 0 66 22 34 40 57 61 34 91 73 96 49 55 46 98 35 98 7 34 40 87 14 95 28 79 32 70 43 72 23 89 80 97 29 2 33 70 66 0 91 86 54 43 23 18 30 50 3 
2 46 100 54 44 3 27 89 80 88 100 60 29 34 83 0 59 96 5 45 92 53 90 89 100 82 27 19 25 93 83 42 5 81 95 17 15 15 63 82 91 0 96 46 30 16 16 28 16 25 
77 99 88 66 36 50 30 18 60 96 81 26 17 90 61 96 10 60 43 52 64 43 8 50 6 52 60 27 5 55 5 21 24 0 61 84 29 48 75 3 86 96 0 65 45 38 74 30 68 91 
34 54 24 87 76 71 27 26 35 24 33 64 18 64 36 16 42 4 16 30 59 66 48 36 61 33 73 15 10 82 27 28 84 15 87 29 84 21 46 37 54 46 65 0 62 86 75 61 8 71 
20 89 5 0 38 68 12 1 10 76 83 41 43 76 75 55 80 76 60 29 16 68 99 18 11 37 49 64 93 43 93 8 4 51 9 5 54 37 39 41 43 30 45 62 0 35 8 25 95 57 
24 63 41 24 16 59 52 35 9 66 43 2 44 86 23 71 88 63 70 85 77 43 9 37 21 74 95 19 62 84 6 79 3 22 23 27 69 1 71 21 23 16 38 86 35 0 81 95 59 51 
35 61 100 32 93 29 70 99 44 94 80 81 65 10 35 95 93 9 10 97 95 29 90 1 42 49 84 51 26 99 0 15 86 39 3 46 42 88 28 79 18 16 74 75 8 81 0 69 71 80 
77 37 63 88 92 66 95 94 21 2 27 64 95 86 59 36 47 8 84 37 74 50 3 90 100 25 20 35 69 37 96 31 80 77 95 97 64 71 91 81 30 28 30 61 25 95 69 0 64 74 
87 64 100 85 94 53 17 45 87 59 28 0 37 16 38 19 69 88 22 33 85 4 37 36 93 68 20 6 31 55 93 37 81 88 96 95 22 79 89 87 50 16 68 8 95 59 71 64 0 13 
44 86 99 98 22 79 39 15 80 5 48 86 41 57 34 78 74 64 16 42 76 75 31 16 82 27 27 12 99 44 56 93 55 35 4 59 94 38 3 48 3 25 91 71 57 51 80 74 13 0 
RBBBRRBRBBBBRBRRBRRRBBRBBRBRBRRRRBRBBBBRBRBRRRBRRB
