28
0 51 66 85 47 26 48 27 99 45 36 23 36 69 49 76 52 47 43 17 85 21 13 37 3 28 44 5 
51 0 98 4 22 47 39 24 57 81 32 30 22 54 90 100 68 16 94 14 41 19 33 27 61 76 84 56 
66 98 0 88 91 20 26 76 61 61 52 13 70 35 94 3 12 24 16 85 48 86 41 37 41 81 18 31 
85 4 88 0 1 21 18 25 15 78 11 56 93 96 40 72 22 8 67 8 34 42 42 97 29 49 53 73 
47 22 91 1 0 74 57 57 4 45 70 4 13 1 63 90 87 64 60 18 95 28 100 62 96 74 14 7 
26 47 20 21 74 0 71 5 20 14 53 76 100 64 76 57 17 0 17 30 29 18 19 83 49 3 71 28 
48 39 26 18 57 71 0 99 58 61 26 47 39 40 63 60 37 97 42 67 91 76 86 8 15 2 58 81 
27 24 76 25 57 5 99 0 74 16 50 44 71 34 69 62 69 90 51 64 86 73 71 36 77 72 61 36 
99 57 61 15 4 20 58 74 0 17 80 91 35 48 9 38 94 33 50 83 47 1 64 3 90 87 63 4 
45 81 61 78 45 14 61 16 17 0 0 89 53 100 7 65 69 54 18 14 28 29 10 35 72 29 54 90 
36 32 52 11 70 53 26 50 80 0 0 49 26 95 46 78 6 74 87 94 19 23 73 41 43 25 100 65 
23 30 13 56 4 76 47 44 91 89 49 0 51 67 88 4 81 99 99 84 79 37 23 50 65 85 72 31 
36 22 70 93 13 100 39 71 35 53 26 51 0 75 72 97 94 74 27 53 45 68 44 56 19 85 59 27 
69 54 35 96 1 64 40 34 48 100 95 67 75 0 7 66 9 62 84 93 17 44 29 6 71 40 63 33 
49 90 94 40 63 76 63 69 9 7 46 88 72 7 0 9 50 62 94 97 14 82 74 79 9 10 44 65 
76 100 3 72 90 57 60 62 38 65 78 4 97 66 9 0 71 4 34 5 44 73 68 97 34 29 21 20 
52 68 12 22 87 17 37 69 94 69 6 81 94 9 50 71 0 54 38 3 47 99 12 75 26 3 2 10 
47 16 24 8 64 0 97 90 33 54 74 99 74 62 62 4 54 0 40 47 55 18 64 82 4 68 89 43 
43 94 16 67 60 17 42 51 50 18 87 99 27 84 94 34 38 40 0 70 92 90 1 83 86 55 20 28 
17 14 85 8 18 30 67 64 83 14 94 84 53 93 97 5 3 47 70 0 4 22 91 74 40 38 15 10 
85 41 48 34 95 29 91 86 47 28 19 79 45 17 14 44 47 55 92 4 0 5 93 72 52 28 5 45 
21 19 86 42 28 18 76 73 1 29 23 37 68 44 82 73 99 18 90 22 5 0 92 61 92 73 32 53 
13 33 41 42 100 19 86 71 64 10 73 23 44 29 74 68 12 64 1 91 93 92 0 82 14 31 36 92 
37 27 37 97 62 83 8 36 3 35 41 50 56 6 79 97 75 82 83 74 72 61 82 0 1 76 74 60 
3 61 41 29 96 49 15 77 90 72 43 65 19 71 9 34 26 4 86 40 52 92 14 1 0 98 60 53 
28 76 81 49 74 3 2 72 87 29 25 85 85 40 10 29 3 68 55 38 28 73 31 76 98 0 51 74 
44 84 18 53 14 71 58 61 63 54 100 72 59 63 44 21 2 89 20 15 5 32 36 74 60 51 0 32 
5 56 31 73 7 28 81 36 4 90 65 31 27 33 65 20 10 43 28 10 45 53 92 60 53 74 32 0 
RBBRBRRBRRBBRRBRRRRBBBBRBRBB
