48
0 9 2 73 74 80 36 6 71 11 48 22 2 7 20 28 13 18 62 19 77 49 79 74 92 92 10 21 55 72 51 82 34 9 89 26 79 18 84 82 58 4 35 19 11 2 60 29 
9 0 31 38 11 42 71 15 18 50 45 60 45 26 62 15 45 89 48 95 68 71 30 88 86 34 91 36 89 91 34 68 100 94 2 82 31 24 0 1 80 61 52 5 70 93 81 24 
2 31 0 81 74 7 26 0 56 53 81 21 68 92 5 84 96 35 70 6 77 29 15 56 53 30 42 0 71 22 25 97 38 34 99 20 60 20 40 33 1 91 33 94 89 55 86 46 
73 38 81 0 68 90 95 66 94 91 86 79 19 67 38 26 83 60 60 70 84 23 30 3 33 18 69 25 92 22 18 65 27 60 23 2 59 19 100 27 86 34 23 57 26 90 19 81 
74 11 74 68 0 0 43 75 61 94 2 88 53 58 95 55 55 58 83 89 2 28 68 36 31 47 76 82 58 15 9 73 66 44 57 67 2 41 77 91 44 98 14 81 47 30 36 84 
80 42 7 90 0 0 70 100 54 87 99 19 37 80 86 40 71 64 28 0 17 34 98 21 52 29 63 55 82 100 26 60 16 88 91 46 83 8 73 9 41 30 15 12 31 89 69 17 
36 71 26 95 43 70 0 10 42 69 33 97 11 97 19 64 1 81 15 92 51 3 68 20 39 40 49 29 76 86 99 69 67 88 16 23 17 91 58 4 33 30 81 71 23 30 10 79 
6 15 0 66 75 100 10 0 35 45 75 53 70 58 20 66 69 40 54 69 52 19 31 88 74 82 97 56 64 82 17 35 17 70 18 47 97 30 99 87 66 97 23 48 92 23 40 93 
71 18 56 94 61 54 42 35 0 26 74 25 20 49 6 78 62 38 33 52 11 16 83 63 86 1 61 35 24 66 69 90 70 47 32 27 47 64 23 22 63 47 86 24 75 51 70 74 
11 50 53 91 94 87 69 45 26 0 18 26 92 92 60 30 86 50 89 93 76 83 4 56 15 40 52 39 86 81 97 57 93 100 16 30 93 72 67 66 92 36 22 9 43 6 22 92 
48 45 81 86 2 99 33 75 74 18 0 49 82 16 83 97 55 81 63 48 48 81 53 66 17 19 53 29 51 39 30 6 24 64 67 3 44 98 70 12 15 23 35 48 82 46 80 50 
22 60 21 79 88 19 97 53 25 26 49 0 38 34 85 98 56 2 86 10 51 56 58 74 44 73 66 35 3 54 63 45 48 34 75 48 53 45 68 24 51 68 5 75 93 5 57 46 
2 45 68 19 53 37 11 70 20 92 82 38 0 79 36 4 21 21 51 71 19 89 83 38 50 63 47 37 65 4 70 40 54 16 71 31 99 68 73 17 84 89 85 96 85 87 19 53 
7 26 92 67 58 80 97 58 49 92 16 34 79 0 62 13 72 3 71 92 91 3 42 55 46 13 17 79 45 7 33 61 75 9 15 46 6 44 58 29 45 64 82 2 34 23 93 75 
20 62 5 38 95 86 19 20 6 60 83 85 36 62 0 59 66 29 48 94 33 52 50 30 11 59 55 81 90 55 24 24 40 17 32 93 34 35 32 45 6 4 91 85 46 54 43 82 
28 15 84 26 55 40 64 66 78 30 97 98 4 13 59 0 71 85 50 72 45 95 97 4 85 33 30 16 27 40 46 64 68 88 26 15 1 24 12 26 3 13 49 92 98 18 40 75 
13 45 96 83 55 71 1 69 62 86 55 56 21 72 66 71 0 28 57 98 17 7 33 32 32 33 14 10 61 51 64 94 58 92 42 27 52 98 87 3 89 54 63 46 15 9 70 21 
18 89 35 60 58 64 81 40 38 50 81 2 21 3 29 85 28 0 30 38 39 93 40 86 41 92 61 62 15 72 23 31 13 82 55 5 2 27 41 17 71 60 82 66 83 51 49 39 
62 48 70 60 83 28 15 54 33 89 63 86 51 71 48 50 57 30 0 85 47 65 37 75 41 34 75 55 15 97 32 98 54 36 9 67 25 9 11 30 33 43 27 54 94 90 45 38 
19 95 6 70 89 0 92 69 52 93 48 10 71 92 94 72 98 38 85 0 24 56 96 50 24 24 76 65 32 83 75 37 81 30 76 56 82 4 1 48 41 71 56 76 45 77 88 57 
77 68 77 84 2 17 51 52 11 76 48 51 19 91 33 45 17 39 47 24 0 87 10 14 72 91 43 6 55 11 52 97 100 54 36 34 62 70 84 14 65 20 77 0 57 49 76 31 
49 71 29 23 28 34 3 19 16 83 81 56 89 3 52 95 7 93 65 56 87 0 85 7 32 37 94 23 39 10 58 57 66 73 5 91 30 53 24 87 16 14 69 2 71 83 66 11 
79 30 15 30 68 98 68 31 83 4 53 58 83 42 50 97 33 40 37 96 10 85 0 97 34 22 18 49 33 21 48 11 82 46 79 92 97 73 99 39 61 26 90 92 40 81 69 4 
74 88 56 3 36 21 20 88 63 56 66 74 38 55 30 4 32 86 75 50 14 7 97 0 12 57 24 19 63 43 44 71 51 56 62 46 60 95 74 0 85 18 2 64 83 35 3 79 
92 86 53 33 31 52 39 74 86 15 17 44 50 46 11 85 32 41 41 24 72 32 34 12 0 85 33 73 63 12 1 81 33 20 72 58 98 1 3 9 84 47 44 27 40 66 7 6 
92 34 30 18 47 29 40 82 1 40 19 73 63 13 59 33 33 92 34 24 91 37 22 57 85 0 8 20 52 90 93 77 15 59 4 64 58 31 85 83 88 16 32 43 50 50 51 74 
10 91 42 69 76 63 49 97 61 52 53 66 47 17 55 30 14 61 75 76 43 94 18 24 33 8 0 64 57 18 65 75 0 78 76 4 54 86 98 85 79 88 18 15 40 9 39 75 
21 36 0 25 82 55 29 56 35 39 29 35 37 79 81 16 10 62 55 65 6 23 49 19 73 20 64 0 40 56 39 80 46 61 70 52 7 11 64 61 31 74 69 49 7 98 55 56 
55 89 71 92 58 82 76 64 24 86 51 3 65 45 90 27 61 15 15 32 55 39 33 63 63 52 57 40 0 12 90 89 98 44 27 81 80 81 63 28 29 14 63 36 54 30 94 32 
72 91 22 22 15 100 86 82 66 81 39 54 4 7 55 40 51 72 97 83 11 10 21 43 12 90 18 56 12 0 87 38 77 92 96 42 69 98 36 29 61 18 47 2 43 11 36 54 
51 34 25 18 9 26 99 17 69 97 30 63 70 33 24 46 64 23 32 75 52 58 48 44 1 93 65 39 90 87 0 97 77 3 45 84 84 32 94 53 91 61 66 75 9 40 66 53 
82 68 97 65 73 60 69 35 90 57 6 45 40 61 24 64 94 31 98 37 97 57 11 71 81 77 75 80 89 38 97 0 97 84 13 3 74 53 30 31 73 44 9 4 14 21 96 36 
34 100 38 27 66 16 67 17 70 93 24 48 54 75 40 68 58 13 54 81 100 66 82 51 33 15 0 46 98 77 77 97 0 46 27 54 91 72 68 20 36 20 8 33 82 37 70 65 
9 94 34 60 44 88 88 70 47 100 64 34 16 9 17 88 92 82 36 30 54 73 46 56 20 59 78 61 44 92 3 84 46 0 73 11 6 24 85 35 62 20 55 10 84 64 77 49 
89 2 99 23 57 91 16 18 32 16 67 75 71 15 32 26 42 55 9 76 36 5 79 62 72 4 76 70 27 96 45 13 27 73 0 30 59 29 15 84 28 42 69 91 89 56 98 45 
26 82 20 2 67 46 23 47 27 30 3 48 31 46 93 15 27 5 67 56 34 91 92 46 58 64 4 52 81 42 84 3 54 11 30 0 78 49 23 92 93 95 66 48 14 12 64 22 
79 31 60 59 2 83 17 97 47 93 44 53 99 6 34 1 52 2 25 82 62 30 97 60 98 58 54 7 80 69 84 74 91 6 59 78 0 95 98 33 86 17 78 44 39 75 50 85 
18 24 20 19 41 8 91 30 64 72 98 45 68 44 35 24 98 27 9 4 70 53 73 95 1 31 86 11 81 98 32 53 72 24 29 49 95 0 100 88 90 70 74 95 60 73 7 97 
84 0 40 100 77 73 58 99 23 67 70 68 73 58 32 12 87 41 11 1 84 24 99 74 3 85 98 64 63 36 94 30 68 85 15 23 98 100 0 12 76 91 86 45 51 95 94 30 
82 1 33 27 91 9 4 87 22 66 12 24 17 29 45 26 3 17 30 48 14 87 39 0 9 83 85 61 28 29 53 31 20 35 84 92 33 88 12 0 49 3 92 39 6 73 7 34 
58 80 1 86 44 41 33 66 63 92 15 51 84 45 6 3 89 71 33 41 65 16 61 85 84 88 79 31 29 61 91 73 36 62 28 93 86 90 76 49 0 26 1 58 42 27 90 63 
4 61 91 34 98 30 30 97 47 36 23 68 89 64 4 13 54 60 43 71 20 14 26 18 47 16 88 74 14 18 61 44 20 20 42 95 17 70 91 3 26 0 11 29 86 90 22 73 
35 52 33 23 14 15 81 23 86 22 35 5 85 82 91 49 63 82 27 56 77 69 90 2 44 32 18 69 63 47 66 9 8 55 69 66 78 74 86 92 1 11 0 71 80 11 73 2 
19 5 94 57 81 12 71 48 24 9 48 75 96 2 85 92 46 66 54 76 0 2 92 64 27 43 15 49 36 2 75 4 33 10 91 48 44 95 45 39 58 29 71 0 10 20 90 91 
11 70 89 26 47 31 23 92 75 43 82 93 85 34 46 98 15 83 94 45 57 71 40 83 40 50 40 7 54 43 9 14 82 84 89 14 39 60 51 6 42 86 80 10 0 38 70 98 
2 93 55 90 30 89 30 23 51 6 46 5 87 23 54 18 9 51 90 77 49 83 81 35 66 50 9 98 30 11 40 21 37 64 56 12 75 73 95 73 27 90 11 20 38 0 14 42 
60 81 86 19 36 69 10 40 70 22 80 57 19 93 43 40 70 49 45 88 76 66 69 3 7 51 39 55 94 36 66 96 70 77 98 64 50 7 94 7 90 22 73 90 70 14 0 25 
29 24 46 81 84 17 79 93 74 92 50 46 53 75 82 75 21 39 38 57 31 11 4 79 6 74 75 56 32 54 53 36 65 49 45 22 85 97 30 34 63 73 2 91 98 42 25 0 
RRRRBRBBRRRBRRRRBBBRBBBBBBBBBRBRRBRRBBRBRBRRBBRR
