40
0 68 60 56 50 11 1 85 82 89 29 74 8 63 65 45 40 22 75 2 62 58 50 61 4 58 12 67 48 60 16 36 100 35 93 62 92 87 51 96 
68 0 39 61 40 50 8 69 98 39 70 34 8 1 43 6 81 32 4 29 5 58 9 42 84 10 31 86 74 4 8 29 40 7 10 3 3 18 69 63 
60 39 0 57 32 98 76 33 82 23 81 41 40 51 52 42 9 94 80 71 80 93 46 20 30 46 48 37 8 98 99 73 33 42 9 64 86 88 67 0 
56 61 57 0 17 26 73 79 31 99 12 35 99 80 82 60 98 18 74 53 6 16 54 39 66 8 59 77 35 72 88 74 59 59 31 78 21 71 89 72 
50 40 32 17 0 87 42 5 14 84 47 73 36 23 92 87 59 88 82 91 99 32 60 76 76 16 98 13 81 95 53 2 27 76 1 74 54 88 31 83 
11 50 98 26 87 0 36 85 29 60 90 25 31 21 13 31 55 100 76 42 47 83 45 72 28 93 83 68 7 37 22 64 21 69 11 98 60 73 60 7 
1 8 76 73 42 36 0 95 53 98 51 38 25 54 14 72 11 98 5 63 49 24 19 43 26 69 93 36 1 95 34 27 69 4 69 54 60 28 62 19 
85 69 33 79 5 85 95 0 0 44 45 85 22 95 96 74 89 3 24 13 20 10 14 47 41 29 98 98 32 97 32 75 51 45 98 55 21 68 61 52 
82 98 82 31 14 29 53 0 0 47 47 40 13 32 100 4 87 2 23 0 93 28 4 60 81 8 63 64 3 86 96 80 27 94 11 44 33 6 72 77 
89 39 23 99 84 60 98 44 47 0 68 58 47 40 22 71 63 2 15 38 9 100 100 49 27 60 49 25 50 62 72 52 68 9 72 20 24 69 32 1 
29 70 81 12 47 90 51 45 47 68 0 72 44 13 27 27 57 67 5 21 47 48 83 21 21 83 100 80 95 83 21 49 87 70 8 12 19 38 88 14 
74 34 41 35 73 25 38 85 40 58 72 0 70 6 36 10 95 22 94 39 61 91 17 61 19 80 73 100 1 86 12 34 88 86 8 29 57 10 35 85 
8 8 40 99 36 31 25 22 13 47 44 70 0 44 91 1 95 1 89 92 36 75 8 94 25 8 8 54 20 78 9 42 34 21 40 30 35 42 30 100 
63 1 51 80 23 21 54 95 32 40 13 6 44 0 42 20 57 98 35 57 59 69 18 75 98 99 47 75 86 15 35 31 81 4 85 66 23 69 11 70 
65 43 52 82 92 13 14 96 100 22 27 36 91 42 0 29 29 17 35 3 8 38 90 33 3 70 30 88 7 17 12 37 16 52 38 51 54 89 35 37 
45 6 42 60 87 31 72 74 4 71 27 10 1 20 29 0 65 45 56 77 98 30 90 45 62 47 59 51 35 80 2 12 28 96 73 69 46 29 75 84 
40 81 9 98 59 55 11 89 87 63 57 95 95 57 29 65 0 63 18 68 88 65 68 89 72 25 14 57 31 24 92 6 65 58 96 63 22 18 52 49 
22 32 94 18 88 100 98 3 2 2 67 22 1 98 17 45 63 0 100 61 71 84 35 29 20 67 85 76 46 62 7 94 100 92 57 0 43 45 75 85 
75 4 80 74 82 76 5 24 23 15 5 94 89 35 35 56 18 100 0 36 23 97 39 89 64 57 79 83 84 40 77 84 26 51 37 1 4 92 5 25 
2 29 71 53 91 42 63 13 0 38 21 39 92 57 3 77 68 61 36 0 46 83 5 20 46 99 95 93 28 13 59 95 96 76 67 15 48 74 79 33 
62 5 80 6 99 47 49 20 93 9 47 61 36 59 8 98 88 71 23 46 0 83 79 62 51 74 17 81 44 83 93 52 29 97 11 27 78 48 93 9 
58 58 93 16 32 83 24 10 28 100 48 91 75 69 38 30 65 84 97 83 83 0 16 67 53 42 32 23 98 91 70 8 65 70 41 72 55 68 37 92 
50 9 46 54 60 45 19 14 4 100 83 17 8 18 90 90 68 35 39 5 79 16 0 35 13 55 61 84 71 88 28 69 51 38 40 61 33 44 0 64 
61 42 20 39 76 72 43 47 60 49 21 61 94 75 33 45 89 29 89 20 62 67 35 0 86 14 16 71 91 2 69 97 94 98 6 37 77 91 64 70 
4 84 30 66 76 28 26 41 81 27 21 19 25 98 3 62 72 20 64 46 51 53 13 86 0 9 99 49 24 26 70 3 96 40 60 89 18 21 24 71 
58 10 46 8 16 93 69 29 8 60 83 80 8 99 70 47 25 67 57 99 74 42 55 14 9 0 35 82 90 5 46 5 17 44 4 73 59 79 49 98 
12 31 48 59 98 83 93 98 63 49 100 73 8 47 30 59 14 85 79 95 17 32 61 16 99 35 0 5 69 72 65 1 31 22 64 65 32 95 76 93 
67 86 37 77 13 68 36 98 64 25 80 100 54 75 88 51 57 76 83 93 81 23 84 71 49 82 5 0 38 57 55 27 52 1 33 44 52 71 35 98 
48 74 8 35 81 7 1 32 3 50 95 1 20 86 7 35 31 46 84 28 44 98 71 91 24 90 69 38 0 45 79 0 31 76 52 18 27 82 65 2 
60 4 98 72 95 37 95 97 86 62 83 86 78 15 17 80 24 62 40 13 83 91 88 2 26 5 72 57 45 0 0 91 42 3 24 39 36 54 83 58 
16 8 99 88 53 22 34 32 96 72 21 12 9 35 12 2 92 7 77 59 93 70 28 69 70 46 65 55 79 0 0 36 26 86 5 19 12 64 11 80 
36 29 73 74 2 64 27 75 80 52 49 34 42 31 37 12 6 94 84 95 52 8 69 97 3 5 1 27 0 91 36 0 16 93 34 23 67 27 22 100 
100 40 33 59 27 21 69 51 27 68 87 88 34 81 16 28 65 100 26 96 29 65 51 94 96 17 31 52 31 42 26 16 0 95 27 18 22 88 66 36 
35 7 42 59 76 69 4 45 94 9 70 86 21 4 52 96 58 92 51 76 97 70 38 98 40 44 22 1 76 3 86 93 95 0 75 21 38 68 52 82 
93 10 9 31 1 11 69 98 11 72 8 8 40 85 38 73 96 57 37 67 11 41 40 6 60 4 64 33 52 24 5 34 27 75 0 47 94 81 51 50 
62 3 64 78 74 98 54 55 44 20 12 29 30 66 51 69 63 0 1 15 27 72 61 37 89 73 65 44 18 39 19 23 18 21 47 0 19 42 82 20 
92 3 86 21 54 60 60 21 33 24 19 57 35 23 54 46 22 43 4 48 78 55 33 77 18 59 32 52 27 36 12 67 22 38 94 19 0 24 91 35 
87 18 88 71 88 73 28 68 6 69 38 10 42 69 89 29 18 45 92 74 48 68 44 91 21 79 95 71 82 54 64 27 88 68 81 42 24 0 41 63 
51 69 67 89 31 60 62 61 72 32 88 35 30 11 35 75 52 75 5 79 93 37 0 64 24 49 76 35 65 83 11 22 66 52 51 82 91 41 0 10 
96 63 0 72 83 7 19 52 77 1 14 85 100 70 37 84 49 85 25 33 9 92 64 70 71 98 93 98 2 58 80 100 36 82 50 20 35 63 10 0 
RBBBRBBBBBBRBRBBBRRRBRRBRRBBRRRRBRRRRRBB
