40
0 30 90 20 98 31 74 63 95 39 57 64 16 71 93 4 11 27 14 7 3 86 33 7 18 65 4 99 24 29 12 57 75 48 81 28 0 41 69 66 
30 0 39 57 27 39 70 11 17 92 56 36 52 96 70 6 56 22 100 82 57 35 67 60 16 30 94 58 54 35 88 45 67 57 7 73 100 75 89 83 
90 39 0 37 16 52 97 26 22 89 59 81 86 62 51 70 63 42 92 45 4 27 83 31 72 83 22 53 60 25 58 91 84 57 33 93 24 97 31 21 
20 57 37 0 48 92 5 100 73 98 36 14 77 92 11 61 100 19 39 7 79 22 82 84 8 92 62 98 56 98 97 5 91 99 43 18 32 22 69 20 
98 27 16 48 0 30 11 48 35 57 55 80 54 84 50 82 1 59 93 86 77 61 16 26 55 40 0 58 60 1 15 16 58 61 66 28 36 45 44 12 
31 39 52 92 30 0 63 28 10 69 95 33 21 92 54 97 58 76 44 38 99 81 63 36 17 52 72 56 32 60 12 30 31 29 15 33 76 99 9 60 
74 70 97 5 11 63 0 34 78 9 92 51 33 63 56 80 10 18 22 16 87 62 13 90 70 33 7 48 9 70 66 48 15 11 62 21 28 85 55 14 
63 11 26 100 48 28 34 0 38 71 68 92 96 4 6 12 100 78 1 95 79 24 83 67 33 61 24 7 81 97 28 15 20 93 38 40 47 2 14 40 
95 17 22 73 35 10 78 38 0 0 25 75 63 94 52 65 71 55 69 17 26 4 72 58 86 57 14 100 25 68 31 50 15 30 61 55 11 55 26 27 
39 92 89 98 57 69 9 71 0 0 59 24 25 38 42 66 49 57 30 21 71 25 83 63 71 100 21 30 49 92 30 0 88 41 37 7 81 51 40 86 
57 56 59 36 55 95 92 68 25 59 0 41 13 15 7 71 17 93 48 15 66 96 85 58 100 75 86 32 8 94 24 59 7 94 56 80 50 69 13 5 
64 36 81 14 80 33 51 92 75 24 41 0 44 12 36 100 93 90 14 14 67 16 97 50 84 28 17 98 82 33 58 71 67 63 48 6 54 93 63 76 
16 52 86 77 54 21 33 96 63 25 13 44 0 80 6 45 59 34 5 70 46 57 71 22 38 27 3 8 32 4 98 76 11 39 63 8 51 69 33 30 
71 96 62 92 84 92 63 4 94 38 15 12 80 0 69 52 86 21 2 70 95 92 76 76 91 97 68 39 64 13 3 54 29 39 84 15 96 62 62 45 
93 70 51 11 50 54 56 6 52 42 7 36 6 69 0 41 77 39 2 36 96 72 91 34 43 65 78 55 39 9 79 98 36 25 77 53 69 29 2 78 
4 6 70 61 82 97 80 12 65 66 71 100 45 52 41 0 48 90 82 10 72 43 30 78 57 10 56 22 75 72 67 83 14 0 61 23 85 85 16 50 
11 56 63 100 1 58 10 100 71 49 17 93 59 86 77 48 0 69 24 59 49 99 56 95 94 76 10 4 45 53 21 14 32 34 28 97 77 96 13 1 
27 22 42 19 59 76 18 78 55 57 93 90 34 21 39 90 69 0 23 0 15 59 70 70 13 61 77 60 5 8 51 72 18 25 37 71 58 13 87 72 
14 100 92 39 93 44 22 1 69 30 48 14 5 2 2 82 24 23 0 26 17 98 37 11 94 23 74 68 0 20 85 92 64 90 48 54 39 42 69 62 
7 82 45 7 86 38 16 95 17 21 15 14 70 70 36 10 59 0 26 0 26 34 56 76 90 28 60 9 78 32 66 51 38 38 79 79 35 31 29 8 
3 57 4 79 77 99 87 79 26 71 66 67 46 95 96 72 49 15 17 26 0 12 49 84 78 14 78 77 6 2 60 73 71 68 83 36 27 84 15 40 
86 35 27 22 61 81 62 24 4 25 96 16 57 92 72 43 99 59 98 34 12 0 61 2 25 37 20 18 55 18 29 55 47 41 58 96 74 23 50 91 
33 67 83 82 16 63 13 83 72 83 85 97 71 76 91 30 56 70 37 56 49 61 0 90 6 92 83 90 100 0 89 97 9 39 32 79 100 98 60 4 
7 60 31 84 26 36 90 67 58 63 58 50 22 76 34 78 95 70 11 76 84 2 90 0 60 81 52 45 57 55 72 13 95 65 52 70 36 63 6 43 
18 16 72 8 55 17 70 33 86 71 100 84 38 91 43 57 94 13 94 90 78 25 6 60 0 87 14 52 47 72 46 66 70 93 57 35 84 43 58 63 
65 30 83 92 40 52 33 61 57 100 75 28 27 97 65 10 76 61 23 28 14 37 92 81 87 0 99 41 97 17 14 10 99 96 56 59 38 85 40 57 
4 94 22 62 0 72 7 24 14 21 86 17 3 68 78 56 10 77 74 60 78 20 83 52 14 99 0 93 92 80 64 71 76 30 7 88 41 75 52 36 
99 58 53 98 58 56 48 7 100 30 32 98 8 39 55 22 4 60 68 9 77 18 90 45 52 41 93 0 58 62 87 91 50 51 27 8 0 35 61 5 
24 54 60 56 60 32 9 81 25 49 8 82 32 64 39 75 45 5 0 78 6 55 100 57 47 97 92 58 0 11 4 16 13 60 9 83 95 46 92 88 
29 35 25 98 1 60 70 97 68 92 94 33 4 13 9 72 53 8 20 32 2 18 0 55 72 17 80 62 11 0 52 22 79 99 30 69 39 81 71 53 
12 88 58 97 15 12 66 28 31 30 24 58 98 3 79 67 21 51 85 66 60 29 89 72 46 14 64 87 4 52 0 93 55 88 74 21 27 51 44 64 
57 45 91 5 16 30 48 15 50 0 59 71 76 54 98 83 14 72 92 51 73 55 97 13 66 10 71 91 16 22 93 0 39 67 18 34 8 62 13 51 
75 67 84 91 58 31 15 20 15 88 7 67 11 29 36 14 32 18 64 38 71 47 9 95 70 99 76 50 13 79 55 39 0 61 62 29 26 9 79 49 
48 57 57 99 61 29 11 93 30 41 94 63 39 39 25 0 34 25 90 38 68 41 39 65 93 96 30 51 60 99 88 67 61 0 23 41 79 39 3 85 
81 7 33 43 66 15 62 38 61 37 56 48 63 84 77 61 28 37 48 79 83 58 32 52 57 56 7 27 9 30 74 18 62 23 0 26 16 1 47 5 
28 73 93 18 28 33 21 40 55 7 80 6 8 15 53 23 97 71 54 79 36 96 79 70 35 59 88 8 83 69 21 34 29 41 26 0 34 36 62 42 
0 100 24 32 36 76 28 47 11 81 50 54 51 96 69 85 77 58 39 35 27 74 100 36 84 38 41 0 95 39 27 8 26 79 16 34 0 7 67 32 
41 75 97 22 45 99 85 2 55 51 69 93 69 62 29 85 96 13 42 31 84 23 98 63 43 85 75 35 46 81 51 62 9 39 1 36 7 0 41 22 
69 89 31 69 44 9 55 14 26 40 13 63 33 62 2 16 13 87 69 29 15 50 60 6 58 40 52 61 92 71 44 13 79 3 47 62 67 41 0 33 
66 83 21 20 12 60 14 40 27 86 5 76 30 45 78 50 1 72 62 8 40 91 4 43 63 57 36 5 88 53 64 51 49 85 5 42 32 22 33 0 
RRBRRBRBRBBBRBBRBRRRBBBRRRBBRBRBRBBRRRBB
