36
0 51 43 46 42 16 34 0 88 92 50 18 15 32 59 48 66 99 21 10 99 66 31 83 50 84 10 6 24 37 84 56 55 26 100 51 
51 0 27 63 67 91 37 53 57 35 47 52 9 68 77 46 84 27 25 66 35 68 29 23 88 21 40 86 38 32 55 66 80 59 92 58 
43 27 0 85 6 62 11 14 12 68 33 0 81 79 18 67 18 84 69 2 93 100 32 95 54 68 86 85 34 94 98 15 20 79 14 2 
46 63 85 0 69 13 87 88 78 62 67 28 50 80 75 54 41 35 79 74 49 44 48 40 7 76 100 79 38 51 28 42 55 80 84 77 
42 67 6 69 0 44 77 97 63 38 29 100 62 72 63 58 59 38 35 41 10 50 59 86 28 16 9 86 74 34 40 94 17 62 57 17 
16 91 62 13 44 0 28 98 23 61 25 41 50 83 69 16 63 2 3 43 46 60 87 82 40 74 73 47 46 50 53 8 23 44 93 15 
34 37 11 87 77 28 0 42 44 21 60 30 83 3 71 87 94 58 98 30 79 77 46 3 46 74 50 10 63 35 31 47 14 94 38 82 
0 53 14 88 97 98 42 0 78 73 69 95 43 70 55 60 31 25 44 37 96 75 32 59 75 48 83 19 38 92 40 83 60 37 94 20 
88 57 12 78 63 23 44 78 0 45 43 67 98 95 71 4 59 53 59 56 62 100 44 31 17 92 32 21 51 55 2 44 25 71 1 75 
92 35 68 62 38 61 21 73 45 0 32 27 18 81 26 62 15 16 58 75 8 60 86 11 51 75 22 2 88 21 76 100 90 42 82 73 
50 47 33 67 29 25 60 69 43 32 0 69 30 45 13 21 12 33 17 35 42 73 65 96 7 28 11 100 32 70 32 75 37 18 14 91 
18 52 0 28 100 41 30 95 67 27 69 0 13 64 81 25 99 75 63 88 57 36 25 95 3 86 84 88 89 100 63 23 5 63 59 70 
15 9 81 50 62 50 83 43 98 18 30 13 0 94 11 16 90 39 46 75 11 18 87 89 39 72 5 17 49 30 69 24 49 68 83 8 
32 68 79 80 72 83 3 70 95 81 45 64 94 0 87 29 3 96 78 46 19 51 39 12 65 45 31 5 73 0 46 39 86 18 93 70 
59 77 18 75 63 69 71 55 71 26 13 81 11 87 0 89 49 91 7 26 39 53 90 98 39 36 86 39 28 35 38 44 21 23 29 73 
48 46 67 54 58 16 87 60 4 62 21 25 16 29 89 0 22 65 27 40 61 64 55 100 69 9 49 51 89 44 36 48 59 50 35 77 
66 84 18 41 59 63 94 31 59 15 12 99 90 3 49 22 0 3 65 23 38 56 76 98 12 68 59 20 16 47 15 51 29 82 53 19 
99 27 84 35 38 2 58 25 53 16 33 75 39 96 91 65 3 0 82 17 19 26 96 94 90 83 61 92 62 64 40 11 51 70 54 84 
21 25 69 79 35 3 98 44 59 58 17 63 46 78 7 27 65 82 0 67 53 98 61 89 91 73 61 17 6 79 80 30 7 45 66 17 
10 66 2 74 41 43 30 37 56 75 35 88 75 46 26 40 23 17 67 0 58 43 66 61 83 99 16 26 1 12 45 2 3 60 63 86 
99 35 93 49 10 46 79 96 62 8 42 57 11 19 39 61 38 19 53 58 0 70 100 48 23 58 48 16 14 75 40 40 16 53 27 84 
66 68 100 44 50 60 77 75 100 60 73 36 18 51 53 64 56 26 98 43 70 0 50 13 53 22 66 70 14 21 50 50 67 24 25 24 
31 29 32 48 59 87 46 32 44 86 65 25 87 39 90 55 76 96 61 66 100 50 0 50 43 46 45 25 84 90 33 3 83 34 30 67 
83 23 95 40 86 82 3 59 31 11 96 95 89 12 98 100 98 94 89 61 48 13 50 0 85 47 19 70 56 3 9 36 38 31 31 8 
50 88 54 7 28 40 46 75 17 51 7 3 39 65 39 69 12 90 91 83 23 53 43 85 0 54 42 57 17 28 50 29 49 2 34 32 
84 21 68 76 16 74 74 48 92 75 28 86 72 45 36 9 68 83 73 99 58 22 46 47 54 0 88 60 11 20 15 71 63 88 51 3 
10 40 86 100 9 73 50 83 32 22 11 84 5 31 86 49 59 61 61 16 48 66 45 19 42 88 0 56 42 99 0 51 9 25 59 43 
6 86 85 79 86 47 10 19 21 2 100 88 17 5 39 51 20 92 17 26 16 70 25 70 57 60 56 0 80 17 14 64 1 32 23 17 
24 38 34 38 74 46 63 38 51 88 32 89 49 73 28 89 16 62 6 1 14 14 84 56 17 11 42 80 0 45 50 18 81 77 79 56 
37 32 94 51 34 50 35 92 55 21 70 100 30 0 35 44 47 64 79 12 75 21 90 3 28 20 99 17 45 0 95 37 60 9 48 32 
84 55 98 28 40 53 31 40 2 76 32 63 69 46 38 36 15 40 80 45 40 50 33 9 50 15 0 14 50 95 0 33 95 57 16 14 
56 66 15 42 94 8 47 83 44 100 75 23 24 39 44 48 51 11 30 2 40 50 3 36 29 71 51 64 18 37 33 0 5 87 9 82 
55 80 20 55 17 23 14 60 25 90 37 5 49 86 21 59 29 51 7 3 16 67 83 38 49 63 9 1 81 60 95 5 0 48 47 47 
26 59 79 80 62 44 94 37 71 42 18 63 68 18 23 50 82 70 45 60 53 24 34 31 2 88 25 32 77 9 57 87 48 0 12 21 
100 92 14 84 57 93 38 94 1 82 14 59 83 93 29 35 53 54 66 63 27 25 30 31 34 51 59 23 79 48 16 9 47 12 0 38 
51 58 2 77 17 15 82 20 75 73 91 70 8 70 73 77 19 84 17 86 84 24 67 8 32 3 43 17 56 32 14 82 47 21 38 0 
RBBBBRBBBBBRRBRBBRRBRRRRBRRBBRBRBRRR
