30
0 8 16 17 84 20 64 14 34 88 44 12 61 17 2 58 47 17 7 9 49 22 67 72 35 88 88 50 22 12 
8 0 55 67 17 87 6 82 13 34 56 7 65 48 90 8 27 21 12 44 91 100 76 88 52 21 32 29 5 10 
16 55 0 68 30 7 60 20 30 61 18 90 86 9 43 99 66 55 23 19 88 75 33 62 60 88 39 86 52 48 
17 67 68 0 40 30 2 35 57 14 17 72 81 73 33 95 82 25 91 84 63 12 95 91 6 47 93 70 52 12 
84 17 30 40 0 95 57 42 39 31 0 52 59 84 89 89 99 97 15 81 86 92 30 24 17 97 100 10 64 43 
20 87 7 30 95 0 84 32 71 96 33 77 92 79 28 10 29 79 26 83 72 15 42 1 17 1 36 86 64 47 
64 6 60 2 57 84 0 12 65 91 56 89 75 53 52 70 44 96 5 60 60 70 38 70 42 65 43 23 77 76 
14 82 20 35 42 32 12 0 79 50 16 0 81 49 79 73 52 60 72 45 95 55 75 83 76 64 37 21 80 38 
34 13 30 57 39 71 65 79 0 29 53 95 17 34 75 61 48 80 37 0 53 49 27 46 53 44 37 78 74 57 
88 34 61 14 31 96 91 50 29 0 0 68 78 34 9 13 65 30 11 91 82 35 7 78 22 47 0 9 34 51 
44 56 18 17 0 33 56 16 53 0 0 63 42 70 65 23 74 51 66 74 30 89 17 54 84 63 99 82 28 96 
12 7 90 72 52 77 89 0 95 68 63 0 58 25 9 86 9 56 78 50 52 22 70 16 50 56 57 46 66 75 
61 65 86 81 59 92 75 81 17 78 42 58 0 63 58 79 70 20 44 54 59 57 39 31 11 45 69 39 55 64 
17 48 9 73 84 79 53 49 34 34 70 25 63 0 99 16 34 3 75 26 6 58 19 2 99 46 50 6 58 39 
2 90 43 33 89 28 52 79 75 9 65 9 58 99 0 83 75 87 78 89 95 52 17 49 79 95 16 75 61 40 
58 8 99 95 89 10 70 73 61 13 23 86 79 16 83 0 54 83 18 16 56 81 17 25 92 17 78 7 36 25 
47 27 66 82 99 29 44 52 48 65 74 9 70 34 75 54 0 70 78 25 81 68 37 1 24 35 77 88 22 66 
17 21 55 25 97 79 96 60 80 30 51 56 20 3 87 83 70 0 100 21 40 23 45 68 62 19 0 69 44 14 
7 12 23 91 15 26 5 72 37 11 66 78 44 75 78 18 78 100 0 64 98 65 97 43 38 8 60 91 90 54 
9 44 19 84 81 83 60 45 0 91 74 50 54 26 89 16 25 21 64 0 89 45 39 42 80 4 89 25 44 25 
49 91 88 63 86 72 60 95 53 82 30 52 59 6 95 56 81 40 98 89 0 53 11 95 88 33 82 81 46 46 
22 100 75 12 92 15 70 55 49 35 89 22 57 58 52 81 68 23 65 45 53 0 23 23 14 33 56 98 72 96 
67 76 33 95 30 42 38 75 27 7 17 70 39 19 17 17 37 45 97 39 11 23 0 30 94 10 11 37 46 68 
72 88 62 91 24 1 70 83 46 78 54 16 31 2 49 25 1 68 43 42 95 23 30 0 31 1 61 81 86 76 
35 52 60 6 17 17 42 76 53 22 84 50 11 99 79 92 24 62 38 80 88 14 94 31 0 53 87 67 7 36 
88 21 88 47 97 1 65 64 44 47 63 56 45 46 95 17 35 19 8 4 33 33 10 1 53 0 79 52 67 31 
88 32 39 93 100 36 43 37 37 0 99 57 69 50 16 78 77 0 60 89 82 56 11 61 87 79 0 48 71 75 
50 29 86 70 10 86 23 21 78 9 82 46 39 6 75 7 88 69 91 25 81 98 37 81 67 52 48 0 8 46 
22 5 52 52 64 64 77 80 74 34 28 66 55 58 61 36 22 44 90 44 46 72 46 86 7 67 71 8 0 69 
12 10 48 12 43 47 76 38 57 51 96 75 64 39 40 25 66 14 54 25 46 96 68 76 36 31 75 46 69 0 
BRRRRRRRBRRBRBBRBBRBBRBRBBBBRB
