50
0 20 74 63 6 74 63 51 53 71 98 70 91 61 3 94 80 44 90 53 50 10 58 7 29 39 36 94 0 35 81 36 26 2 22 100 28 42 88 21 38 100 58 86 82 13 59 10 97 0 
20 0 0 81 45 47 66 97 88 60 7 50 73 16 58 85 91 3 10 27 78 20 69 96 56 24 0 32 87 39 16 90 78 68 44 2 53 90 60 80 95 70 30 71 62 77 76 89 90 23 
74 0 0 98 19 95 100 30 99 81 6 29 65 1 31 78 63 72 44 50 92 43 21 46 91 34 7 3 86 14 16 21 32 46 19 38 59 70 59 15 52 32 84 16 12 15 64 14 2 37 
63 81 98 0 86 80 73 96 75 43 41 96 22 58 34 91 97 27 57 54 77 62 20 30 91 65 49 73 5 28 51 15 3 32 42 86 14 33 78 92 69 26 97 71 47 36 9 19 87 51 
6 45 19 86 0 94 73 3 100 20 42 64 50 55 34 46 80 51 7 30 32 59 5 51 42 79 45 43 48 69 9 72 60 17 16 42 76 81 61 60 33 48 50 80 91 94 25 83 89 61 
74 47 95 80 94 0 55 24 53 15 5 72 81 6 10 93 13 73 9 18 7 32 67 22 1 20 30 33 63 59 54 40 36 23 16 29 92 95 63 70 71 51 53 88 69 92 55 49 79 50 
63 66 100 73 73 55 0 45 70 86 17 90 38 57 70 38 50 62 59 1 73 65 99 42 77 44 0 23 2 52 12 9 27 81 65 62 90 8 93 100 85 20 95 18 28 87 16 73 7 31 
51 97 30 96 3 24 45 0 82 27 72 68 3 12 54 41 13 62 32 55 6 77 57 29 29 64 42 98 54 77 71 77 3 81 38 44 98 80 71 46 27 54 74 9 3 12 25 69 17 97 
53 88 99 75 100 53 70 82 0 68 100 8 48 57 34 67 84 44 94 14 28 93 88 68 15 62 84 92 7 40 20 13 50 4 97 53 5 13 15 29 72 94 20 91 51 34 71 33 79 80 
71 60 81 43 20 15 86 27 68 0 0 43 24 39 85 3 84 37 34 87 31 59 88 49 95 14 32 3 20 93 65 90 48 47 100 71 95 14 15 88 16 99 8 87 80 99 24 50 2 84 
98 7 6 41 42 5 17 72 100 0 0 63 80 19 59 10 72 54 36 30 86 16 83 69 13 75 67 28 36 82 98 76 69 38 51 66 78 26 17 85 85 99 88 20 3 58 51 64 83 54 
70 50 29 96 64 72 90 68 8 43 63 0 57 55 82 100 34 29 64 39 80 92 41 37 70 94 43 13 75 10 9 19 56 90 61 3 9 4 36 4 79 31 31 41 43 3 40 60 83 37 
91 73 65 22 50 81 38 3 48 24 80 57 0 45 13 42 70 16 6 0 89 88 81 15 3 71 83 97 43 92 27 89 43 59 79 57 47 46 10 98 77 90 6 3 88 64 54 28 46 72 
61 16 1 58 55 6 57 12 57 39 19 55 45 0 85 66 59 17 1 73 26 86 33 33 53 37 82 75 90 85 39 80 43 7 25 14 79 92 87 32 41 42 56 9 94 100 58 89 57 15 
3 58 31 34 34 10 70 54 34 85 59 82 13 85 0 82 81 23 50 93 29 47 78 51 71 33 57 21 22 34 75 63 21 9 83 92 66 57 43 32 99 76 96 0 38 38 9 32 34 80 
94 85 78 91 46 93 38 41 67 3 10 100 42 66 82 0 71 8 89 70 83 30 87 42 16 10 8 89 7 49 13 8 99 25 16 41 86 57 63 96 88 62 20 95 20 57 85 61 72 31 
80 91 63 97 80 13 50 13 84 84 72 34 70 59 81 71 0 77 84 39 76 68 73 31 30 50 11 44 21 72 28 16 60 92 67 34 79 3 30 23 89 52 85 95 79 72 58 35 49 37 
44 3 72 27 51 73 62 62 44 37 54 29 16 17 23 8 77 0 28 61 47 74 77 46 22 5 39 68 39 46 0 32 76 17 35 58 83 79 84 30 90 16 77 100 91 98 83 63 20 92 
90 10 44 57 7 9 59 32 94 34 36 64 6 1 50 89 84 28 0 80 97 0 45 68 45 32 16 62 89 13 41 13 6 93 90 63 24 74 39 55 10 91 5 32 79 21 26 23 34 36 
53 27 50 54 30 18 1 55 14 87 30 39 0 73 93 70 39 61 80 0 98 70 82 93 84 50 38 68 67 23 30 95 19 3 38 46 75 12 8 61 33 3 81 19 42 3 45 44 44 60 
50 78 92 77 32 7 73 6 28 31 86 80 89 26 29 83 76 47 97 98 0 84 60 55 38 17 0 43 97 98 84 5 77 54 46 8 54 77 57 27 8 61 85 84 43 47 85 12 46 27 
10 20 43 62 59 32 65 77 93 59 16 92 88 86 47 30 68 74 0 70 84 0 6 27 28 71 91 24 100 28 100 5 0 11 69 82 93 72 18 59 82 60 63 86 43 2 64 67 52 40 
58 69 21 20 5 67 99 57 88 88 83 41 81 33 78 87 73 77 45 82 60 6 0 60 33 89 62 54 52 24 24 88 96 25 25 94 76 87 67 69 29 49 11 85 23 51 71 53 97 98 
7 96 46 30 51 22 42 29 68 49 69 37 15 33 51 42 31 46 68 93 55 27 60 0 96 25 10 77 48 9 29 68 55 90 77 9 29 96 99 32 60 53 3 66 53 4 85 74 93 27 
29 56 91 91 42 1 77 29 15 95 13 70 3 53 71 16 30 22 45 84 38 28 33 96 0 45 66 45 60 11 54 52 47 24 55 94 2 67 45 88 30 9 66 68 48 52 42 84 29 65 
39 24 34 65 79 20 44 64 62 14 75 94 71 37 33 10 50 5 32 50 17 71 89 25 45 0 73 20 52 57 87 95 85 87 61 19 72 18 59 18 43 29 16 23 34 37 7 34 44 75 
36 0 7 49 45 30 0 42 84 32 67 43 83 82 57 8 11 39 16 38 0 91 62 10 66 73 0 19 30 93 63 71 76 18 7 60 61 87 71 19 60 61 98 96 39 5 78 27 19 84 
94 32 3 73 43 33 23 98 92 3 28 13 97 75 21 89 44 68 62 68 43 24 54 77 45 20 19 0 86 90 28 35 46 18 70 78 94 53 82 17 29 10 38 74 29 6 53 83 11 67 
0 87 86 5 48 63 2 54 7 20 36 75 43 90 22 7 21 39 89 67 97 100 52 48 60 52 30 86 0 86 7 43 36 31 58 8 85 35 89 50 13 67 62 9 24 57 95 6 19 60 
35 39 14 28 69 59 52 77 40 93 82 10 92 85 34 49 72 46 13 23 98 28 24 9 11 57 93 90 86 0 81 76 98 30 85 87 61 26 30 77 87 62 81 54 53 18 23 57 4 11 
81 16 16 51 9 54 12 71 20 65 98 9 27 39 75 13 28 0 41 30 84 100 24 29 54 87 63 28 7 81 0 81 98 84 51 21 9 5 44 3 27 55 76 57 6 46 68 42 31 51 
36 90 21 15 72 40 9 77 13 90 76 19 89 80 63 8 16 32 13 95 5 5 88 68 52 95 71 35 43 76 81 0 30 94 66 93 66 72 21 51 42 32 68 21 60 41 8 55 20 42 
26 78 32 3 60 36 27 3 50 48 69 56 43 43 21 99 60 76 6 19 77 0 96 55 47 85 76 46 36 98 98 30 0 76 93 21 56 35 77 98 64 77 88 80 94 96 85 91 44 73 
2 68 46 32 17 23 81 81 4 47 38 90 59 7 9 25 92 17 93 3 54 11 25 90 24 87 18 18 31 30 84 94 76 0 31 56 94 4 43 44 3 12 75 35 59 53 73 12 43 54 
22 44 19 42 16 16 65 38 97 100 51 61 79 25 83 16 67 35 90 38 46 69 25 77 55 61 7 70 58 85 51 66 93 31 0 71 41 20 3 68 53 11 20 41 37 9 41 20 96 43 
100 2 38 86 42 29 62 44 53 71 66 3 57 14 92 41 34 58 63 46 8 82 94 9 94 19 60 78 8 87 21 93 21 56 71 0 75 88 95 99 21 19 99 81 49 99 19 5 100 94 
28 53 59 14 76 92 90 98 5 95 78 9 47 79 66 86 79 83 24 75 54 93 76 29 2 72 61 94 85 61 9 66 56 94 41 75 0 17 64 80 89 56 15 2 67 52 66 62 2 59 
42 90 70 33 81 95 8 80 13 14 26 4 46 92 57 57 3 79 74 12 77 72 87 96 67 18 87 53 35 26 5 72 35 4 20 88 17 0 88 27 66 63 74 91 79 45 50 8 55 47 
88 60 59 78 61 63 93 71 15 15 17 36 10 87 43 63 30 84 39 8 57 18 67 99 45 59 71 82 89 30 44 21 77 43 3 95 64 88 0 53 23 68 78 99 67 62 50 45 31 19 
21 80 15 92 60 70 100 46 29 88 85 4 98 32 32 96 23 30 55 61 27 59 69 32 88 18 19 17 50 77 3 51 98 44 68 99 80 27 53 0 69 60 23 77 66 40 37 10 19 60 
38 95 52 69 33 71 85 27 72 16 85 79 77 41 99 88 89 90 10 33 8 82 29 60 30 43 60 29 13 87 27 42 64 3 53 21 89 66 23 69 0 77 76 12 9 70 29 62 61 78 
100 70 32 26 48 51 20 54 94 99 99 31 90 42 76 62 52 16 91 3 61 60 49 53 9 29 61 10 67 62 55 32 77 12 11 19 56 63 68 60 77 0 57 86 46 99 10 63 78 13 
58 30 84 97 50 53 95 74 20 8 88 31 6 56 96 20 85 77 5 81 85 63 11 3 66 16 98 38 62 81 76 68 88 75 20 99 15 74 78 23 76 57 0 49 89 23 75 78 34 58 
86 71 16 71 80 88 18 9 91 87 20 41 3 9 0 95 95 100 32 19 84 86 85 66 68 23 96 74 9 54 57 21 80 35 41 81 2 91 99 77 12 86 49 0 53 9 40 42 42 72 
82 62 12 47 91 69 28 3 51 80 3 43 88 94 38 20 79 91 79 42 43 43 23 53 48 34 39 29 24 53 6 60 94 59 37 49 67 79 67 66 9 46 89 53 0 100 91 38 49 88 
13 77 15 36 94 92 87 12 34 99 58 3 64 100 38 57 72 98 21 3 47 2 51 4 52 37 5 6 57 18 46 41 96 53 9 99 52 45 62 40 70 99 23 9 100 0 13 17 55 30 
59 76 64 9 25 55 16 25 71 24 51 40 54 58 9 85 58 83 26 45 85 64 71 85 42 7 78 53 95 23 68 8 85 73 41 19 66 50 50 37 29 10 75 40 91 13 0 66 89 97 
10 89 14 19 83 49 73 69 33 50 64 60 28 89 32 61 35 63 23 44 12 67 53 74 84 34 27 83 6 57 42 55 91 12 20 5 62 8 45 10 62 63 78 42 38 17 66 0 89 67 
97 90 2 87 89 79 7 17 79 2 83 83 46 57 34 72 49 20 34 44 46 52 97 93 29 44 19 11 19 4 31 20 44 43 96 100 2 55 31 19 61 78 34 42 49 55 89 89 0 22 
0 23 37 51 61 50 31 97 80 84 54 37 72 15 80 31 37 92 36 60 27 40 98 27 65 75 84 67 60 11 51 42 73 54 43 94 59 47 19 60 78 13 58 72 88 30 97 67 22 0 
RBBBRBRBBBBRRRRRBBRBBRRBRRBRRRRBBRBRRBBRRRBBRBBBRB
