36
0 54 97 4 84 23 58 98 13 3 81 87 91 47 100 14 11 82 87 33 45 8 40 26 53 64 43 44 54 21 89 95 46 28 68 79 
54 0 48 48 65 79 54 21 92 13 49 57 69 28 10 96 33 72 43 25 44 27 81 96 22 94 2 65 17 89 29 11 33 16 91 7 
97 48 0 16 14 9 81 6 98 73 11 91 91 37 28 33 33 48 43 41 11 28 40 76 82 30 88 36 97 14 94 38 82 45 77 6 
4 48 16 0 71 37 34 73 80 47 95 11 17 66 48 52 37 76 90 14 49 66 64 51 35 58 79 58 83 40 30 55 0 77 97 71 
84 65 14 71 0 80 84 32 6 81 34 59 69 52 95 92 36 100 29 59 75 42 73 54 7 72 78 16 13 55 91 18 5 28 66 57 
23 79 9 37 80 0 79 34 59 20 35 50 69 38 10 48 89 58 22 61 49 2 37 63 14 9 65 55 36 39 15 56 48 93 84 15 
58 54 81 34 84 79 0 97 14 26 89 18 33 41 33 25 4 52 6 53 61 27 78 49 55 59 83 14 17 3 21 64 53 54 30 74 
98 21 6 73 32 34 97 0 91 80 42 20 83 100 11 95 56 81 69 8 77 17 27 22 61 69 7 50 26 12 6 42 69 74 78 30 
13 92 98 80 6 59 14 91 0 74 29 49 95 82 11 22 19 7 74 33 57 59 21 34 74 8 3 51 10 99 25 53 91 17 62 73 
3 13 73 47 81 20 26 80 74 0 74 53 66 51 6 20 94 54 0 77 47 33 29 56 96 7 7 82 67 19 100 63 58 91 50 77 
81 49 11 95 34 35 89 42 29 74 0 82 28 40 73 58 89 35 55 69 75 86 31 54 86 20 89 32 89 83 15 64 64 27 45 6 
87 57 91 11 59 50 18 20 49 53 82 0 72 39 71 60 32 68 29 100 13 50 93 60 57 29 31 10 95 71 21 84 64 85 40 44 
91 69 91 17 69 69 33 83 95 66 28 72 0 4 26 94 55 13 28 63 4 68 67 23 62 76 87 50 52 83 15 42 94 6 16 51 
47 28 37 66 52 38 41 100 82 51 40 39 4 0 0 68 30 65 68 35 97 3 83 57 17 22 17 4 64 53 95 84 29 49 69 87 
100 10 28 48 95 10 33 11 11 6 73 71 26 0 0 80 87 92 88 14 87 42 17 16 37 73 18 62 64 55 34 11 8 86 52 18 
14 96 33 52 92 48 25 95 22 20 58 60 94 68 80 0 65 21 96 76 49 14 71 54 20 44 62 81 3 24 20 0 76 19 23 46 
11 33 33 37 36 89 4 56 19 94 89 32 55 30 87 65 0 36 100 73 37 87 28 2 39 70 82 33 24 41 95 47 35 27 58 26 
82 72 48 76 100 58 52 81 7 54 35 68 13 65 92 21 36 0 42 38 38 42 43 94 68 21 91 84 68 77 57 64 87 97 89 12 
87 43 43 90 29 22 6 69 74 0 55 29 28 68 88 96 100 42 0 49 10 70 72 90 9 14 14 83 97 71 93 7 92 18 75 83 
33 25 41 14 59 61 53 8 33 77 69 100 63 35 14 76 73 38 49 0 30 96 11 76 4 92 81 83 35 80 0 66 29 66 20 48 
45 44 11 49 75 49 61 77 57 47 75 13 4 97 87 49 37 38 10 30 0 56 40 11 83 13 91 46 79 36 85 37 15 11 85 78 
8 27 28 66 42 2 27 17 59 33 86 50 68 3 42 14 87 42 70 96 56 0 52 54 21 34 12 36 75 74 34 95 76 43 41 78 
40 81 40 64 73 37 78 27 21 29 31 93 67 83 17 71 28 43 72 11 40 52 0 51 92 37 38 46 34 83 90 87 2 18 0 72 
26 96 76 51 54 63 49 22 34 56 54 60 23 57 16 54 2 94 90 76 11 54 51 0 24 63 47 64 77 3 6 57 31 8 90 41 
53 22 82 35 7 14 55 61 74 96 86 57 62 17 37 20 39 68 9 4 83 21 92 24 0 15 20 20 54 55 10 43 90 31 79 94 
64 94 30 58 72 9 59 69 8 7 20 29 76 22 73 44 70 21 14 92 13 34 37 63 15 0 68 9 81 57 34 67 9 25 71 25 
43 2 88 79 78 65 83 7 3 7 89 31 87 17 18 62 82 91 14 81 91 12 38 47 20 68 0 41 13 47 32 66 2 56 47 57 
44 65 36 58 16 55 14 50 51 82 32 10 50 4 62 81 33 84 83 83 46 36 46 64 20 9 41 0 74 94 43 57 28 19 18 72 
54 17 97 83 13 36 17 26 10 67 89 95 52 64 64 3 24 68 97 35 79 75 34 77 54 81 13 74 0 11 93 87 34 39 55 19 
21 89 14 40 55 39 3 12 99 19 83 71 83 53 55 24 41 77 71 80 36 74 83 3 55 57 47 94 11 0 89 54 64 46 48 22 
89 29 94 30 91 15 21 6 25 100 15 21 15 95 34 20 95 57 93 0 85 34 90 6 10 34 32 43 93 89 0 48 34 57 0 61 
95 11 38 55 18 56 64 42 53 63 64 84 42 84 11 0 47 64 7 66 37 95 87 57 43 67 66 57 87 54 48 0 32 41 32 52 
46 33 82 0 5 48 53 69 91 58 64 64 94 29 8 76 35 87 92 29 15 76 2 31 90 9 2 28 34 64 34 32 0 35 10 62 
28 16 45 77 28 93 54 74 17 91 27 85 6 49 86 19 27 97 18 66 11 43 18 8 31 25 56 19 39 46 57 41 35 0 23 0 
68 91 77 97 66 84 30 78 62 50 45 40 16 69 52 23 58 89 75 20 85 41 0 90 79 71 47 18 55 48 0 32 10 23 0 17 
79 7 6 71 57 15 74 30 73 77 6 44 51 87 18 46 26 12 83 48 78 78 72 41 94 25 57 72 19 22 61 52 62 0 17 0 
RRBBBRRBBBRBBBRRBBRBBBRRRRBRRBBRRRRB
