34
0 62 35 58 45 0 9 48 81 46 100 58 3 89 96 97 61 77 2 21 34 71 51 87 81 0 34 24 84 59 5 54 24 51 
62 0 83 4 89 37 7 99 52 35 58 98 59 20 59 31 95 24 2 48 94 73 67 84 52 57 99 98 64 86 80 8 45 39 
35 83 0 44 70 14 35 15 1 59 95 59 74 90 69 88 39 93 60 71 34 79 22 19 9 80 75 44 60 47 73 34 42 58 
58 4 44 0 39 81 19 40 75 66 51 12 6 47 64 25 23 21 47 42 16 84 71 4 75 52 59 76 0 62 29 86 9 33 
45 89 70 39 0 47 8 23 45 71 72 60 61 43 4 19 79 94 88 68 25 42 3 34 89 49 75 37 96 7 81 4 20 67 
0 37 14 81 47 0 9 8 85 73 54 93 59 61 45 25 66 50 3 62 2 41 54 76 28 65 60 92 2 13 34 88 55 58 
9 7 35 19 8 9 0 95 2 52 25 39 21 35 69 35 55 47 50 49 7 85 27 56 82 94 23 40 79 5 50 84 18 71 
48 99 15 40 23 8 95 0 96 30 9 54 49 94 61 55 62 39 86 52 30 63 98 87 44 68 89 42 56 100 68 76 25 12 
81 52 1 75 45 85 2 96 0 44 43 3 13 67 98 45 74 6 16 29 86 96 0 83 34 7 52 56 66 98 7 57 5 63 
46 35 59 66 71 73 52 30 44 0 59 45 98 28 93 28 10 89 69 19 17 83 94 70 25 33 29 80 69 80 36 7 65 26 
100 58 95 51 72 54 25 9 43 59 0 32 10 24 95 29 99 26 38 87 69 65 26 4 40 55 61 86 15 8 31 47 88 22 
58 98 59 12 60 93 39 54 3 45 32 0 99 15 84 4 22 95 5 11 49 97 42 28 34 19 58 84 32 83 51 91 17 80 
3 59 74 6 61 59 21 49 13 98 10 99 0 24 5 47 7 6 59 75 83 31 18 54 100 3 6 52 72 5 36 81 81 8 
89 20 90 47 43 61 35 94 67 28 24 15 24 0 50 29 23 37 90 86 58 53 28 84 84 82 82 26 16 57 24 83 89 22 
96 59 69 64 4 45 69 61 98 93 95 84 5 50 0 38 94 72 14 59 71 70 77 91 21 79 28 7 70 40 60 58 35 48 
97 31 88 25 19 25 35 55 45 28 29 4 47 29 38 0 36 46 60 57 48 54 60 83 66 77 52 33 68 71 36 7 79 19 
61 95 39 23 79 66 55 62 74 10 99 22 7 23 94 36 0 56 30 85 50 88 6 49 31 52 88 77 52 29 100 29 27 72 
77 24 93 21 94 50 47 39 6 89 26 95 6 37 72 46 56 0 42 51 7 70 45 53 19 89 25 82 76 79 33 7 40 52 
2 2 60 47 88 3 50 86 16 69 38 5 59 90 14 60 30 42 0 5 100 85 2 58 94 11 0 3 25 8 94 92 23 19 
21 48 71 42 68 62 49 52 29 19 87 11 75 86 59 57 85 51 5 0 61 7 55 77 82 20 33 40 30 6 55 72 38 1 
34 94 34 16 25 2 7 30 86 17 69 49 83 58 71 48 50 7 100 61 0 24 91 59 88 26 97 15 21 33 86 94 7 9 
71 73 79 84 42 41 85 63 96 83 65 97 31 53 70 54 88 70 85 7 24 0 43 68 100 22 90 85 78 11 54 52 31 68 
51 67 22 71 3 54 27 98 0 94 26 42 18 28 77 60 6 45 2 55 91 43 0 94 70 11 13 99 39 4 66 89 31 54 
87 84 19 4 34 76 56 87 83 70 4 28 54 84 91 83 49 53 58 77 59 68 94 0 73 21 41 98 15 36 23 3 83 37 
81 52 9 75 89 28 82 44 34 25 40 34 100 84 21 66 31 19 94 82 88 100 70 73 0 38 67 48 100 96 41 7 49 74 
0 57 80 52 49 65 94 68 7 33 55 19 3 82 79 77 52 89 11 20 26 22 11 21 38 0 65 57 83 45 56 15 45 68 
34 99 75 59 75 60 23 89 52 29 61 58 6 82 28 52 88 25 0 33 97 90 13 41 67 65 0 6 61 98 26 33 96 77 
24 98 44 76 37 92 40 42 56 80 86 84 52 26 7 33 77 82 3 40 15 85 99 98 48 57 6 0 50 13 29 98 4 28 
84 64 60 0 96 2 79 56 66 69 15 32 72 16 70 68 52 76 25 30 21 78 39 15 100 83 61 50 0 21 2 6 33 27 
59 86 47 62 7 13 5 100 98 80 8 83 5 57 40 71 29 79 8 6 33 11 4 36 96 45 98 13 21 0 92 93 10 36 
5 80 73 29 81 34 50 68 7 36 31 51 36 24 60 36 100 33 94 55 86 54 66 23 41 56 26 29 2 92 0 0 84 16 
54 8 34 86 4 88 84 76 57 7 47 91 81 83 58 7 29 7 92 72 94 52 89 3 7 15 33 98 6 93 0 0 26 73 
24 45 42 9 20 55 18 25 5 65 88 17 81 89 35 79 27 40 23 38 7 31 31 83 49 45 96 4 33 10 84 26 0 37 
51 39 58 33 67 58 71 12 63 26 22 80 8 22 48 19 72 52 19 1 9 68 54 37 74 68 77 28 27 36 16 73 37 0 
RRBBRRBBRRRBRBRBBRRBRBBRRBRBBBBRBR
