48
0 53 99 31 52 37 31 99 82 83 26 26 86 70 12 37 84 40 13 17 99 1 67 19 3 8 29 50 14 87 3 3 43 86 23 86 57 86 6 66 63 62 79 56 56 17 71 84 
53 0 33 85 100 74 3 62 58 6 82 79 27 37 22 31 56 33 67 89 86 52 46 53 36 42 41 29 62 100 89 53 91 74 36 73 38 21 41 76 24 76 80 88 62 68 23 72 
99 33 0 31 91 89 55 82 43 51 56 54 52 13 21 41 22 77 4 18 92 43 100 22 91 64 69 4 94 58 40 23 18 53 55 93 69 56 6 78 91 4 14 53 51 65 53 77 
31 85 31 0 20 83 90 68 3 17 90 82 31 40 28 71 80 42 2 70 21 76 14 15 55 59 36 50 69 19 44 91 35 95 29 65 22 77 2 70 90 31 3 53 96 86 90 8 
52 100 91 20 0 82 7 32 77 21 67 86 87 7 23 41 60 75 91 27 23 15 31 74 68 58 77 74 87 80 65 30 63 18 87 67 15 65 100 61 13 4 8 5 84 78 48 24 
37 74 89 83 82 0 95 33 83 61 59 68 42 48 4 80 27 74 14 88 36 87 64 75 52 14 82 96 7 11 4 68 80 84 76 100 31 55 21 69 21 3 18 66 84 42 95 11 
31 3 55 90 7 95 0 85 100 85 0 25 63 57 25 52 66 5 27 35 12 23 76 57 66 42 60 8 4 41 77 40 94 39 70 61 22 14 39 56 61 36 44 76 25 61 91 73 
99 62 82 68 32 33 85 0 86 73 73 21 68 26 30 39 14 10 2 10 23 65 73 18 39 54 36 4 15 6 49 42 34 5 35 53 20 86 43 47 31 20 26 92 21 17 74 35 
82 58 43 3 77 83 100 86 0 50 71 39 69 87 78 60 48 81 96 89 80 16 75 19 52 0 69 63 38 42 54 6 97 28 31 62 30 9 89 53 83 91 57 79 20 47 9 91 
83 6 51 17 21 61 85 73 50 0 8 28 64 61 7 76 70 61 37 44 29 22 0 72 38 55 78 60 14 15 70 82 71 44 78 88 66 13 35 13 77 76 51 68 36 92 9 65 
26 82 56 90 67 59 0 73 71 8 0 2 39 8 9 21 85 88 52 43 14 8 67 33 29 6 29 22 75 5 75 86 89 100 18 82 99 30 0 29 16 27 30 64 61 38 72 65 
26 79 54 82 86 68 25 21 39 28 2 0 20 74 1 75 55 52 0 35 98 82 2 19 78 65 0 17 93 4 99 3 75 94 94 15 49 30 30 90 38 6 81 5 51 50 27 11 
86 27 52 31 87 42 63 68 69 64 39 20 0 99 16 63 81 25 39 66 88 11 51 2 15 31 0 78 44 30 75 21 7 41 36 18 92 77 87 48 92 96 35 67 49 67 46 63 
70 37 13 40 7 48 57 26 87 61 8 74 99 0 22 83 23 35 77 31 52 53 56 96 37 48 97 43 82 45 64 29 24 83 77 99 79 13 69 83 18 21 14 54 93 67 63 62 
12 22 21 28 23 4 25 30 78 7 9 1 16 22 0 14 42 94 52 92 56 62 69 93 62 16 56 10 6 45 93 9 88 66 84 86 46 43 44 2 61 87 26 27 92 55 79 71 
37 31 41 71 41 80 52 39 60 76 21 75 63 83 14 0 90 74 8 25 36 93 32 29 31 62 82 100 100 8 50 47 69 46 14 97 67 59 74 25 93 58 19 62 31 69 29 92 
84 56 22 80 60 27 66 14 48 70 85 55 81 23 42 90 0 57 42 55 100 24 77 58 5 59 71 39 52 39 57 79 45 45 24 88 15 18 2 79 92 40 79 0 32 85 63 19 
40 33 77 42 75 74 5 10 81 61 88 52 25 35 94 74 57 0 74 46 32 51 95 96 83 61 18 62 11 14 26 11 69 40 11 61 77 33 60 6 52 52 61 13 16 52 30 69 
13 67 4 2 91 14 27 2 96 37 52 0 39 77 52 8 42 74 0 72 60 52 36 95 91 93 81 67 16 77 93 76 5 70 87 14 29 80 95 97 57 99 63 62 72 68 13 65 
17 89 18 70 27 88 35 10 89 44 43 35 66 31 92 25 55 46 72 0 31 40 60 78 100 66 62 41 58 94 29 39 45 97 84 92 18 64 59 35 29 92 18 9 69 34 31 28 
99 86 92 21 23 36 12 23 80 29 14 98 88 52 56 36 100 32 60 31 0 31 51 41 37 41 49 73 10 10 15 18 96 45 46 52 39 19 48 20 92 46 72 1 32 72 91 64 
1 52 43 76 15 87 23 65 16 22 8 82 11 53 62 93 24 51 52 40 31 0 50 90 21 41 2 18 59 42 91 24 47 7 77 62 53 98 26 68 82 56 77 23 92 34 45 0 
67 46 100 14 31 64 76 73 75 0 67 2 51 56 69 32 77 95 36 60 51 50 0 98 59 70 85 19 61 40 14 90 48 94 78 11 6 9 43 34 40 24 71 56 93 89 67 25 
19 53 22 15 74 75 57 18 19 72 33 19 2 96 93 29 58 96 95 78 41 90 98 0 75 12 86 62 14 93 30 44 83 25 65 6 10 20 21 61 78 90 58 77 99 39 25 85 
3 36 91 55 68 52 66 39 52 38 29 78 15 37 62 31 5 83 91 100 37 21 59 75 0 59 7 28 38 3 30 37 81 2 24 70 60 94 35 6 16 27 70 47 78 61 8 47 
8 42 64 59 58 14 42 54 0 55 6 65 31 48 16 62 59 61 93 66 41 41 70 12 59 0 86 47 99 21 18 1 53 86 61 100 75 30 65 50 5 13 90 26 26 68 29 34 
29 41 69 36 77 82 60 36 69 78 29 0 0 97 56 82 71 18 81 62 49 2 85 86 7 86 0 51 51 93 70 46 62 7 59 4 40 10 93 4 40 30 73 59 63 4 46 7 
50 29 4 50 74 96 8 4 63 60 22 17 78 43 10 100 39 62 67 41 73 18 19 62 28 47 51 0 75 59 99 61 28 70 71 74 41 63 46 60 76 39 42 22 86 70 1 61 
14 62 94 69 87 7 4 15 38 14 75 93 44 82 6 100 52 11 16 58 10 59 61 14 38 99 51 75 0 0 21 11 94 91 59 22 80 6 36 58 4 36 50 86 73 65 23 65 
87 100 58 19 80 11 41 6 42 15 5 4 30 45 45 8 39 14 77 94 10 42 40 93 3 21 93 59 0 0 59 29 52 35 36 7 27 74 7 10 54 40 60 87 20 77 97 82 
3 89 40 44 65 4 77 49 54 70 75 99 75 64 93 50 57 26 93 29 15 91 14 30 30 18 70 99 21 59 0 6 64 83 89 89 71 31 43 41 53 12 6 76 19 7 10 37 
3 53 23 91 30 68 40 42 6 82 86 3 21 29 9 47 79 11 76 39 18 24 90 44 37 1 46 61 11 29 6 0 20 32 39 84 91 4 6 35 75 30 91 37 89 60 86 14 
43 91 18 35 63 80 94 34 97 71 89 75 7 24 88 69 45 69 5 45 96 47 48 83 81 53 62 28 94 52 64 20 0 93 25 63 26 11 89 43 29 81 64 24 8 15 24 88 
86 74 53 95 18 84 39 5 28 44 100 94 41 83 66 46 45 40 70 97 45 7 94 25 2 86 7 70 91 35 83 32 93 0 39 92 80 53 6 40 5 38 55 37 7 99 50 68 
23 36 55 29 87 76 70 35 31 78 18 94 36 77 84 14 24 11 87 84 46 77 78 65 24 61 59 71 59 36 89 39 25 39 0 91 74 33 85 54 61 9 56 60 81 77 46 59 
86 73 93 65 67 100 61 53 62 88 82 15 18 99 86 97 88 61 14 92 52 62 11 6 70 100 4 74 22 7 89 84 63 92 91 0 78 7 67 56 46 81 74 33 37 100 59 14 
57 38 69 22 15 31 22 20 30 66 99 49 92 79 46 67 15 77 29 18 39 53 6 10 60 75 40 41 80 27 71 91 26 80 74 78 0 10 23 90 23 45 56 65 26 87 42 97 
86 21 56 77 65 55 14 86 9 13 30 30 77 13 43 59 18 33 80 64 19 98 9 20 94 30 10 63 6 74 31 4 11 53 33 7 10 0 80 0 97 60 53 82 20 78 11 92 
6 41 6 2 100 21 39 43 89 35 0 30 87 69 44 74 2 60 95 59 48 26 43 21 35 65 93 46 36 7 43 6 89 6 85 67 23 80 0 99 33 67 81 34 100 58 17 68 
66 76 78 70 61 69 56 47 53 13 29 90 48 83 2 25 79 6 97 35 20 68 34 61 6 50 4 60 58 10 41 35 43 40 54 56 90 0 99 0 0 8 89 98 77 93 1 57 
63 24 91 90 13 21 61 31 83 77 16 38 92 18 61 93 92 52 57 29 92 82 40 78 16 5 40 76 4 54 53 75 29 5 61 46 23 97 33 0 0 57 60 35 21 72 10 13 
62 76 4 31 4 3 36 20 91 76 27 6 96 21 87 58 40 52 99 92 46 56 24 90 27 13 30 39 36 40 12 30 81 38 9 81 45 60 67 8 57 0 63 34 64 73 99 2 
79 80 14 3 8 18 44 26 57 51 30 81 35 14 26 19 79 61 63 18 72 77 71 58 70 90 73 42 50 60 6 91 64 55 56 74 56 53 81 89 60 63 0 2 97 42 21 57 
56 88 53 53 5 66 76 92 79 68 64 5 67 54 27 62 0 13 62 9 1 23 56 77 47 26 59 22 86 87 76 37 24 37 60 33 65 82 34 98 35 34 2 0 69 90 34 52 
56 62 51 96 84 84 25 21 20 36 61 51 49 93 92 31 32 16 72 69 32 92 93 99 78 26 63 86 73 20 19 89 8 7 81 37 26 20 100 77 21 64 97 69 0 36 98 64 
17 68 65 86 78 42 61 17 47 92 38 50 67 67 55 69 85 52 68 34 72 34 89 39 61 68 4 70 65 77 7 60 15 99 77 100 87 78 58 93 72 73 42 90 36 0 61 34 
71 23 53 90 48 95 91 74 9 9 72 27 46 63 79 29 63 30 13 31 91 45 67 25 8 29 46 1 23 97 10 86 24 50 46 59 42 11 17 1 10 99 21 34 98 61 0 63 
84 72 77 8 24 11 73 35 91 65 65 11 63 62 71 92 19 69 65 28 64 0 25 85 47 34 7 61 65 82 37 14 88 68 59 14 97 92 68 57 13 2 57 52 64 34 63 0 
BBRBBBRBRRBRRBBRBBRBRBRRBBBRRRRRRBBBRBRRRBRRBBRB
