40
0 9 15 63 62 65 7 47 37 93 22 13 44 28 18 84 91 37 93 4 98 0 90 43 25 25 91 55 80 77 36 33 42 95 93 57 51 75 81 77 
9 0 90 82 87 52 45 45 82 18 35 64 95 53 23 28 5 88 91 16 88 65 1 79 15 54 31 65 51 0 50 42 87 30 82 89 94 66 55 21 
15 90 0 48 64 18 50 4 70 80 51 31 60 16 61 24 72 69 100 1 62 97 92 24 42 2 5 91 25 99 2 74 82 70 95 19 70 63 90 91 
63 82 48 0 19 92 84 25 78 32 91 59 89 29 95 73 97 54 29 13 35 72 88 80 20 51 82 24 80 5 42 12 68 28 32 26 7 81 41 16 
62 87 64 19 0 38 10 27 49 29 88 68 94 78 95 44 64 16 61 93 58 44 12 34 88 62 17 41 75 19 13 22 82 88 82 23 20 14 93 55 
65 52 18 92 38 0 73 16 70 54 52 75 92 86 7 81 99 69 47 97 27 89 62 94 1 96 94 45 47 92 17 92 51 53 13 49 92 24 80 70 
7 45 50 84 10 73 0 99 91 58 64 36 89 86 55 99 45 37 20 1 54 57 18 31 91 63 2 67 23 91 75 78 86 12 44 27 84 72 68 6 
47 45 4 25 27 16 99 0 77 41 15 53 70 2 4 50 33 24 60 66 70 52 52 38 30 64 33 88 90 5 71 41 44 95 45 44 9 50 96 72 
37 82 70 78 49 70 91 77 0 11 33 14 12 100 6 75 92 34 65 86 71 20 85 54 70 26 85 61 54 46 97 59 53 13 24 100 22 6 72 74 
93 18 80 32 29 54 58 41 11 0 97 79 9 27 27 80 55 89 34 10 20 55 43 52 15 73 67 58 80 48 13 67 8 23 23 39 65 0 25 31 
22 35 51 91 88 52 64 15 33 97 0 57 70 26 42 62 49 78 10 74 51 77 20 10 3 71 74 86 60 30 63 94 29 13 9 51 9 100 14 12 
13 64 31 59 68 75 36 53 14 79 57 0 99 54 10 25 79 44 48 15 32 37 1 57 29 87 29 68 44 39 78 73 64 70 86 6 3 17 43 73 
44 95 60 89 94 92 89 70 12 9 70 99 0 71 31 59 27 11 44 18 80 57 19 22 73 58 93 6 87 19 27 65 86 15 71 64 11 17 88 40 
28 53 16 29 78 86 86 2 100 27 26 54 71 0 56 29 48 70 38 48 21 61 36 67 35 90 36 81 11 48 37 16 97 20 37 6 4 84 28 72 
18 23 61 95 95 7 55 4 6 27 42 10 31 56 0 81 62 29 1 90 25 77 90 60 66 33 42 81 88 25 60 9 75 57 45 15 72 7 65 51 
84 28 24 73 44 81 99 50 75 80 62 25 59 29 81 0 28 50 87 92 47 18 1 29 88 80 12 36 27 41 57 55 87 79 72 80 10 72 55 56 
91 5 72 97 64 99 45 33 92 55 49 79 27 48 62 28 0 43 64 27 56 93 26 37 16 65 85 23 81 74 79 56 100 99 25 93 7 36 4 23 
37 88 69 54 16 69 37 24 34 89 78 44 11 70 29 50 43 0 26 3 38 45 65 51 6 20 85 74 8 0 29 1 10 72 50 5 96 92 57 44 
93 91 100 29 61 47 20 60 65 34 10 48 44 38 1 87 64 26 0 63 74 24 45 34 42 72 17 81 20 25 19 65 8 1 27 93 9 34 95 97 
4 16 1 13 93 97 1 66 86 10 74 15 18 48 90 92 27 3 63 0 91 66 70 21 42 25 18 55 61 80 30 65 25 88 44 62 74 78 66 78 
98 88 62 35 58 27 54 70 71 20 51 32 80 21 25 47 56 38 74 91 0 97 12 90 29 48 92 57 76 66 86 40 8 35 67 3 52 81 28 65 
0 65 97 72 44 89 57 52 20 55 77 37 57 61 77 18 93 45 24 66 97 0 22 65 53 20 69 0 91 84 74 99 59 76 26 3 86 71 37 96 
90 1 92 88 12 62 18 52 85 43 20 1 19 36 90 1 26 65 45 70 12 22 0 45 64 8 75 46 27 21 49 59 96 66 61 11 33 64 22 100 
43 79 24 80 34 94 31 38 54 52 10 57 22 67 60 29 37 51 34 21 90 65 45 0 94 56 62 43 52 15 32 81 58 3 41 69 49 37 88 72 
25 15 42 20 88 1 91 30 70 15 3 29 73 35 66 88 16 6 42 42 29 53 64 94 0 51 63 33 32 99 52 49 43 5 74 6 59 38 34 75 
25 54 2 51 62 96 63 64 26 73 71 87 58 90 33 80 65 20 72 25 48 20 8 56 51 0 25 71 60 67 60 53 4 0 98 9 87 52 34 32 
91 31 5 82 17 94 2 33 85 67 74 29 93 36 42 12 85 85 17 18 92 69 75 62 63 25 0 62 37 4 10 87 96 98 95 97 35 18 55 7 
55 65 91 24 41 45 67 88 61 58 86 68 6 81 81 36 23 74 81 55 57 0 46 43 33 71 62 0 63 50 60 85 96 40 50 67 76 47 42 87 
80 51 25 80 75 47 23 90 54 80 60 44 87 11 88 27 81 8 20 61 76 91 27 52 32 60 37 63 0 100 1 59 29 6 93 48 25 27 85 37 
77 0 99 5 19 92 91 5 46 48 30 39 19 48 25 41 74 0 25 80 66 84 21 15 99 67 4 50 100 0 97 66 68 59 51 41 48 77 48 37 
36 50 2 42 13 17 75 71 97 13 63 78 27 37 60 57 79 29 19 30 86 74 49 32 52 60 10 60 1 97 0 17 95 87 26 23 29 73 9 72 
33 42 74 12 22 92 78 41 59 67 94 73 65 16 9 55 56 1 65 65 40 99 59 81 49 53 87 85 59 66 17 0 48 15 80 15 18 28 30 58 
42 87 82 68 82 51 86 44 53 8 29 64 86 97 75 87 100 10 8 25 8 59 96 58 43 4 96 96 29 68 95 48 0 14 90 11 83 55 55 52 
95 30 70 28 88 53 12 95 13 23 13 70 15 20 57 79 99 72 1 88 35 76 66 3 5 0 98 40 6 59 87 15 14 0 68 24 83 78 19 71 
93 82 95 32 82 13 44 45 24 23 9 86 71 37 45 72 25 50 27 44 67 26 61 41 74 98 95 50 93 51 26 80 90 68 0 34 98 75 54 36 
57 89 19 26 23 49 27 44 100 39 51 6 64 6 15 80 93 5 93 62 3 3 11 69 6 9 97 67 48 41 23 15 11 24 34 0 51 94 84 85 
51 94 70 7 20 92 84 9 22 65 9 3 11 4 72 10 7 96 9 74 52 86 33 49 59 87 35 76 25 48 29 18 83 83 98 51 0 55 35 95 
75 66 63 81 14 24 72 50 6 0 100 17 17 84 7 72 36 92 34 78 81 71 64 37 38 52 18 47 27 77 73 28 55 78 75 94 55 0 46 13 
81 55 90 41 93 80 68 96 72 25 14 43 88 28 65 55 4 57 95 66 28 37 22 88 34 34 55 42 85 48 9 30 55 19 54 84 35 46 0 7 
77 21 91 16 55 70 6 72 74 31 12 73 40 72 51 56 23 44 97 78 65 96 100 72 75 32 7 87 37 37 72 58 52 71 36 85 95 13 7 0 
BBBBRRBRBBRBRBBBBRRRBRBBRBRRRRBRRRRBRBBR
