50
0 95 28 48 52 72 69 88 1 24 72 14 17 37 80 37 16 38 59 50 45 17 7 26 18 97 86 96 64 17 79 36 100 80 75 24 98 39 69 45 70 61 100 22 49 48 93 36 60 67 
95 0 21 1 15 94 28 31 75 18 66 40 42 28 51 98 14 98 70 51 73 76 51 30 50 66 99 87 31 65 90 7 93 3 29 94 45 83 66 7 53 28 69 26 84 7 16 1 42 21 
28 21 0 6 19 89 89 48 74 72 96 34 75 40 34 4 99 41 67 82 80 6 55 73 77 21 43 5 11 52 63 86 20 59 44 92 34 84 96 70 21 40 30 73 14 88 88 42 68 10 
48 1 6 0 88 53 6 19 58 100 77 47 68 40 51 19 88 79 85 20 21 74 75 56 93 97 100 16 65 45 92 80 31 85 71 65 20 48 84 70 30 95 55 9 97 8 95 81 31 19 
52 15 19 88 0 98 66 13 35 17 38 36 77 4 57 41 81 53 31 80 84 62 47 8 15 16 57 8 42 63 52 55 84 39 34 85 53 16 68 28 75 83 61 56 70 63 16 34 48 63 
72 94 89 53 98 0 48 44 13 52 59 12 88 47 21 92 39 59 53 67 73 30 97 31 87 70 17 85 80 91 90 53 78 78 9 37 47 76 26 3 59 9 42 18 93 98 13 74 96 81 
69 28 89 6 66 48 0 81 6 63 34 73 28 83 70 65 67 62 60 57 70 53 36 22 59 53 36 23 51 9 63 49 39 38 28 78 67 55 96 50 23 6 62 93 88 16 64 74 72 79 
88 31 48 19 13 44 81 0 77 6 76 57 39 46 21 19 9 41 20 69 51 28 25 79 48 51 56 85 5 64 98 46 71 44 41 14 3 42 95 14 60 99 19 25 0 41 56 65 46 32 
1 75 74 58 35 13 6 77 0 37 83 0 65 34 81 76 72 40 89 13 22 56 46 39 14 76 58 90 43 24 71 98 41 1 70 29 45 90 87 85 57 74 8 81 52 15 38 2 1 71 
24 18 72 100 17 52 63 6 37 0 59 37 45 13 11 59 16 40 34 68 90 11 55 12 55 38 30 62 7 4 25 8 74 98 87 42 26 24 5 1 24 36 12 48 26 67 20 58 13 78 
72 66 96 77 38 59 34 76 83 59 0 13 8 1 0 52 63 74 98 65 61 47 86 3 54 34 72 23 17 19 43 92 48 23 18 44 17 64 49 16 8 19 16 20 54 10 84 22 56 63 
14 40 34 47 36 12 73 57 0 37 13 0 80 34 18 29 34 44 86 10 10 14 26 3 47 67 3 62 8 18 14 77 2 96 99 73 99 62 51 55 20 24 76 44 34 14 71 97 19 49 
17 42 75 68 77 88 28 39 65 45 8 80 0 74 54 38 69 37 92 34 96 9 24 43 29 58 70 79 89 2 54 16 88 82 49 67 96 95 57 24 7 62 60 12 36 92 1 57 74 8 
37 28 40 40 4 47 83 46 34 13 1 34 74 0 66 73 88 78 52 37 41 25 22 32 17 77 99 30 37 68 75 99 81 99 29 0 7 33 97 55 7 15 70 20 91 92 96 79 5 33 
80 51 34 51 57 21 70 21 81 11 0 18 54 66 0 65 22 56 62 86 90 62 26 100 46 76 11 74 97 29 83 17 1 38 53 64 28 45 99 28 33 50 73 66 51 64 77 99 47 43 
37 98 4 19 41 92 65 19 76 59 52 29 38 73 65 0 40 1 95 36 97 50 77 37 27 14 69 79 70 14 51 92 59 46 72 2 84 76 24 67 70 16 56 78 11 43 97 63 13 21 
16 14 99 88 81 39 67 9 72 16 63 34 69 88 22 40 0 44 19 36 2 0 94 67 34 71 40 7 78 26 29 53 88 32 53 45 30 97 26 6 77 52 18 6 95 14 4 16 70 64 
38 98 41 79 53 59 62 41 40 40 74 44 37 78 56 1 44 0 68 15 60 5 17 76 21 25 24 8 14 36 13 22 54 52 67 62 57 91 45 65 58 90 71 22 40 44 30 13 11 70 
59 70 67 85 31 53 60 20 89 34 98 86 92 52 62 95 19 68 0 85 80 13 24 15 20 13 40 5 73 65 40 38 63 51 49 95 73 77 49 15 67 55 13 84 64 63 46 57 36 18 
50 51 82 20 80 67 57 69 13 68 65 10 34 37 86 36 36 15 85 0 75 24 6 31 97 89 52 31 4 14 31 85 4 83 52 65 89 46 88 1 46 31 64 60 47 99 47 91 19 44 
45 73 80 21 84 73 70 51 22 90 61 10 96 41 90 97 2 60 80 75 0 35 34 44 0 76 22 94 14 37 81 73 29 47 31 1 98 4 73 65 29 47 30 84 35 43 36 37 51 9 
17 76 6 74 62 30 53 28 56 11 47 14 9 25 62 50 0 5 13 24 35 0 56 91 70 33 66 39 88 57 82 57 71 58 71 7 71 1 28 27 54 70 96 92 44 73 46 48 99 39 
7 51 55 75 47 97 36 25 46 55 86 26 24 22 26 77 94 17 24 6 34 56 0 55 29 89 45 48 6 83 90 72 15 24 38 35 51 58 94 91 82 63 16 4 45 0 40 31 100 0 
26 30 73 56 8 31 22 79 39 12 3 3 43 32 100 37 67 76 15 31 44 91 55 0 96 91 56 58 79 96 62 59 89 99 75 72 92 49 18 34 95 16 54 90 31 50 59 34 46 9 
18 50 77 93 15 87 59 48 14 55 54 47 29 17 46 27 34 21 20 97 0 70 29 96 0 81 10 17 75 25 4 21 51 31 52 21 49 88 61 17 87 82 34 56 51 40 72 37 81 89 
97 66 21 97 16 70 53 51 76 38 34 67 58 77 76 14 71 25 13 89 76 33 89 91 81 0 45 79 2 97 8 1 10 19 84 8 45 25 4 17 33 38 72 56 25 30 67 12 56 11 
86 99 43 100 57 17 36 56 58 30 72 3 70 99 11 69 40 24 40 52 22 66 45 56 10 45 0 70 28 32 3 90 68 75 25 57 40 57 42 52 26 84 61 78 88 76 45 39 39 89 
96 87 5 16 8 85 23 85 90 62 23 62 79 30 74 79 7 8 5 31 94 39 48 58 17 79 70 0 41 63 97 62 11 2 42 89 3 13 40 20 13 31 50 21 31 75 91 28 39 36 
64 31 11 65 42 80 51 5 43 7 17 8 89 37 97 70 78 14 73 4 14 88 6 79 75 2 28 41 0 30 84 53 50 6 8 100 76 94 69 19 30 48 59 67 47 82 67 44 37 65 
17 65 52 45 63 91 9 64 24 4 19 18 2 68 29 14 26 36 65 14 37 57 83 96 25 97 32 63 30 0 29 39 65 99 96 25 27 46 57 42 69 53 99 99 37 30 15 59 86 38 
79 90 63 92 52 90 63 98 71 25 43 14 54 75 83 51 29 13 40 31 81 82 90 62 4 8 3 97 84 29 0 6 10 76 19 23 7 91 59 18 66 75 96 9 18 56 81 72 72 14 
36 7 86 80 55 53 49 46 98 8 92 77 16 99 17 92 53 22 38 85 73 57 72 59 21 1 90 62 53 39 6 0 87 26 25 48 36 32 66 48 63 68 40 8 10 16 69 72 1 5 
100 93 20 31 84 78 39 71 41 74 48 2 88 81 1 59 88 54 63 4 29 71 15 89 51 10 68 11 50 65 10 87 0 45 33 81 63 13 29 41 3 23 5 88 75 99 86 6 5 74 
80 3 59 85 39 78 38 44 1 98 23 96 82 99 38 46 32 52 51 83 47 58 24 99 31 19 75 2 6 99 76 26 45 0 23 38 0 1 30 2 48 76 62 64 62 52 18 43 28 73 
75 29 44 71 34 9 28 41 70 87 18 99 49 29 53 72 53 67 49 52 31 71 38 75 52 84 25 42 8 96 19 25 33 23 0 12 83 66 44 40 92 72 2 85 33 59 72 38 79 60 
24 94 92 65 85 37 78 14 29 42 44 73 67 0 64 2 45 62 95 65 1 7 35 72 21 8 57 89 100 25 23 48 81 38 12 0 80 47 74 0 86 21 5 1 0 62 3 53 2 90 
98 45 34 20 53 47 67 3 45 26 17 99 96 7 28 84 30 57 73 89 98 71 51 92 49 45 40 3 76 27 7 36 63 0 83 80 0 75 7 11 53 59 25 92 70 10 47 44 40 2 
39 83 84 48 16 76 55 42 90 24 64 62 95 33 45 76 97 91 77 46 4 1 58 49 88 25 57 13 94 46 91 32 13 1 66 47 75 0 7 14 83 65 0 17 22 8 61 15 27 38 
69 66 96 84 68 26 96 95 87 5 49 51 57 97 99 24 26 45 49 88 73 28 94 18 61 4 42 40 69 57 59 66 29 30 44 74 7 7 0 44 33 37 68 41 54 38 17 37 66 93 
45 7 70 70 28 3 50 14 85 1 16 55 24 55 28 67 6 65 15 1 65 27 91 34 17 17 52 20 19 42 18 48 41 2 40 0 11 14 44 0 92 9 32 24 91 10 99 74 66 64 
70 53 21 30 75 59 23 60 57 24 8 20 7 7 33 70 77 58 67 46 29 54 82 95 87 33 26 13 30 69 66 63 3 48 92 86 53 83 33 92 0 95 29 79 36 42 44 1 76 55 
61 28 40 95 83 9 6 99 74 36 19 24 62 15 50 16 52 90 55 31 47 70 63 16 82 38 84 31 48 53 75 68 23 76 72 21 59 65 37 9 95 0 60 46 99 43 21 10 13 78 
100 69 30 55 61 42 62 19 8 12 16 76 60 70 73 56 18 71 13 64 30 96 16 54 34 72 61 50 59 99 96 40 5 62 2 5 25 0 68 32 29 60 0 99 24 98 21 63 35 30 
22 26 73 9 56 18 93 25 81 48 20 44 12 20 66 78 6 22 84 60 84 92 4 90 56 56 78 21 67 99 9 8 88 64 85 1 92 17 41 24 79 46 99 0 72 52 62 16 72 64 
49 84 14 97 70 93 88 0 52 26 54 34 36 91 51 11 95 40 64 47 35 44 45 31 51 25 88 31 47 37 18 10 75 62 33 0 70 22 54 91 36 99 24 72 0 21 51 49 37 22 
48 7 88 8 63 98 16 41 15 67 10 14 92 92 64 43 14 44 63 99 43 73 0 50 40 30 76 75 82 30 56 16 99 52 59 62 10 8 38 10 42 43 98 52 21 0 58 52 93 6 
93 16 88 95 16 13 64 56 38 20 84 71 1 96 77 97 4 30 46 47 36 46 40 59 72 67 45 91 67 15 81 69 86 18 72 3 47 61 17 99 44 21 21 62 51 58 0 43 4 91 
36 1 42 81 34 74 74 65 2 58 22 97 57 79 99 63 16 13 57 91 37 48 31 34 37 12 39 28 44 59 72 72 6 43 38 53 44 15 37 74 1 10 63 16 49 52 43 0 16 31 
60 42 68 31 48 96 72 46 1 13 56 19 74 5 47 13 70 11 36 19 51 99 100 46 81 56 39 39 37 86 72 1 5 28 79 2 40 27 66 66 76 13 35 72 37 93 4 16 0 66 
67 21 10 19 63 81 79 32 71 78 63 49 8 33 43 21 64 70 18 44 9 39 0 9 89 11 89 36 65 38 14 5 74 73 60 90 2 38 93 64 55 78 30 64 22 6 91 31 66 0 
BRRBBRBBBBBBRRRRRRBRBBBRBRRRBBBRRRRBBRRBRBBRRRBRBB
