28
0 44 85 37 50 30 9 6 7 21 90 86 57 26 97 46 82 29 97 59 49 64 6 40 33 42 20 52 
44 0 33 15 42 10 9 29 89 38 31 13 5 31 94 9 91 56 41 50 95 58 47 17 17 7 10 35 
85 33 0 39 71 5 58 25 86 88 43 84 28 68 26 39 11 39 50 14 40 54 35 68 33 32 69 95 
37 15 39 0 9 19 75 30 31 32 20 30 15 56 99 17 85 96 47 11 96 49 55 79 87 26 95 59 
50 42 71 9 0 94 53 1 2 78 30 52 75 39 64 12 66 43 32 55 93 48 10 81 75 84 39 92 
30 10 5 19 94 0 72 29 3 14 59 95 15 37 80 17 0 86 19 88 2 99 10 27 27 32 47 14 
9 9 58 75 53 72 0 65 25 70 54 63 24 12 73 0 47 92 57 77 8 85 49 99 9 46 80 69 
6 29 25 30 1 29 65 0 36 49 95 96 74 8 62 70 83 33 93 74 12 12 62 71 54 46 29 56 
7 89 86 31 2 3 25 36 0 28 59 3 38 66 96 79 94 3 13 79 58 50 59 41 52 28 61 100 
21 38 88 32 78 14 70 49 28 0 98 35 91 23 79 76 65 42 31 97 59 43 31 97 64 20 79 59 
90 31 43 20 30 59 54 95 59 98 0 49 72 93 10 30 97 95 48 58 79 66 34 86 10 50 17 78 
86 13 84 30 52 95 63 96 3 35 49 0 95 18 89 17 32 84 50 35 17 8 86 76 52 12 81 64 
57 5 28 15 75 15 24 74 38 91 72 95 0 74 45 75 63 7 38 59 26 13 9 2 87 18 3 44 
26 31 68 56 39 37 12 8 66 23 93 18 74 0 25 3 33 96 55 80 34 80 97 68 76 52 95 41 
97 94 26 99 64 80 73 62 96 79 10 89 45 25 0 4 33 83 100 55 14 53 85 86 96 94 35 65 
46 9 39 17 12 17 0 70 79 76 30 17 75 3 4 0 59 21 13 1 79 66 38 94 28 80 59 11 
82 91 11 85 66 0 47 83 94 65 97 32 63 33 33 59 0 44 3 69 62 69 28 73 66 35 75 28 
29 56 39 96 43 86 92 33 3 42 95 84 7 96 83 21 44 0 46 23 53 60 73 5 97 18 65 24 
97 41 50 47 32 19 57 93 13 31 48 50 38 55 100 13 3 46 0 4 37 26 95 65 87 4 15 99 
59 50 14 11 55 88 77 74 79 97 58 35 59 80 55 1 69 23 4 0 26 45 15 96 38 86 44 56 
49 95 40 96 93 2 8 12 58 59 79 17 26 34 14 79 62 53 37 26 0 94 65 3 85 30 96 75 
64 58 54 49 48 99 85 12 50 43 66 8 13 80 53 66 69 60 26 45 94 0 61 65 63 48 40 70 
6 47 35 55 10 10 49 62 59 31 34 86 9 97 85 38 28 73 95 15 65 61 0 39 7 79 31 24 
40 17 68 79 81 27 99 71 41 97 86 76 2 68 86 94 73 5 65 96 3 65 39 0 4 34 87 42 
33 17 33 87 75 27 9 54 52 64 10 52 87 76 96 28 66 97 87 38 85 63 7 4 0 76 36 10 
42 7 32 26 84 32 46 46 28 20 50 12 18 52 94 80 35 18 4 86 30 48 79 34 76 0 37 53 
20 10 69 95 39 47 80 29 61 79 17 81 3 95 35 59 75 65 15 44 96 40 31 87 36 37 0 99 
52 35 95 59 92 14 69 56 100 59 78 64 44 41 65 11 28 24 99 56 75 70 24 42 10 53 99 0 
RBRBRRBRBRRBBRRRBBRBBBRBBRRB
