36
0 96 20 39 47 29 80 62 40 56 22 47 8 14 51 91 67 71 11 8 68 78 89 22 83 27 70 8 73 32 16 4 75 92 13 23 
96 0 46 1 18 50 27 93 8 60 95 19 16 83 32 2 50 81 14 48 88 95 40 27 26 40 9 37 31 9 25 95 59 64 68 18 
20 46 0 43 36 75 9 9 20 36 51 73 58 42 67 21 66 13 32 78 53 57 11 14 44 43 64 26 60 36 32 61 41 9 91 7 
39 1 43 0 75 27 34 28 98 81 75 79 18 43 16 8 59 31 79 71 100 83 94 46 52 87 47 8 94 8 52 35 90 24 3 38 
47 18 36 75 0 36 88 62 22 92 5 19 80 22 48 60 39 30 13 66 4 51 48 88 63 37 100 94 96 89 82 85 64 52 49 11 
29 50 75 27 36 0 76 24 52 52 31 84 5 85 33 89 88 34 69 91 50 35 87 100 52 29 94 76 91 91 54 95 19 30 75 36 
80 27 9 34 88 76 0 70 7 100 61 40 24 87 22 97 17 29 95 71 69 53 94 94 28 19 34 73 13 40 14 5 36 84 10 48 
62 93 9 28 62 24 70 0 17 51 70 9 50 60 66 12 53 54 75 28 61 16 11 52 86 77 39 47 36 10 5 44 69 100 11 47 
40 8 20 98 22 52 7 17 0 77 71 74 92 53 93 68 88 19 87 4 7 28 92 35 69 28 81 41 10 92 65 14 72 77 76 94 
56 60 36 81 92 52 100 51 77 0 36 2 67 58 30 85 75 72 77 90 26 90 82 27 82 30 31 24 96 16 73 66 96 18 13 60 
22 95 51 75 5 31 61 70 71 36 0 38 99 45 40 85 68 13 67 28 73 0 29 16 57 81 42 13 57 17 79 75 53 75 41 95 
47 19 73 79 19 84 40 9 74 2 38 0 50 17 53 99 36 58 10 90 85 23 93 37 18 58 33 9 54 13 95 82 77 94 75 25 
8 16 58 18 80 5 24 50 92 67 99 50 0 85 47 98 24 9 61 10 96 67 66 65 99 36 80 100 85 57 90 3 76 90 37 1 
14 83 42 43 22 85 87 60 53 58 45 17 85 0 81 9 63 78 57 30 59 7 84 27 58 6 30 83 78 88 0 31 15 72 5 11 
51 32 67 16 48 33 22 66 93 30 40 53 47 81 0 8 15 25 95 30 73 6 18 85 10 26 25 10 24 38 36 68 43 85 35 23 
91 2 21 8 60 89 97 12 68 85 85 99 98 9 8 0 21 84 44 92 81 61 26 12 93 7 90 79 58 71 71 22 33 68 75 27 
67 50 66 59 39 88 17 53 88 75 68 36 24 63 15 21 0 54 58 81 86 62 21 71 34 41 68 21 30 31 17 55 11 23 72 66 
71 81 13 31 30 34 29 54 19 72 13 58 9 78 25 84 54 0 45 31 3 84 90 39 35 51 95 67 81 17 45 43 73 23 1 55 
11 14 32 79 13 69 95 75 87 77 67 10 61 57 95 44 58 45 0 41 92 15 83 22 9 84 74 70 6 90 50 23 30 31 87 95 
8 48 78 71 66 91 71 28 4 90 28 90 10 30 30 92 81 31 41 0 11 8 97 67 63 3 82 48 37 82 43 20 8 67 54 80 
68 88 53 100 4 50 69 61 7 26 73 85 96 59 73 81 86 3 92 11 0 42 40 23 98 55 43 94 31 78 24 93 25 32 4 6 
78 95 57 83 51 35 53 16 28 90 0 23 67 7 6 61 62 84 15 8 42 0 17 66 100 18 49 86 85 66 69 78 8 87 62 7 
89 40 11 94 48 87 94 11 92 82 29 93 66 84 18 26 21 90 83 97 40 17 0 66 51 94 3 47 33 46 7 7 1 29 93 43 
22 27 14 46 88 100 94 52 35 27 16 37 65 27 85 12 71 39 22 67 23 66 66 0 23 42 76 98 19 95 15 88 21 67 27 67 
83 26 44 52 63 52 28 86 69 82 57 18 99 58 10 93 34 35 9 63 98 100 51 23 0 63 78 8 50 94 43 30 57 67 0 24 
27 40 43 87 37 29 19 77 28 30 81 58 36 6 26 7 41 51 84 3 55 18 94 42 63 0 50 95 71 30 33 27 58 43 3 36 
70 9 64 47 100 94 34 39 81 31 42 33 80 30 25 90 68 95 74 82 43 49 3 76 78 50 0 48 2 13 100 54 38 10 67 60 
8 37 26 8 94 76 73 47 41 24 13 9 100 83 10 79 21 67 70 48 94 86 47 98 8 95 48 0 43 5 54 75 71 69 23 50 
73 31 60 94 96 91 13 36 10 96 57 54 85 78 24 58 30 81 6 37 31 85 33 19 50 71 2 43 0 12 80 78 6 49 57 56 
32 9 36 8 89 91 40 10 92 16 17 13 57 88 38 71 31 17 90 82 78 66 46 95 94 30 13 5 12 0 98 81 45 81 87 88 
16 25 32 52 82 54 14 5 65 73 79 95 90 0 36 71 17 45 50 43 24 69 7 15 43 33 100 54 80 98 0 93 67 3 47 53 
4 95 61 35 85 95 5 44 14 66 75 82 3 31 68 22 55 43 23 20 93 78 7 88 30 27 54 75 78 81 93 0 10 34 42 60 
75 59 41 90 64 19 36 69 72 96 53 77 76 15 43 33 11 73 30 8 25 8 1 21 57 58 38 71 6 45 67 10 0 33 65 78 
92 64 9 24 52 30 84 100 77 18 75 94 90 72 85 68 23 23 31 67 32 87 29 67 67 43 10 69 49 81 3 34 33 0 9 96 
13 68 91 3 49 75 10 11 76 13 41 75 37 5 35 75 72 1 87 54 4 62 93 27 0 3 67 23 57 87 47 42 65 9 0 52 
23 18 7 38 11 36 48 47 94 60 95 25 1 11 23 27 66 55 95 80 6 7 43 67 24 36 60 50 56 88 53 60 78 96 52 0 
BBBRRBBBRRRRBRRBRBRBBBRBRBRRRRBRRBBB
