32
0 27 79 48 74 71 19 57 73 55 59 75 38 26 9 77 47 40 51 6 64 81 56 39 22 11 96 42 91 43 55 82 
27 0 31 2 25 39 34 93 56 38 85 25 73 40 24 75 74 6 78 52 80 22 5 37 28 55 67 100 50 9 42 67 
79 31 0 81 53 49 52 49 28 85 57 26 15 45 94 81 45 76 35 63 9 18 47 66 87 43 81 55 30 12 100 55 
48 2 81 0 37 82 58 26 27 32 79 29 18 37 63 0 84 83 7 50 81 82 33 50 50 65 32 50 60 62 25 84 
74 25 53 37 0 50 62 94 93 70 76 47 67 71 7 67 25 48 38 6 64 58 36 32 39 36 94 47 76 73 96 16 
71 39 49 82 50 0 7 17 55 7 99 43 82 56 26 59 62 66 52 6 25 19 18 20 15 91 10 77 1 46 10 13 
19 34 52 58 62 7 0 81 62 0 77 65 35 64 26 6 23 3 1 34 75 98 49 80 91 53 30 46 95 16 9 78 
57 93 49 26 94 17 81 0 50 19 79 61 50 45 70 9 44 37 32 80 37 53 68 92 22 62 87 35 66 95 58 50 
73 56 28 27 93 55 62 50 0 86 99 48 44 90 44 93 60 63 22 78 42 6 1 19 72 42 8 67 86 16 6 71 
55 38 85 32 70 7 0 19 86 0 64 56 94 27 85 74 86 33 52 57 13 16 44 14 64 15 7 49 14 99 80 53 
59 85 57 79 76 99 77 79 99 64 0 34 32 61 41 6 26 26 80 100 18 90 57 13 33 1 44 48 45 3 88 31 
75 25 26 29 47 43 65 61 48 56 34 0 20 64 71 83 30 26 93 91 0 42 77 18 87 46 63 21 29 91 59 16 
38 73 15 18 67 82 35 50 44 94 32 20 0 74 27 59 57 82 31 5 100 97 72 26 24 85 19 93 43 14 60 40 
26 40 45 37 71 56 64 45 90 27 61 64 74 0 55 51 38 1 7 60 3 8 46 93 49 98 33 22 50 96 28 37 
9 24 94 63 7 26 26 70 44 85 41 71 27 55 0 38 83 65 75 2 49 61 1 44 100 22 99 13 55 18 66 52 
77 75 81 0 67 59 6 9 93 74 6 83 59 51 38 0 40 72 91 26 66 5 45 34 26 49 58 92 16 16 29 11 
47 74 45 84 25 62 23 44 60 86 26 30 57 38 83 40 0 33 90 78 53 74 51 19 69 73 83 76 4 87 60 83 
40 6 76 83 48 66 3 37 63 33 26 26 82 1 65 72 33 0 32 78 61 1 95 52 68 15 58 90 39 1 90 99 
51 78 35 7 38 52 1 32 22 52 80 93 31 7 75 91 90 32 0 57 64 10 33 55 50 57 5 87 69 41 7 60 
6 52 63 50 6 6 34 80 78 57 100 91 5 60 2 26 78 78 57 0 17 26 31 6 49 94 64 7 60 32 62 59 
64 80 9 81 64 25 75 37 42 13 18 0 100 3 49 66 53 61 64 17 0 14 94 62 81 8 74 73 79 83 68 25 
81 22 18 82 58 19 98 53 6 16 90 42 97 8 61 5 74 1 10 26 14 0 77 52 96 21 17 9 3 89 61 87 
56 5 47 33 36 18 49 68 1 44 57 77 72 46 1 45 51 95 33 31 94 77 0 93 41 32 61 76 78 63 17 92 
39 37 66 50 32 20 80 92 19 14 13 18 26 93 44 34 19 52 55 6 62 52 93 0 16 2 31 57 25 52 15 47 
22 28 87 50 39 15 91 22 72 64 33 87 24 49 100 26 69 68 50 49 81 96 41 16 0 26 97 48 34 93 45 78 
11 55 43 65 36 91 53 62 42 15 1 46 85 98 22 49 73 15 57 94 8 21 32 2 26 0 9 90 22 30 11 96 
96 67 81 32 94 10 30 87 8 7 44 63 19 33 99 58 83 58 5 64 74 17 61 31 97 9 0 71 8 3 23 62 
42 100 55 50 47 77 46 35 67 49 48 21 93 22 13 92 76 90 87 7 73 9 76 57 48 90 71 0 92 35 20 26 
91 50 30 60 76 1 95 66 86 14 45 29 43 50 55 16 4 39 69 60 79 3 78 25 34 22 8 92 0 82 22 40 
43 9 12 62 73 46 16 95 16 99 3 91 14 96 18 16 87 1 41 32 83 89 63 52 93 30 3 35 82 0 11 52 
55 42 100 25 96 10 9 58 6 80 88 59 60 28 66 29 60 90 7 62 68 61 17 15 45 11 23 20 22 11 0 6 
82 67 55 84 16 13 78 50 71 53 31 16 40 37 52 11 83 99 60 59 25 87 92 47 78 96 62 26 40 52 6 0 
BRBBRBRRBRRRBBBBRRRBBRRRBBRRRBBB
