22
0 27 96 34 54 9 100 19 58 5 88 80 7 15 22 41 69 61 75 32 30 25 
27 0 90 21 70 72 20 29 35 59 42 15 70 91 10 100 10 41 73 59 65 99 
96 90 0 70 19 35 76 68 93 13 47 40 73 27 95 74 85 65 3 1 89 27 
34 21 70 0 89 94 74 14 43 68 84 73 10 88 3 42 59 2 12 26 75 71 
54 70 19 89 0 83 23 15 4 25 5 95 19 21 16 55 80 5 54 96 42 28 
9 72 35 94 83 0 14 69 11 84 95 9 47 4 27 54 30 8 85 46 18 12 
100 20 76 74 23 14 0 2 28 39 88 25 62 41 75 18 28 63 61 16 12 50 
19 29 68 14 15 69 2 0 96 22 15 93 35 87 68 63 70 8 45 93 76 82 
58 35 93 43 4 11 28 96 0 21 33 100 13 71 17 59 7 20 48 11 64 32 
5 59 13 68 25 84 39 22 21 0 66 39 77 4 2 67 72 53 28 10 4 50 
88 42 47 84 5 95 88 15 33 66 0 99 61 57 43 81 97 26 31 9 98 41 
80 15 40 73 95 9 25 93 100 39 99 0 83 91 86 18 98 62 60 15 39 93 
7 70 73 10 19 47 62 35 13 77 61 83 0 63 52 75 37 68 9 83 51 21 
15 91 27 88 21 4 41 87 71 4 57 91 63 0 83 55 8 70 54 45 22 82 
22 10 95 3 16 27 75 68 17 2 43 86 52 83 0 67 27 92 33 9 11 98 
41 100 74 42 55 54 18 63 59 67 81 18 75 55 67 0 53 75 96 91 65 23 
69 10 85 59 80 30 28 70 7 72 97 98 37 8 27 53 0 76 79 26 6 80 
61 41 65 2 5 8 63 8 20 53 26 62 68 70 92 75 76 0 93 84 66 68 
75 73 3 12 54 85 61 45 48 28 31 60 9 54 33 96 79 93 0 42 38 77 
32 59 1 26 96 46 16 93 11 10 9 15 83 45 9 91 26 84 42 0 52 60 
30 65 89 75 42 18 12 76 64 4 98 39 51 22 11 65 6 66 38 52 0 7 
25 99 27 71 28 12 50 82 32 50 41 93 21 82 98 23 80 68 77 60 7 0 
RRRBBBRRBRBBBRRRBRBRBB
