34
0 13 76 51 66 40 50 23 62 3 93 38 29 1 90 54 94 4 16 20 27 89 23 15 80 40 17 38 93 69 15 3 3 0 
13 0 46 31 9 25 83 65 93 51 70 42 84 50 96 92 73 13 56 0 24 17 39 95 99 89 44 65 33 91 25 5 14 72 
76 46 0 71 14 4 12 98 76 1 2 13 71 33 18 51 20 44 41 15 11 38 51 8 95 62 67 37 25 50 80 2 35 4 
51 31 71 0 83 41 60 16 54 87 13 72 54 65 8 63 98 85 24 36 33 76 93 51 15 27 66 11 4 80 55 70 89 17 
66 9 14 83 0 28 52 81 1 7 77 86 70 72 70 28 98 13 16 44 68 39 26 31 36 54 50 2 75 73 48 30 16 60 
40 25 4 41 28 0 41 36 1 25 39 44 74 64 84 40 73 2 20 34 63 22 48 37 88 64 36 19 53 81 38 9 51 39 
50 83 12 60 52 41 0 48 69 59 97 81 59 26 25 97 93 22 6 46 77 19 23 73 21 99 26 5 5 17 1 56 93 60 
23 65 98 16 81 36 48 0 46 1 2 97 40 62 50 5 70 57 11 54 100 19 39 11 49 71 48 22 91 22 13 70 40 79 
62 93 76 54 1 1 69 46 0 56 1 85 18 15 77 4 81 20 5 25 70 10 93 2 4 8 87 15 17 58 59 89 42 3 
3 51 1 87 7 25 59 1 56 0 77 29 89 43 86 93 36 49 85 7 36 65 41 97 5 1 85 12 73 45 21 10 89 31 
93 70 2 13 77 39 97 2 1 77 0 4 91 92 68 98 90 37 71 61 9 36 14 54 31 35 63 3 51 84 1 11 24 35 
38 42 13 72 86 44 81 97 85 29 4 0 15 41 61 77 14 45 68 94 72 0 19 6 36 42 35 56 92 53 9 93 15 60 
29 84 71 54 70 74 59 40 18 89 91 15 0 99 92 34 82 14 4 63 23 55 57 75 55 65 17 31 18 64 38 28 10 100 
1 50 33 65 72 64 26 62 15 43 92 41 99 0 43 51 95 87 19 55 3 51 99 84 53 34 82 35 10 62 36 43 78 47 
90 96 18 8 70 84 25 50 77 86 68 61 92 43 0 54 37 94 91 64 90 58 64 92 25 37 33 35 74 44 30 1 2 18 
54 92 51 63 28 40 97 5 4 93 98 77 34 51 54 0 22 94 46 63 6 88 68 80 22 37 42 69 76 98 51 92 62 96 
94 73 20 98 98 73 93 70 81 36 90 14 82 95 37 22 0 5 87 98 5 52 70 48 82 16 99 3 22 48 84 36 67 32 
4 13 44 85 13 2 22 57 20 49 37 45 14 87 94 94 5 0 63 55 4 11 57 81 41 17 99 62 6 74 6 50 64 28 
16 56 41 24 16 20 6 11 5 85 71 68 4 19 91 46 87 63 0 58 61 14 100 6 25 79 22 6 22 93 22 31 12 98 
20 0 15 36 44 34 46 54 25 7 61 94 63 55 64 63 98 55 58 0 98 75 74 35 49 32 6 35 55 40 78 74 48 48 
27 24 11 33 68 63 77 100 70 36 9 72 23 3 90 6 5 4 61 98 0 93 29 8 41 61 99 8 31 61 3 12 91 30 
89 17 38 76 39 22 19 19 10 65 36 0 55 51 58 88 52 11 14 75 93 0 25 61 68 73 84 3 20 62 66 7 84 57 
23 39 51 93 26 48 23 39 93 41 14 19 57 99 64 68 70 57 100 74 29 25 0 74 39 33 70 41 10 41 81 70 69 92 
15 95 8 51 31 37 73 11 2 97 54 6 75 84 92 80 48 81 6 35 8 61 74 0 69 82 92 17 36 3 20 26 49 100 
80 99 95 15 36 88 21 49 4 5 31 36 55 53 25 22 82 41 25 49 41 68 39 69 0 42 64 54 20 50 47 46 13 6 
40 89 62 27 54 64 99 71 8 1 35 42 65 34 37 37 16 17 79 32 61 73 33 82 42 0 83 26 90 37 95 21 8 76 
17 44 67 66 50 36 26 48 87 85 63 35 17 82 33 42 99 99 22 6 99 84 70 92 64 83 0 90 75 8 8 84 53 95 
38 65 37 11 2 19 5 22 15 12 3 56 31 35 35 69 3 62 6 35 8 3 41 17 54 26 90 0 23 2 83 17 70 54 
93 33 25 4 75 53 5 91 17 73 51 92 18 10 74 76 22 6 22 55 31 20 10 36 20 90 75 23 0 69 32 67 80 68 
69 91 50 80 73 81 17 22 58 45 84 53 64 62 44 98 48 74 93 40 61 62 41 3 50 37 8 2 69 0 79 69 4 85 
15 25 80 55 48 38 1 13 59 21 1 9 38 36 30 51 84 6 22 78 3 66 81 20 47 95 8 83 32 79 0 78 77 63 
3 5 2 70 30 9 56 70 89 10 11 93 28 43 1 92 36 50 31 74 12 7 70 26 46 21 84 17 67 69 78 0 45 35 
3 14 35 89 16 51 93 40 42 89 24 15 10 78 2 62 67 64 12 48 91 84 69 49 13 8 53 70 80 4 77 45 0 63 
0 72 4 17 60 39 60 79 3 31 35 60 100 47 18 96 32 28 98 48 30 57 92 100 6 76 95 54 68 85 63 35 63 0 
RBRRRBRBBBBRRRBRBBRRBRBRRBRBBRBBBR
