44
0 17 9 73 41 90 65 36 41 99 31 45 17 28 36 23 24 100 10 99 33 93 19 84 11 66 100 1 76 96 31 75 80 75 31 20 0 42 61 46 97 29 93 1 
17 0 0 15 64 28 76 18 59 54 53 20 86 25 62 27 43 75 33 45 52 21 53 5 5 79 44 73 27 73 21 83 16 57 78 71 66 46 32 97 60 31 7 43 
9 0 0 47 6 37 94 68 15 8 13 11 29 100 36 88 94 73 61 39 97 39 26 50 84 18 74 62 92 4 83 60 7 31 9 55 97 53 48 43 37 66 73 14 
73 15 47 0 91 72 48 73 46 11 100 9 88 10 56 90 4 30 5 18 94 4 28 28 25 86 78 95 34 96 68 4 10 77 13 28 27 17 26 17 57 34 11 12 
41 64 6 91 0 82 55 91 99 62 13 15 50 9 12 85 84 53 96 16 34 7 30 100 98 19 22 18 59 14 58 35 14 12 99 58 41 32 2 65 59 15 10 34 
90 28 37 72 82 0 50 8 64 7 28 88 83 9 5 59 84 62 68 36 5 82 93 16 93 79 98 7 80 68 93 39 15 64 71 51 88 80 23 17 99 20 93 82 
65 76 94 48 55 50 0 81 79 4 16 29 56 22 91 92 96 96 77 15 9 32 91 0 58 81 9 15 93 84 39 88 8 18 8 17 35 36 15 45 15 94 90 0 
36 18 68 73 91 8 81 0 98 62 35 69 60 28 100 62 86 93 74 46 22 69 43 24 73 47 33 47 74 32 85 53 89 92 37 44 99 99 34 35 12 61 66 38 
41 59 15 46 99 64 79 98 0 77 28 51 41 91 90 45 86 39 1 59 93 48 91 46 31 37 4 32 86 60 21 88 58 22 5 10 65 11 91 45 80 90 68 72 
99 54 8 11 62 7 4 62 77 0 91 95 57 37 38 56 48 79 41 38 14 10 96 47 36 59 80 37 43 13 96 29 92 95 62 83 64 59 15 81 18 22 48 93 
31 53 13 100 13 28 16 35 28 91 0 33 37 86 7 26 19 8 4 69 44 61 53 66 21 71 27 92 81 100 98 42 44 7 58 68 33 56 96 98 86 27 38 1 
45 20 11 9 15 88 29 69 51 95 33 0 73 73 1 99 90 53 13 71 76 4 78 25 59 0 66 93 51 65 92 55 54 50 19 15 99 4 56 6 29 91 64 54 
17 86 29 88 50 83 56 60 41 57 37 73 0 91 41 70 41 16 26 30 6 72 1 78 13 49 90 51 6 77 84 59 68 26 35 97 38 7 80 12 67 93 95 62 
28 25 100 10 9 9 22 28 91 37 86 73 91 0 84 96 73 53 55 79 68 7 77 22 70 32 27 86 64 56 95 92 5 39 74 95 10 38 80 58 18 13 20 95 
36 62 36 56 12 5 91 100 90 38 7 1 41 84 0 89 24 8 9 18 39 63 25 4 67 46 29 22 51 70 99 1 3 99 2 40 3 72 2 74 56 61 31 42 
23 27 88 90 85 59 92 62 45 56 26 99 70 96 89 0 36 78 63 61 44 6 30 87 39 58 83 70 48 33 41 24 98 78 6 37 4 59 52 80 84 26 99 1 
24 43 94 4 84 84 96 86 86 48 19 90 41 73 24 36 0 66 59 64 29 85 53 10 87 36 66 88 78 11 42 38 18 73 52 80 60 83 43 48 29 19 9 17 
100 75 73 30 53 62 96 93 39 79 8 53 16 53 8 78 66 0 28 77 31 67 24 36 24 91 100 97 84 0 87 35 7 99 33 95 99 37 62 18 40 46 10 54 
10 33 61 5 96 68 77 74 1 41 4 13 26 55 9 63 59 28 0 84 21 66 47 78 9 72 10 5 35 18 21 52 2 31 77 77 41 78 78 68 11 21 55 82 
99 45 39 18 16 36 15 46 59 38 69 71 30 79 18 61 64 77 84 0 98 5 99 52 52 23 2 59 62 96 4 15 97 4 74 70 21 65 0 86 73 10 87 79 
33 52 97 94 34 5 9 22 93 14 44 76 6 68 39 44 29 31 21 98 0 10 22 85 64 48 44 37 51 30 6 34 91 58 36 45 18 73 70 89 40 34 90 5 
93 21 39 4 7 82 32 69 48 10 61 4 72 7 63 6 85 67 66 5 10 0 58 59 14 36 53 99 91 36 93 77 45 35 43 66 50 25 15 69 60 60 33 75 
19 53 26 28 30 93 91 43 91 96 53 78 1 77 25 30 53 24 47 99 22 58 0 77 83 80 86 65 36 1 79 62 54 37 15 51 56 22 9 44 86 98 95 9 
84 5 50 28 100 16 0 24 46 47 66 25 78 22 4 87 10 36 78 52 85 59 77 0 15 60 12 44 11 69 21 7 63 79 89 26 73 12 43 9 34 97 54 66 
11 5 84 25 98 93 58 73 31 36 21 59 13 70 67 39 87 24 9 52 64 14 83 15 0 56 37 83 10 50 1 14 82 14 9 6 32 41 90 37 24 34 15 17 
66 79 18 86 19 79 81 47 37 59 71 0 49 32 46 58 36 91 72 23 48 36 80 60 56 0 87 56 59 88 50 59 2 0 78 38 85 29 72 10 67 18 12 33 
100 44 74 78 22 98 9 33 4 80 27 66 90 27 29 83 66 100 10 2 44 53 86 12 37 87 0 97 6 13 93 79 19 48 0 44 78 53 55 51 65 62 15 94 
1 73 62 95 18 7 15 47 32 37 92 93 51 86 22 70 88 97 5 59 37 99 65 44 83 56 97 0 95 8 33 81 91 97 84 83 55 80 19 78 9 47 4 32 
76 27 92 34 59 80 93 74 86 43 81 51 6 64 51 48 78 84 35 62 51 91 36 11 10 59 6 95 0 2 49 55 98 52 67 78 26 77 3 78 94 76 47 87 
96 73 4 96 14 68 84 32 60 13 100 65 77 56 70 33 11 0 18 96 30 36 1 69 50 88 13 8 2 0 2 59 73 54 76 43 37 19 74 94 7 30 24 36 
31 21 83 68 58 93 39 85 21 96 98 92 84 95 99 41 42 87 21 4 6 93 79 21 1 50 93 33 49 2 0 58 9 72 18 54 66 53 25 20 97 94 2 9 
75 83 60 4 35 39 88 53 88 29 42 55 59 92 1 24 38 35 52 15 34 77 62 7 14 59 79 81 55 59 58 0 39 86 75 12 23 54 24 35 52 34 73 17 
80 16 7 10 14 15 8 89 58 92 44 54 68 5 3 98 18 7 2 97 91 45 54 63 82 2 19 91 98 73 9 39 0 87 16 12 16 61 100 10 4 95 97 39 
75 57 31 77 12 64 18 92 22 95 7 50 26 39 99 78 73 99 31 4 58 35 37 79 14 0 48 97 52 54 72 86 87 0 70 85 81 6 46 0 73 96 50 91 
31 78 9 13 99 71 8 37 5 62 58 19 35 74 2 6 52 33 77 74 36 43 15 89 9 78 0 84 67 76 18 75 16 70 0 20 29 12 69 28 85 95 85 64 
20 71 55 28 58 51 17 44 10 83 68 15 97 95 40 37 80 95 77 70 45 66 51 26 6 38 44 83 78 43 54 12 12 85 20 0 19 29 42 78 49 48 41 34 
0 66 97 27 41 88 35 99 65 64 33 99 38 10 3 4 60 99 41 21 18 50 56 73 32 85 78 55 26 37 66 23 16 81 29 19 0 23 79 38 66 46 17 91 
42 46 53 17 32 80 36 99 11 59 56 4 7 38 72 59 83 37 78 65 73 25 22 12 41 29 53 80 77 19 53 54 61 6 12 29 23 0 47 53 34 93 12 97 
61 32 48 26 2 23 15 34 91 15 96 56 80 80 2 52 43 62 78 0 70 15 9 43 90 72 55 19 3 74 25 24 100 46 69 42 79 47 0 7 40 26 14 32 
46 97 43 17 65 17 45 35 45 81 98 6 12 58 74 80 48 18 68 86 89 69 44 9 37 10 51 78 78 94 20 35 10 0 28 78 38 53 7 0 96 92 48 67 
97 60 37 57 59 99 15 12 80 18 86 29 67 18 56 84 29 40 11 73 40 60 86 34 24 67 65 9 94 7 97 52 4 73 85 49 66 34 40 96 0 5 61 86 
29 31 66 34 15 20 94 61 90 22 27 91 93 13 61 26 19 46 21 10 34 60 98 97 34 18 62 47 76 30 94 34 95 96 95 48 46 93 26 92 5 0 6 76 
93 7 73 11 10 93 90 66 68 48 38 64 95 20 31 99 9 10 55 87 90 33 95 54 15 12 15 4 47 24 2 73 97 50 85 41 17 12 14 48 61 6 0 81 
1 43 14 12 34 82 0 38 72 93 1 54 62 95 42 1 17 54 82 79 5 75 9 66 17 33 94 32 87 36 9 17 39 91 64 34 91 97 32 67 86 76 81 0 
RBBBRBBBBRBBBBRBRRRBRRBRBRRBRBRRRBBRRBRBRBRR
