16
0 18 3 82 95 88 75 82 29 38 13 67 58 91 5 16 
18 0 22 84 58 79 62 84 81 29 7 27 43 88 73 62 
3 22 0 55 88 86 31 32 96 75 75 2 28 17 58 93 
82 84 55 0 71 28 69 61 58 16 58 25 87 39 48 7 
95 58 88 71 0 57 76 34 39 19 14 52 59 34 31 23 
88 79 86 28 57 0 49 28 25 9 55 27 47 20 100 24 
75 62 31 69 76 49 0 54 7 16 51 0 38 48 21 99 
82 84 32 61 34 28 54 0 13 59 80 16 26 80 7 34 
29 81 96 58 39 25 7 13 0 96 5 100 18 74 91 96 
38 29 75 16 19 9 16 59 96 0 81 11 57 39 88 6 
13 7 75 58 14 55 51 80 5 81 0 22 51 47 83 65 
67 27 2 25 52 27 0 16 100 11 22 0 79 77 39 45 
58 43 28 87 59 47 38 26 18 57 51 79 0 4 8 97 
91 88 17 39 34 20 48 80 74 39 47 77 4 0 13 52 
5 73 58 48 31 100 21 7 91 88 83 39 8 13 0 97 
16 62 93 7 23 24 99 34 96 6 65 45 97 52 97 0 
RBBBRBRRRBRBBBRR
