34
0 44 4 7 63 94 84 0 61 7 98 29 39 35 83 12 87 11 23 13 41 98 5 45 15 85 44 66 39 20 76 65 61 58 
44 0 13 35 2 86 17 15 67 57 68 27 36 10 93 84 44 76 53 67 39 16 63 66 62 48 29 66 41 70 92 51 19 12 
4 13 0 53 90 88 61 79 47 36 43 10 35 24 94 37 14 78 79 25 56 79 13 43 65 80 22 28 48 53 71 53 51 63 
7 35 53 0 12 54 93 30 96 85 50 89 29 67 93 17 69 100 29 10 91 6 16 28 27 22 92 85 3 27 79 29 8 59 
63 2 90 12 0 49 21 88 32 54 3 2 75 63 13 14 64 81 65 24 84 100 50 34 63 53 68 81 20 93 62 70 43 0 
94 86 88 54 49 0 32 36 33 97 70 74 53 53 99 65 2 53 57 50 75 54 46 26 39 20 19 50 68 79 59 77 26 94 
84 17 61 93 21 32 0 26 34 62 1 86 5 49 51 37 3 17 56 85 78 21 2 85 92 94 87 57 90 73 52 83 14 14 
0 15 79 30 88 36 26 0 91 44 94 0 19 83 2 87 76 33 100 76 96 46 40 62 50 93 52 37 63 12 3 43 90 27 
61 67 47 96 32 33 34 91 0 32 62 63 5 23 98 2 68 6 85 34 38 34 3 44 60 26 67 44 38 66 14 64 37 15 
7 57 36 85 54 97 62 44 32 0 54 61 31 83 22 58 30 6 39 67 86 45 87 90 19 54 55 54 53 64 5 77 8 0 
98 68 43 50 3 70 1 94 62 54 0 73 74 31 28 75 51 61 15 13 44 31 22 31 97 73 51 92 85 9 54 100 52 63 
29 27 10 89 2 74 86 0 63 61 73 0 97 44 73 78 81 40 24 2 99 17 51 95 92 9 51 92 61 58 89 93 58 24 
39 36 35 29 75 53 5 19 5 31 74 97 0 25 30 73 33 78 60 42 15 73 31 37 98 79 100 100 17 78 22 5 94 21 
35 10 24 67 63 53 49 83 23 83 31 44 25 0 44 88 47 45 75 97 74 45 75 31 16 64 2 43 78 5 92 61 49 12 
83 93 94 93 13 99 51 2 98 22 28 73 30 44 0 74 19 90 98 69 45 46 92 15 72 46 80 54 31 98 65 39 2 88 
12 84 37 17 14 65 37 87 2 58 75 78 73 88 74 0 4 82 83 25 14 33 13 4 16 51 76 17 98 0 25 8 58 27 
87 44 14 69 64 2 3 76 68 30 51 81 33 47 19 4 0 64 74 60 10 20 59 23 53 92 41 11 61 64 51 83 24 1 
11 76 78 100 81 53 17 33 6 6 61 40 78 45 90 82 64 0 22 14 65 0 0 94 64 78 47 100 76 23 37 4 71 28 
23 53 79 29 65 57 56 100 85 39 15 24 60 75 98 83 74 22 0 89 11 44 64 66 50 62 10 66 69 93 37 69 50 61 
13 67 25 10 24 50 85 76 34 67 13 2 42 97 69 25 60 14 89 0 1 19 83 33 55 31 76 6 36 67 54 10 49 65 
41 39 56 91 84 75 78 96 38 86 44 99 15 74 45 14 10 65 11 1 0 61 84 97 39 51 62 32 20 66 40 42 59 38 
98 16 79 6 100 54 21 46 34 45 31 17 73 45 46 33 20 0 44 19 61 0 32 49 31 40 8 41 37 21 60 7 1 50 
5 63 13 16 50 46 2 40 3 87 22 51 31 75 92 13 59 0 64 83 84 32 0 31 75 41 61 6 47 10 19 21 91 14 
45 66 43 28 34 26 85 62 44 90 31 95 37 31 15 4 23 94 66 33 97 49 31 0 24 64 65 55 3 4 79 23 99 57 
15 62 65 27 63 39 92 50 60 19 97 92 98 16 72 16 53 64 50 55 39 31 75 24 0 99 74 96 60 13 76 51 93 92 
85 48 80 22 53 20 94 93 26 54 73 9 79 64 46 51 92 78 62 31 51 40 41 64 99 0 13 91 4 40 90 99 20 4 
44 29 22 92 68 19 87 52 67 55 51 51 100 2 80 76 41 47 10 76 62 8 61 65 74 13 0 2 41 75 2 82 39 80 
66 66 28 85 81 50 57 37 44 54 92 92 100 43 54 17 11 100 66 6 32 41 6 55 96 91 2 0 82 99 28 58 23 3 
39 41 48 3 20 68 90 63 38 53 85 61 17 78 31 98 61 76 69 36 20 37 47 3 60 4 41 82 0 88 93 64 62 98 
20 70 53 27 93 79 73 12 66 64 9 58 78 5 98 0 64 23 93 67 66 21 10 4 13 40 75 99 88 0 19 19 77 18 
76 92 71 79 62 59 52 3 14 5 54 89 22 92 65 25 51 37 37 54 40 60 19 79 76 90 2 28 93 19 0 21 54 74 
65 51 53 29 70 77 83 43 64 77 100 93 5 61 39 8 83 4 69 10 42 7 21 23 51 99 82 58 64 19 21 0 59 36 
61 19 51 8 43 26 14 90 37 8 52 58 94 49 2 58 24 71 50 49 59 1 91 99 93 20 39 23 62 77 54 59 0 77 
58 12 63 59 0 94 14 27 15 0 63 24 21 12 88 27 1 28 61 65 38 50 14 57 92 4 80 3 98 18 74 36 77 0 
RRBBRRRRRRBRRBRRBRRBBBRBBBBBBRBRBB
