42
0 100 29 51 87 66 19 10 65 87 75 69 22 80 87 40 45 59 20 76 59 0 72 50 80 0 21 14 77 20 21 37 77 70 17 88 68 79 69 47 22 95 
100 0 19 41 87 100 6 81 26 27 48 11 43 15 80 93 53 61 50 15 67 84 21 24 53 68 53 19 80 26 95 44 78 26 47 0 43 39 59 41 97 89 
29 19 0 83 99 61 96 96 65 21 5 93 59 91 82 86 81 11 17 55 18 70 70 62 17 80 14 100 41 17 26 91 48 0 2 81 10 29 66 74 82 94 
51 41 83 0 23 68 46 16 83 19 17 31 78 70 90 60 34 9 62 82 14 11 34 34 13 48 37 71 54 68 95 32 81 9 53 62 31 30 66 43 1 99 
87 87 99 23 0 99 53 30 24 12 32 4 73 12 77 100 96 40 41 80 17 47 60 58 90 53 41 56 93 65 37 44 55 67 1 8 0 65 28 17 39 78 
66 100 61 68 99 0 41 69 58 89 19 43 71 43 57 29 65 77 9 62 24 9 19 45 89 70 95 5 64 41 6 15 61 22 69 71 69 5 91 63 50 22 
19 6 96 46 53 41 0 1 88 71 51 65 1 83 60 5 0 1 95 54 34 88 96 46 67 50 45 44 72 84 62 38 90 88 63 41 94 24 28 46 24 66 
10 81 96 16 30 69 1 0 48 58 16 97 55 50 67 5 43 91 85 44 12 14 77 52 94 55 47 60 64 71 32 40 52 10 95 80 14 77 20 5 10 25 
65 26 65 83 24 58 88 48 0 92 76 93 69 81 18 22 16 89 11 14 73 26 55 61 77 61 71 85 73 83 11 48 27 4 82 57 92 88 88 57 94 50 
87 27 21 19 12 89 71 58 92 0 45 12 67 70 99 12 35 45 92 48 79 82 56 5 87 8 58 65 3 0 69 50 37 5 5 74 61 65 74 2 17 56 
75 48 5 17 32 19 51 16 76 45 0 42 4 96 60 73 58 31 58 8 79 31 76 17 39 6 96 34 0 52 53 21 79 58 32 44 56 68 71 61 58 31 
69 11 93 31 4 43 65 97 93 12 42 0 7 54 37 5 93 79 9 52 59 49 79 29 53 30 95 11 39 16 18 91 10 25 18 48 73 53 43 51 99 39 
22 43 59 78 73 71 1 55 69 67 4 7 0 9 73 100 91 88 94 2 98 44 46 85 16 83 14 2 19 39 11 43 86 48 14 59 66 100 11 55 15 83 
80 15 91 70 12 43 83 50 81 70 96 54 9 0 77 0 84 59 33 64 88 69 41 67 84 0 88 60 97 26 30 15 74 13 71 79 69 95 18 74 85 39 
87 80 82 90 77 57 60 67 18 99 60 37 73 77 0 36 84 79 55 33 90 38 96 25 38 65 18 60 25 11 27 62 9 95 94 89 34 97 44 13 77 40 
40 93 86 60 100 29 5 5 22 12 73 5 100 0 36 0 48 23 70 85 6 74 93 44 78 23 22 18 68 50 61 65 87 78 69 60 56 53 52 94 87 39 
45 53 81 34 96 65 0 43 16 35 58 93 91 84 84 48 0 87 22 83 72 50 54 74 96 17 62 34 18 44 30 84 58 13 24 30 54 99 68 6 86 19 
59 61 11 9 40 77 1 91 89 45 31 79 88 59 79 23 87 0 30 21 4 7 66 86 14 31 27 99 26 96 99 49 3 80 47 41 81 100 28 10 15 25 
20 50 17 62 41 9 95 85 11 92 58 9 94 33 55 70 22 30 0 56 84 54 98 89 96 75 68 2 23 83 26 99 38 23 64 95 42 63 59 23 55 75 
76 15 55 82 80 62 54 44 14 48 8 52 2 64 33 85 83 21 56 0 62 20 88 69 42 97 38 66 40 81 11 9 9 23 46 78 97 22 59 63 71 94 
59 67 18 14 17 24 34 12 73 79 79 59 98 88 90 6 72 4 84 62 0 95 19 35 79 47 14 8 26 40 40 87 15 18 93 51 0 1 42 78 77 26 
0 84 70 11 47 9 88 14 26 82 31 49 44 69 38 74 50 7 54 20 95 0 13 80 44 22 65 52 44 7 25 41 15 35 16 98 7 4 13 36 24 63 
72 21 70 34 60 19 96 77 55 56 76 79 46 41 96 93 54 66 98 88 19 13 0 59 10 72 23 3 10 11 49 100 62 26 6 99 93 85 5 52 71 62 
50 24 62 34 58 45 46 52 61 5 17 29 85 67 25 44 74 86 89 69 35 80 59 0 4 59 57 97 70 52 25 42 49 45 25 94 30 96 28 95 21 21 
80 53 17 13 90 89 67 94 77 87 39 53 16 84 38 78 96 14 96 42 79 44 10 4 0 96 82 48 2 52 74 5 51 60 83 30 17 82 44 100 1 37 
0 68 80 48 53 70 50 55 61 8 6 30 83 0 65 23 17 31 75 97 47 22 72 59 96 0 91 81 91 31 13 84 77 83 36 21 12 9 4 47 67 6 
21 53 14 37 41 95 45 47 71 58 96 95 14 88 18 22 62 27 68 38 14 65 23 57 82 91 0 71 43 74 86 3 86 4 4 39 37 18 14 99 72 95 
14 19 100 71 56 5 44 60 85 65 34 11 2 60 60 18 34 99 2 66 8 52 3 97 48 81 71 0 98 57 82 46 93 68 63 13 95 68 100 35 25 49 
77 80 41 54 93 64 72 64 73 3 0 39 19 97 25 68 18 26 23 40 26 44 10 70 2 91 43 98 0 27 73 30 24 62 50 90 53 9 91 61 20 98 
20 26 17 68 65 41 84 71 83 0 52 16 39 26 11 50 44 96 83 81 40 7 11 52 52 31 74 57 27 0 88 64 49 86 41 81 81 42 39 69 74 79 
21 95 26 95 37 6 62 32 11 69 53 18 11 30 27 61 30 99 26 11 40 25 49 25 74 13 86 82 73 88 0 7 15 48 31 27 68 81 69 23 21 35 
37 44 91 32 44 15 38 40 48 50 21 91 43 15 62 65 84 49 99 9 87 41 100 42 5 84 3 46 30 64 7 0 87 40 40 9 64 30 39 79 39 35 
77 78 48 81 55 61 90 52 27 37 79 10 86 74 9 87 58 3 38 9 15 15 62 49 51 77 86 93 24 49 15 87 0 49 43 33 4 32 41 93 35 7 
70 26 0 9 67 22 88 10 4 5 58 25 48 13 95 78 13 80 23 23 18 35 26 45 60 83 4 68 62 86 48 40 49 0 25 92 86 66 96 10 70 43 
17 47 2 53 1 69 63 95 82 5 32 18 14 71 94 69 24 47 64 46 93 16 6 25 83 36 4 63 50 41 31 40 43 25 0 77 30 46 8 53 73 22 
88 0 81 62 8 71 41 80 57 74 44 48 59 79 89 60 30 41 95 78 51 98 99 94 30 21 39 13 90 81 27 9 33 92 77 0 85 43 56 2 15 21 
68 43 10 31 0 69 94 14 92 61 56 73 66 69 34 56 54 81 42 97 0 7 93 30 17 12 37 95 53 81 68 64 4 86 30 85 0 41 35 32 60 61 
79 39 29 30 65 5 24 77 88 65 68 53 100 95 97 53 99 100 63 22 1 4 85 96 82 9 18 68 9 42 81 30 32 66 46 43 41 0 20 77 1 48 
69 59 66 66 28 91 28 20 88 74 71 43 11 18 44 52 68 28 59 59 42 13 5 28 44 4 14 100 91 39 69 39 41 96 8 56 35 20 0 78 67 44 
47 41 74 43 17 63 46 5 57 2 61 51 55 74 13 94 6 10 23 63 78 36 52 95 100 47 99 35 61 69 23 79 93 10 53 2 32 77 78 0 29 58 
22 97 82 1 39 50 24 10 94 17 58 99 15 85 77 87 86 15 55 71 77 24 71 21 1 67 72 25 20 74 21 39 35 70 73 15 60 1 67 29 0 46 
95 89 94 99 78 22 66 25 50 56 31 39 83 39 40 39 19 25 75 94 26 63 62 21 37 6 95 49 98 79 35 35 7 43 22 21 61 48 44 58 46 0 
BRRRRRRRRBBRBBRRBRBBBBRBRBRBBBRBRBRBRRRBBB
