38
0 92 98 92 15 22 72 20 50 25 91 49 3 18 8 3 62 17 63 38 16 1 7 58 6 27 54 41 0 55 62 91 79 100 10 32 82 28 
92 0 0 91 19 39 2 53 27 22 45 43 42 47 0 5 26 74 36 23 98 46 96 22 42 29 80 68 37 88 1 98 55 1 75 11 17 24 
98 0 0 54 62 48 81 92 96 56 31 10 48 17 76 15 13 70 38 65 49 16 55 78 44 82 41 42 21 25 79 23 77 22 17 22 69 91 
92 91 54 0 60 59 20 48 26 14 23 99 75 53 10 4 67 33 78 85 61 61 40 92 38 95 54 42 46 100 49 65 95 35 26 22 72 77 
15 19 62 60 0 86 39 64 34 31 27 50 94 69 24 15 50 42 33 33 56 94 83 77 53 81 95 69 17 100 28 36 24 91 53 100 83 54 
22 39 48 59 86 0 69 61 28 52 93 55 77 26 100 76 54 23 62 28 51 57 89 71 90 50 12 3 18 23 75 65 67 14 78 19 21 16 
72 2 81 20 39 69 0 4 8 85 40 32 66 95 78 8 82 8 65 6 22 22 28 51 51 15 65 33 53 58 33 93 49 63 20 53 40 4 
20 53 92 48 64 61 4 0 48 29 50 46 12 91 67 49 47 57 46 25 79 78 76 75 40 94 20 95 11 21 41 38 3 32 34 50 96 81 
50 27 96 26 34 28 8 48 0 73 51 1 14 86 94 31 62 18 42 86 62 9 19 4 48 75 91 62 32 38 18 86 86 91 52 64 78 34 
25 22 56 14 31 52 85 29 73 0 39 96 86 84 87 45 13 60 72 0 37 26 74 74 43 70 18 85 80 43 40 1 45 32 86 31 1 37 
91 45 31 23 27 93 40 50 51 39 0 76 40 78 5 78 39 17 23 19 23 53 8 31 2 34 68 90 58 49 36 93 58 26 5 16 0 97 
49 43 10 99 50 55 32 46 1 96 76 0 1 50 84 78 63 98 14 63 62 9 16 68 62 14 16 45 29 82 27 79 37 20 54 18 72 28 
3 42 48 75 94 77 66 12 14 86 40 1 0 88 30 77 66 7 45 35 42 36 86 4 89 47 83 14 96 38 94 28 54 29 10 7 39 71 
18 47 17 53 69 26 95 91 86 84 78 50 88 0 22 60 80 26 24 48 71 44 97 50 20 24 49 24 10 49 6 10 89 6 69 53 26 64 
8 0 76 10 24 100 78 67 94 87 5 84 30 22 0 71 15 98 26 21 59 68 11 41 52 12 43 2 92 28 24 56 40 96 72 31 82 23 
3 5 15 4 15 76 8 49 31 45 78 78 77 60 71 0 46 10 36 59 95 89 42 86 91 77 14 23 7 93 67 81 0 46 78 22 1 86 
62 26 13 67 50 54 82 47 62 13 39 63 66 80 15 46 0 39 83 66 77 32 77 1 100 84 75 69 45 17 66 61 67 24 59 17 98 99 
17 74 70 33 42 23 8 57 18 60 17 98 7 26 98 10 39 0 44 97 53 51 18 8 60 45 47 13 12 65 52 9 57 70 90 24 22 46 
63 36 38 78 33 62 65 46 42 72 23 14 45 24 26 36 83 44 0 85 61 35 50 5 42 26 71 68 76 20 68 74 87 93 31 40 70 17 
38 23 65 85 33 28 6 25 86 0 19 63 35 48 21 59 66 97 85 0 43 95 45 98 63 95 26 27 71 4 40 33 3 96 45 60 39 46 
16 98 49 61 56 51 22 79 62 37 23 62 42 71 59 95 77 53 61 43 0 2 46 79 33 91 47 54 55 55 54 87 98 100 85 43 92 57 
1 46 16 61 94 57 22 78 9 26 53 9 36 44 68 89 32 51 35 95 2 0 20 28 60 51 97 21 87 99 10 86 46 14 22 7 26 82 
7 96 55 40 83 89 28 76 19 74 8 16 86 97 11 42 77 18 50 45 46 20 0 46 53 69 43 42 24 22 8 14 12 47 39 71 57 80 
58 22 78 92 77 71 51 75 4 74 31 68 4 50 41 86 1 8 5 98 79 28 46 0 46 8 10 95 26 45 49 91 97 23 14 20 45 94 
6 42 44 38 53 90 51 40 48 43 2 62 89 20 52 91 100 60 42 63 33 60 53 46 0 58 75 57 29 52 17 100 94 76 93 88 3 34 
27 29 82 95 81 50 15 94 75 70 34 14 47 24 12 77 84 45 26 95 91 51 69 8 58 0 85 15 91 2 89 60 82 11 65 0 93 95 
54 80 41 54 95 12 65 20 91 18 68 16 83 49 43 14 75 47 71 26 47 97 43 10 75 85 0 18 31 43 65 51 11 85 52 38 61 82 
41 68 42 42 69 3 33 95 62 85 90 45 14 24 2 23 69 13 68 27 54 21 42 95 57 15 18 0 11 66 28 30 43 37 77 98 15 7 
0 37 21 46 17 18 53 11 32 80 58 29 96 10 92 7 45 12 76 71 55 87 24 26 29 91 31 11 0 34 11 37 57 97 49 17 71 34 
55 88 25 100 100 23 58 21 38 43 49 82 38 49 28 93 17 65 20 4 55 99 22 45 52 2 43 66 34 0 75 19 99 8 19 90 11 70 
62 1 79 49 28 75 33 41 18 40 36 27 94 6 24 67 66 52 68 40 54 10 8 49 17 89 65 28 11 75 0 6 67 19 48 33 40 98 
91 98 23 65 36 65 93 38 86 1 93 79 28 10 56 81 61 9 74 33 87 86 14 91 100 60 51 30 37 19 6 0 4 17 22 49 17 49 
79 55 77 95 24 67 49 3 86 45 58 37 54 89 40 0 67 57 87 3 98 46 12 97 94 82 11 43 57 99 67 4 0 50 96 22 95 94 
100 1 22 35 91 14 63 32 91 32 26 20 29 6 96 46 24 70 93 96 100 14 47 23 76 11 85 37 97 8 19 17 50 0 47 52 50 60 
10 75 17 26 53 78 20 34 52 86 5 54 10 69 72 78 59 90 31 45 85 22 39 14 93 65 52 77 49 19 48 22 96 47 0 95 11 20 
32 11 22 22 100 19 53 50 64 31 16 18 7 53 31 22 17 24 40 60 43 7 71 20 88 0 38 98 17 90 33 49 22 52 95 0 35 58 
82 17 69 72 83 21 40 96 78 1 0 72 39 26 82 1 98 22 70 39 92 26 57 45 3 93 61 15 71 11 40 17 95 50 11 35 0 41 
28 24 91 77 54 16 4 81 34 37 97 28 71 64 23 86 99 46 17 46 57 82 80 94 34 95 82 7 34 70 98 49 94 60 20 58 41 0 
RRRBBRBBRBBRRBRBBRBRBRBRBRBRRRBRRBBBBR
