50
0 51 98 83 23 56 49 31 6 95 51 6 85 13 76 2 6 40 97 40 81 22 76 1 73 15 17 6 49 21 39 71 57 77 54 42 23 0 76 56 99 93 56 41 61 15 47 56 8 35 
51 0 10 60 5 19 35 79 90 54 37 76 77 66 33 2 10 74 49 71 89 73 68 39 74 14 79 54 7 65 14 34 55 61 60 42 100 77 70 66 8 4 50 33 94 21 18 3 0 32 
98 10 0 54 35 27 87 37 34 30 89 88 93 96 18 47 47 12 8 85 21 23 12 87 3 92 23 26 4 66 23 37 77 99 76 19 28 24 15 79 75 87 69 69 79 82 71 13 78 63 
83 60 54 0 46 29 74 68 43 99 88 16 63 91 35 32 99 88 91 89 73 47 61 22 28 18 69 26 98 2 32 67 15 71 18 82 93 6 72 0 67 92 26 33 24 16 7 72 65 89 
23 5 35 46 0 21 76 100 52 73 75 10 80 84 33 68 70 45 10 33 40 36 99 94 0 63 35 9 98 43 42 23 95 73 83 36 74 4 0 17 77 50 67 50 83 23 92 28 77 35 
56 19 27 29 21 0 14 30 87 56 5 17 15 41 39 29 44 9 19 89 75 9 44 34 0 1 9 80 92 87 72 82 32 20 72 22 81 73 11 85 94 2 18 0 0 51 72 83 15 6 
49 35 87 74 76 14 0 62 60 87 56 92 44 19 80 54 57 43 55 36 32 21 92 92 39 13 88 49 26 37 81 45 69 42 64 79 77 24 17 81 81 49 57 99 41 93 57 94 65 39 
31 79 37 68 100 30 62 0 48 37 39 85 2 76 62 27 96 13 23 26 10 70 16 2 14 29 36 10 77 22 29 61 74 72 73 29 21 98 80 38 74 25 8 23 93 64 15 17 24 6 
6 90 34 43 52 87 60 48 0 59 43 70 94 100 62 44 89 40 71 24 25 69 27 51 80 43 36 47 2 30 80 41 82 13 31 82 99 31 41 69 64 39 47 90 43 67 90 3 36 44 
95 54 30 99 73 56 87 37 59 0 98 59 25 21 81 51 71 42 3 51 0 56 93 46 21 12 24 19 25 40 90 49 17 97 74 9 67 54 92 97 13 8 47 19 70 1 64 39 28 14 
51 37 89 88 75 5 56 39 43 98 0 34 69 28 62 52 27 97 6 42 94 51 30 4 59 18 33 10 79 95 50 25 93 11 29 56 17 58 31 60 85 72 26 39 70 71 76 87 68 94 
6 76 88 16 10 17 92 85 70 59 34 0 29 65 46 18 82 52 81 65 34 21 64 8 31 56 52 83 25 98 43 60 67 81 33 81 62 70 14 57 20 90 33 98 62 93 72 97 79 36 
85 77 93 63 80 15 44 2 94 25 69 29 0 49 1 6 86 42 51 30 95 7 66 61 100 11 37 63 73 71 86 75 67 29 89 41 19 10 49 24 64 83 71 84 4 33 53 56 62 22 
13 66 96 91 84 41 19 76 100 21 28 65 49 0 86 3 24 65 49 7 97 80 81 84 79 0 95 53 87 7 52 31 17 65 38 80 3 44 1 74 38 11 60 34 11 52 98 64 54 42 
76 33 18 35 33 39 80 62 62 81 62 46 1 86 0 10 100 25 96 94 21 8 54 83 62 96 43 80 70 89 77 28 24 57 25 70 95 29 18 3 100 16 98 68 52 48 86 38 37 47 
2 2 47 32 68 29 54 27 44 51 52 18 6 3 10 0 39 86 26 79 89 39 16 83 64 70 0 56 94 48 46 55 95 49 45 36 3 72 90 98 81 73 97 23 92 41 88 14 16 80 
6 10 47 99 70 44 57 96 89 71 27 82 86 24 100 39 0 16 39 6 33 7 8 34 53 14 21 96 37 35 42 13 35 2 45 29 78 73 98 20 24 83 20 4 49 8 84 45 32 26 
40 74 12 88 45 9 43 13 40 42 97 52 42 65 25 86 16 0 11 48 92 52 92 68 98 65 87 34 5 80 79 71 87 55 2 3 67 16 17 32 6 11 28 82 94 39 98 3 47 24 
97 49 8 91 10 19 55 23 71 3 6 81 51 49 96 26 39 11 0 53 28 29 70 36 2 66 19 46 74 39 90 64 65 70 20 37 25 40 87 78 100 21 28 26 20 50 0 66 80 36 
40 71 85 89 33 89 36 26 24 51 42 65 30 7 94 79 6 48 53 0 80 2 52 38 12 3 23 99 92 11 50 49 32 29 72 23 86 45 4 50 58 27 59 70 35 91 31 85 83 0 
81 89 21 73 40 75 32 10 25 0 94 34 95 97 21 89 33 92 28 80 0 77 58 16 51 28 91 90 17 38 91 25 90 76 83 43 10 81 57 36 39 11 82 84 68 14 32 47 9 52 
22 73 23 47 36 9 21 70 69 56 51 21 7 80 8 39 7 52 29 2 77 0 29 4 96 25 50 18 99 31 58 44 59 95 70 2 72 26 91 8 10 9 44 27 11 69 74 77 49 14 
76 68 12 61 99 44 92 16 27 93 30 64 66 81 54 16 8 92 70 52 58 29 0 56 73 17 100 29 55 92 23 40 84 45 82 4 58 38 77 66 72 42 2 64 34 46 98 63 100 22 
1 39 87 22 94 34 92 2 51 46 4 8 61 84 83 83 34 68 36 38 16 4 56 0 55 35 1 3 7 4 96 21 61 49 19 10 73 15 17 95 55 96 9 97 42 30 14 13 11 34 
73 74 3 28 0 0 39 14 80 21 59 31 100 79 62 64 53 98 2 12 51 96 73 55 0 57 56 55 48 18 23 44 66 84 99 66 74 57 39 86 7 8 53 80 17 46 85 27 27 26 
15 14 92 18 63 1 13 29 43 12 18 56 11 0 96 70 14 65 66 3 28 25 17 35 57 0 50 7 83 93 18 67 44 23 15 13 3 81 61 38 16 42 83 29 24 0 80 71 74 98 
17 79 23 69 35 9 88 36 36 24 33 52 37 95 43 0 21 87 19 23 91 50 100 1 56 50 0 53 38 63 89 52 44 8 66 37 78 21 45 30 57 87 55 79 36 24 89 49 1 54 
6 54 26 26 9 80 49 10 47 19 10 83 63 53 80 56 96 34 46 99 90 18 29 3 55 7 53 0 99 37 68 60 45 83 35 45 5 90 33 67 100 66 91 93 8 81 97 5 71 73 
49 7 4 98 98 92 26 77 2 25 79 25 73 87 70 94 37 5 74 92 17 99 55 7 48 83 38 99 0 10 32 49 14 94 50 27 68 5 83 20 91 34 42 55 31 35 70 65 18 84 
21 65 66 2 43 87 37 22 30 40 95 98 71 7 89 48 35 80 39 11 38 31 92 4 18 93 63 37 10 0 68 82 14 23 99 19 5 65 93 35 4 9 70 67 31 98 80 15 88 3 
39 14 23 32 42 72 81 29 80 90 50 43 86 52 77 46 42 79 90 50 91 58 23 96 23 18 89 68 32 68 0 52 79 25 46 58 18 41 84 40 1 36 89 28 91 51 38 47 97 52 
71 34 37 67 23 82 45 61 41 49 25 60 75 31 28 55 13 71 64 49 25 44 40 21 44 67 52 60 49 82 52 0 79 0 23 66 69 18 3 100 99 0 21 7 2 90 60 83 15 82 
57 55 77 15 95 32 69 74 82 17 93 67 67 17 24 95 35 87 65 32 90 59 84 61 66 44 44 45 14 14 79 79 0 80 36 53 7 1 9 4 15 16 73 62 3 75 82 86 76 64 
77 61 99 71 73 20 42 72 13 97 11 81 29 65 57 49 2 55 70 29 76 95 45 49 84 23 8 83 94 23 25 0 80 0 1 27 45 64 92 18 18 71 78 86 44 4 75 58 75 98 
54 60 76 18 83 72 64 73 31 74 29 33 89 38 25 45 45 2 20 72 83 70 82 19 99 15 66 35 50 99 46 23 36 1 0 46 72 89 94 5 81 87 36 51 32 72 18 87 30 16 
42 42 19 82 36 22 79 29 82 9 56 81 41 80 70 36 29 3 37 23 43 2 4 10 66 13 37 45 27 19 58 66 53 27 46 0 78 10 41 66 79 83 8 88 45 12 24 28 15 67 
23 100 28 93 74 81 77 21 99 67 17 62 19 3 95 3 78 67 25 86 10 72 58 73 74 3 78 5 68 5 18 69 7 45 72 78 0 1 1 31 62 41 28 10 8 32 66 61 56 38 
0 77 24 6 4 73 24 98 31 54 58 70 10 44 29 72 73 16 40 45 81 26 38 15 57 81 21 90 5 65 41 18 1 64 89 10 1 0 26 89 31 14 3 79 80 22 19 16 8 85 
76 70 15 72 0 11 17 80 41 92 31 14 49 1 18 90 98 17 87 4 57 91 77 17 39 61 45 33 83 93 84 3 9 92 94 41 1 26 0 30 39 58 39 43 43 69 93 33 67 6 
56 66 79 0 17 85 81 38 69 97 60 57 24 74 3 98 20 32 78 50 36 8 66 95 86 38 30 67 20 35 40 100 4 18 5 66 31 89 30 0 46 33 24 74 68 12 11 70 92 48 
99 8 75 67 77 94 81 74 64 13 85 20 64 38 100 81 24 6 100 58 39 10 72 55 7 16 57 100 91 4 1 99 15 18 81 79 62 31 39 46 0 71 77 22 44 90 4 19 76 92 
93 4 87 92 50 2 49 25 39 8 72 90 83 11 16 73 83 11 21 27 11 9 42 96 8 42 87 66 34 9 36 0 16 71 87 83 41 14 58 33 71 0 100 36 24 58 47 8 36 25 
56 50 69 26 67 18 57 8 47 47 26 33 71 60 98 97 20 28 28 59 82 44 2 9 53 83 55 91 42 70 89 21 73 78 36 8 28 3 39 24 77 100 0 66 75 11 74 37 75 94 
41 33 69 33 50 0 99 23 90 19 39 98 84 34 68 23 4 82 26 70 84 27 64 97 80 29 79 93 55 67 28 7 62 86 51 88 10 79 43 74 22 36 66 0 45 16 37 31 21 26 
61 94 79 24 83 0 41 93 43 70 70 62 4 11 52 92 49 94 20 35 68 11 34 42 17 24 36 8 31 31 91 2 3 44 32 45 8 80 43 68 44 24 75 45 0 51 29 60 36 56 
15 21 82 16 23 51 93 64 67 1 71 93 33 52 48 41 8 39 50 91 14 69 46 30 46 0 24 81 35 98 51 90 75 4 72 12 32 22 69 12 90 58 11 16 51 0 74 55 56 74 
47 18 71 7 92 72 57 15 90 64 76 72 53 98 86 88 84 98 0 31 32 74 98 14 85 80 89 97 70 80 38 60 82 75 18 24 66 19 93 11 4 47 74 37 29 74 0 43 0 5 
56 3 13 72 28 83 94 17 3 39 87 97 56 64 38 14 45 3 66 85 47 77 63 13 27 71 49 5 65 15 47 83 86 58 87 28 61 16 33 70 19 8 37 31 60 55 43 0 76 2 
8 0 78 65 77 15 65 24 36 28 68 79 62 54 37 16 32 47 80 83 9 49 100 11 27 74 1 71 18 88 97 15 76 75 30 15 56 8 67 92 76 36 75 21 36 56 0 76 0 93 
35 32 63 89 35 6 39 6 44 14 94 36 22 42 47 80 26 24 36 0 52 14 22 34 26 98 54 73 84 3 52 82 64 98 16 67 38 85 6 48 92 25 94 26 56 74 5 2 93 0 
RBBBBBBBRBBBBRRRBRRBBBRBRBRRRRRBBBRRRRBRRRRBBRBRBR
