16
0 73 97 48 28 31 49 41 14 40 51 60 43 82 18 38 
73 0 17 85 44 82 43 55 61 53 38 7 98 79 48 14 
97 17 0 78 71 59 65 82 61 54 89 0 95 56 80 14 
48 85 78 0 27 65 36 98 78 89 47 32 25 24 44 85 
28 44 71 27 0 62 16 29 75 19 48 26 20 45 57 32 
31 82 59 65 62 0 63 2 1 79 35 20 39 16 52 20 
49 43 65 36 16 63 0 79 73 45 57 13 58 72 32 73 
41 55 82 98 29 2 79 0 91 16 28 30 56 49 18 31 
14 61 61 78 75 1 73 91 0 26 52 39 3 27 92 41 
40 53 54 89 19 79 45 16 26 0 21 2 23 32 30 27 
51 38 89 47 48 35 57 28 52 21 0 52 11 42 15 95 
60 7 0 32 26 20 13 30 39 2 52 0 81 21 20 28 
43 98 95 25 20 39 58 56 3 23 11 81 0 25 75 12 
82 79 56 24 45 16 72 49 27 32 42 21 25 0 36 12 
18 48 80 44 57 52 32 18 92 30 15 20 75 36 0 10 
38 14 14 85 32 20 73 31 41 27 95 28 12 12 10 0 
BBBRBBRBRRBBRRRR
