48
0 4 93 51 62 72 52 6 68 57 63 19 85 69 96 35 78 54 86 49 66 4 88 52 19 16 99 93 19 55 73 56 86 57 12 38 19 43 64 69 71 62 33 70 32 29 55 51 
4 0 29 7 91 48 99 99 81 93 53 38 96 83 19 47 61 84 5 43 39 64 48 86 80 92 2 32 60 28 70 34 34 92 44 35 83 26 100 95 13 96 38 42 29 49 92 100 
93 29 0 7 78 71 65 15 33 85 70 49 55 54 51 48 31 80 29 86 10 40 44 72 25 53 3 99 39 77 84 36 29 20 20 26 44 88 34 59 35 98 29 58 37 44 52 5 
51 7 7 0 13 63 13 61 43 52 98 23 59 58 76 13 34 45 75 36 15 36 82 51 96 87 42 56 70 49 89 54 82 55 60 63 23 99 65 7 52 7 12 47 34 90 88 49 
62 91 78 13 0 60 53 46 73 97 42 46 55 62 26 1 95 92 65 68 58 67 77 19 73 9 68 63 87 94 65 87 64 63 81 13 27 47 45 20 75 40 7 60 2 100 0 89 
72 48 71 63 60 0 34 76 29 36 34 32 69 75 2 83 2 70 85 34 35 82 23 86 33 67 59 37 68 42 61 53 0 85 33 22 58 56 38 62 18 1 60 11 84 81 3 59 
52 99 65 13 53 34 0 100 31 47 74 13 86 64 9 10 75 72 45 43 83 69 98 77 13 98 25 93 16 86 37 76 30 59 23 65 22 47 4 90 66 81 46 52 92 27 28 41 
6 99 15 61 46 76 100 0 4 94 58 49 100 42 52 11 9 41 63 22 96 9 27 76 29 60 19 59 78 70 75 81 60 72 16 88 71 81 81 52 98 32 47 85 46 3 61 66 
68 81 33 43 73 29 31 4 0 0 28 81 78 36 54 100 32 38 59 19 48 80 39 55 14 72 60 53 47 35 84 71 19 58 79 80 0 85 34 12 66 48 74 8 79 39 53 72 
57 93 85 52 97 36 47 94 0 0 62 32 75 15 30 1 68 43 70 4 59 27 37 19 45 44 88 56 15 59 12 36 72 8 45 26 21 98 58 23 96 25 27 12 43 44 55 64 
63 53 70 98 42 34 74 58 28 62 0 7 54 25 96 53 11 81 86 77 80 100 38 76 49 37 37 86 52 8 37 7 17 51 43 27 96 80 48 65 83 100 26 86 49 2 55 84 
19 38 49 23 46 32 13 49 81 32 7 0 44 88 5 65 39 59 35 46 25 13 73 2 66 50 44 26 1 26 84 99 17 46 100 5 86 58 5 71 87 49 84 8 30 34 53 95 
85 96 55 59 55 69 86 100 78 75 54 44 0 12 28 7 47 88 52 25 74 96 9 70 65 68 90 3 25 33 44 5 95 81 99 78 19 33 97 11 53 20 11 72 19 60 28 57 
69 83 54 58 62 75 64 42 36 15 25 88 12 0 98 48 37 64 1 86 39 29 55 23 48 90 69 45 9 31 76 81 28 61 10 64 67 11 56 33 83 45 89 82 78 8 32 14 
96 19 51 76 26 2 9 52 54 30 96 5 28 98 0 94 36 97 64 98 80 38 18 85 70 54 29 10 87 92 66 44 51 27 82 1 6 54 95 54 60 85 34 99 25 12 4 63 
35 47 48 13 1 83 10 11 100 1 53 65 7 48 94 0 12 41 83 70 95 5 51 21 15 63 13 94 4 71 77 65 43 69 41 90 90 41 30 25 14 46 64 98 6 91 8 40 
78 61 31 34 95 2 75 9 32 68 11 39 47 37 36 12 0 56 21 77 12 17 26 46 11 70 12 57 81 51 38 98 25 26 53 11 24 22 31 53 50 26 41 73 74 85 67 97 
54 84 80 45 92 70 72 41 38 43 81 59 88 64 97 41 56 0 15 4 90 93 6 6 47 77 58 57 52 82 38 71 22 59 57 22 29 35 36 96 75 77 86 43 80 11 86 89 
86 5 29 75 65 85 45 63 59 70 86 35 52 1 64 83 21 15 0 23 74 41 21 28 2 12 57 93 71 84 43 10 5 61 30 50 41 80 57 53 14 31 16 51 97 7 27 83 
49 43 86 36 68 34 43 22 19 4 77 46 25 86 98 70 77 4 23 0 47 73 54 35 65 89 74 98 56 64 23 77 49 71 45 51 88 73 90 80 66 63 63 67 73 68 74 1 
66 39 10 15 58 35 83 96 48 59 80 25 74 39 80 95 12 90 74 47 0 7 79 66 55 44 76 35 0 17 6 99 65 77 2 58 32 70 57 95 75 54 100 38 93 73 53 82 
4 64 40 36 67 82 69 9 80 27 100 13 96 29 38 5 17 93 41 73 7 0 29 26 93 18 77 87 20 64 6 25 91 10 98 27 84 77 84 91 31 39 39 16 92 80 40 83 
88 48 44 82 77 23 98 27 39 37 38 73 9 55 18 51 26 6 21 54 79 29 0 20 53 25 2 49 4 81 55 42 21 66 50 93 43 14 50 29 69 74 53 97 31 76 40 9 
52 86 72 51 19 86 77 76 55 19 76 2 70 23 85 21 46 6 28 35 66 26 20 0 73 43 74 81 35 27 20 69 73 44 96 18 0 85 69 37 91 16 64 61 4 9 39 65 
19 80 25 96 73 33 13 29 14 45 49 66 65 48 70 15 11 47 2 65 55 93 53 73 0 50 21 54 3 37 25 75 29 19 93 76 47 24 60 41 41 24 18 37 3 70 40 71 
16 92 53 87 9 67 98 60 72 44 37 50 68 90 54 63 70 77 12 89 44 18 25 43 50 0 91 3 96 74 79 6 94 57 70 3 79 88 84 58 73 26 19 38 70 19 62 19 
99 2 3 42 68 59 25 19 60 88 37 44 90 69 29 13 12 58 57 74 76 77 2 74 21 91 0 49 59 72 14 42 93 30 95 48 96 81 5 48 48 84 33 12 12 79 54 30 
93 32 99 56 63 37 93 59 53 56 86 26 3 45 10 94 57 57 93 98 35 87 49 81 54 3 49 0 37 84 4 26 56 3 35 87 1 91 61 98 36 24 90 36 57 85 87 19 
19 60 39 70 87 68 16 78 47 15 52 1 25 9 87 4 81 52 71 56 0 20 4 35 3 96 59 37 0 0 94 90 80 94 71 24 70 27 29 20 32 56 64 89 91 49 65 12 
55 28 77 49 94 42 86 70 35 59 8 26 33 31 92 71 51 82 84 64 17 64 81 27 37 74 72 84 0 0 96 46 75 45 0 96 39 4 59 24 5 64 44 38 96 15 71 20 
73 70 84 89 65 61 37 75 84 12 37 84 44 76 66 77 38 38 43 23 6 6 55 20 25 79 14 4 94 96 0 42 41 22 71 41 62 30 45 15 50 46 27 27 46 39 9 82 
56 34 36 54 87 53 76 81 71 36 7 99 5 81 44 65 98 71 10 77 99 25 42 69 75 6 42 26 90 46 42 0 69 39 49 18 80 17 25 25 65 13 87 14 35 33 28 59 
86 34 29 82 64 0 30 60 19 72 17 17 95 28 51 43 25 22 5 49 65 91 21 73 29 94 93 56 80 75 41 69 0 54 24 76 20 56 42 62 82 52 57 89 93 92 63 54 
57 92 20 55 63 85 59 72 58 8 51 46 81 61 27 69 26 59 61 71 77 10 66 44 19 57 30 3 94 45 22 39 54 0 55 77 16 95 95 69 75 77 17 42 12 73 26 71 
12 44 20 60 81 33 23 16 79 45 43 100 99 10 82 41 53 57 30 45 2 98 50 96 93 70 95 35 71 0 71 49 24 55 0 64 9 46 40 74 5 51 37 38 43 95 19 60 
38 35 26 63 13 22 65 88 80 26 27 5 78 64 1 90 11 22 50 51 58 27 93 18 76 3 48 87 24 96 41 18 76 77 64 0 20 65 69 67 47 65 20 45 49 70 79 29 
19 83 44 23 27 58 22 71 0 21 96 86 19 67 6 90 24 29 41 88 32 84 43 0 47 79 96 1 70 39 62 80 20 16 9 20 0 33 55 28 26 86 93 79 60 92 5 18 
43 26 88 99 47 56 47 81 85 98 80 58 33 11 54 41 22 35 80 73 70 77 14 85 24 88 81 91 27 4 30 17 56 95 46 65 33 0 76 87 64 87 2 0 3 61 86 71 
64 100 34 65 45 38 4 81 34 58 48 5 97 56 95 30 31 36 57 90 57 84 50 69 60 84 5 61 29 59 45 25 42 95 40 69 55 76 0 80 25 65 100 11 14 10 15 31 
69 95 59 7 20 62 90 52 12 23 65 71 11 33 54 25 53 96 53 80 95 91 29 37 41 58 48 98 20 24 15 25 62 69 74 67 28 87 80 0 4 27 21 72 57 16 37 20 
71 13 35 52 75 18 66 98 66 96 83 87 53 83 60 14 50 75 14 66 75 31 69 91 41 73 48 36 32 5 50 65 82 75 5 47 26 64 25 4 0 81 71 13 60 76 24 4 
62 96 98 7 40 1 81 32 48 25 100 49 20 45 85 46 26 77 31 63 54 39 74 16 24 26 84 24 56 64 46 13 52 77 51 65 86 87 65 27 81 0 96 74 57 71 74 97 
33 38 29 12 7 60 46 47 74 27 26 84 11 89 34 64 41 86 16 63 100 39 53 64 18 19 33 90 64 44 27 87 57 17 37 20 93 2 100 21 71 96 0 43 76 10 0 10 
70 42 58 47 60 11 52 85 8 12 86 8 72 82 99 98 73 43 51 67 38 16 97 61 37 38 12 36 89 38 27 14 89 42 38 45 79 0 11 72 13 74 43 0 17 28 66 9 
32 29 37 34 2 84 92 46 79 43 49 30 19 78 25 6 74 80 97 73 93 92 31 4 3 70 12 57 91 96 46 35 93 12 43 49 60 3 14 57 60 57 76 17 0 97 98 100 
29 49 44 90 100 81 27 3 39 44 2 34 60 8 12 91 85 11 7 68 73 80 76 9 70 19 79 85 49 15 39 33 92 73 95 70 92 61 10 16 76 71 10 28 97 0 57 44 
55 92 52 88 0 3 28 61 53 55 55 53 28 32 4 8 67 86 27 74 53 40 40 39 40 62 54 87 65 71 9 28 63 26 19 79 5 86 15 37 24 74 0 66 98 57 0 42 
51 100 5 49 89 59 41 66 72 64 84 95 57 14 63 40 97 89 83 1 82 83 9 65 71 19 30 19 12 20 82 59 54 71 60 29 18 71 31 20 4 97 10 9 100 44 42 0 
RBBRBBRRBBBRRRRBRBBBRBRBBBRBBRRBBRBRRRRRRRBBRRBB
