46
0 26 58 66 66 73 36 14 54 4 60 34 0 89 4 96 25 90 30 37 13 56 81 0 7 93 26 34 87 100 35 18 65 17 81 33 30 62 60 53 42 51 88 90 89 75 
26 0 9 52 52 32 21 84 41 80 5 56 59 79 14 71 15 34 27 28 22 13 41 69 25 61 11 34 17 7 15 88 73 78 93 49 91 64 13 28 48 48 73 22 55 68 
58 9 0 24 89 2 2 6 3 23 67 89 14 16 78 27 37 78 64 72 24 47 78 94 79 68 94 85 96 0 86 84 83 57 26 87 14 67 33 68 99 41 45 73 70 52 
66 52 24 0 76 58 72 63 12 52 48 70 70 79 85 87 30 74 20 20 12 3 85 33 80 54 74 27 53 20 88 57 40 8 32 28 5 36 16 3 23 87 97 27 5 86 
66 52 89 76 0 57 82 43 16 99 82 64 48 8 13 96 63 49 23 75 15 67 95 38 38 30 24 83 69 80 32 17 20 7 85 36 85 58 69 28 4 51 1 6 34 5 
73 32 2 58 57 0 66 62 36 38 19 79 62 43 43 77 85 13 8 40 77 9 63 70 71 99 65 69 49 100 14 53 93 32 36 73 95 2 7 18 25 60 51 26 41 48 
36 21 2 72 82 66 0 27 76 68 51 71 24 4 53 12 2 72 69 71 55 91 29 96 90 71 96 81 1 16 2 60 16 60 25 17 24 55 13 96 10 74 12 65 74 87 
14 84 6 63 43 62 27 0 8 25 11 67 42 7 84 60 79 80 41 88 84 38 22 38 11 77 80 84 16 26 56 40 81 2 4 35 43 15 32 49 88 95 100 49 48 27 
54 41 3 12 16 36 76 8 0 49 5 17 94 75 93 18 38 34 38 10 39 91 55 24 36 39 87 44 88 87 70 94 31 76 100 28 68 53 80 58 10 21 32 98 57 1 
4 80 23 52 99 38 68 25 49 0 64 77 35 12 94 98 8 83 22 64 92 12 69 67 4 43 84 93 17 1 50 44 45 31 35 27 5 55 69 62 24 32 42 63 37 89 
60 5 67 48 82 19 51 11 5 64 0 17 52 26 35 16 65 99 64 54 88 53 6 68 44 46 17 16 52 20 94 9 5 33 75 3 41 41 97 37 68 1 71 33 69 98 
34 56 89 70 64 79 71 67 17 77 17 0 77 98 50 17 26 78 21 67 73 40 79 6 81 40 55 84 94 17 47 94 4 21 87 67 100 73 84 88 14 86 17 6 74 56 
0 59 14 70 48 62 24 42 94 35 52 77 0 100 38 73 22 28 49 40 5 30 7 89 86 28 50 44 54 4 2 27 4 29 47 57 98 27 1 96 94 94 12 10 86 66 
89 79 16 79 8 43 4 7 75 12 26 98 100 0 78 93 48 75 71 76 27 63 62 7 74 80 64 39 43 44 82 77 82 64 13 58 12 43 76 43 10 12 78 69 44 69 
4 14 78 85 13 43 53 84 93 94 35 50 38 78 0 81 43 92 48 54 95 29 26 61 36 83 64 2 15 63 89 7 55 98 50 23 47 19 69 58 69 76 93 42 90 38 
96 71 27 87 96 77 12 60 18 98 16 17 73 93 81 0 47 21 64 27 7 84 7 40 75 22 38 40 45 42 47 75 57 15 70 87 49 55 71 61 81 5 67 75 10 41 
25 15 37 30 63 85 2 79 38 8 65 26 22 48 43 47 0 61 99 100 27 81 28 83 19 94 81 63 31 8 50 77 12 13 53 66 94 99 68 79 18 9 35 79 84 16 
90 34 78 74 49 13 72 80 34 83 99 78 28 75 92 21 61 0 36 46 91 74 78 34 0 32 50 99 50 7 61 34 7 85 61 30 22 35 60 21 63 69 88 46 71 97 
30 27 64 20 23 8 69 41 38 22 64 21 49 71 48 64 99 36 0 59 55 58 96 60 75 40 9 68 11 8 16 66 19 86 16 87 64 80 77 87 11 50 77 26 52 71 
37 28 72 20 75 40 71 88 10 64 54 67 40 76 54 27 100 46 59 0 76 32 7 80 14 80 8 62 94 99 11 68 96 72 76 11 92 4 24 49 67 51 31 62 34 100 
13 22 24 12 15 77 55 84 39 92 88 73 5 27 95 7 27 91 55 76 0 77 40 40 41 88 26 88 92 99 21 42 89 94 92 3 18 26 2 36 94 8 54 67 2 45 
56 13 47 3 67 9 91 38 91 12 53 40 30 63 29 84 81 74 58 32 77 0 96 72 2 50 67 9 25 25 44 26 83 12 70 90 43 35 23 19 24 37 50 3 0 5 
81 41 78 85 95 63 29 22 55 69 6 79 7 62 26 7 28 78 96 7 40 96 0 76 96 28 76 8 7 76 4 98 14 88 2 42 96 58 42 0 39 47 43 27 64 67 
0 69 94 33 38 70 96 38 24 67 68 6 89 7 61 40 83 34 60 80 40 72 76 0 0 90 65 64 74 35 34 56 38 91 79 81 12 32 13 67 89 4 21 39 54 39 
7 25 79 80 38 71 90 11 36 4 44 81 86 74 36 75 19 0 75 14 41 2 96 0 0 59 77 78 84 48 56 31 70 56 82 78 21 59 58 16 97 93 43 4 3 27 
93 61 68 54 30 99 71 77 39 43 46 40 28 80 83 22 94 32 40 80 88 50 28 90 59 0 64 18 38 33 12 13 62 30 54 57 65 88 51 95 18 19 44 26 77 36 
26 11 94 74 24 65 96 80 87 84 17 55 50 64 64 38 81 50 9 8 26 67 76 65 77 64 0 53 43 44 13 5 80 22 56 49 57 43 72 86 78 4 92 2 65 96 
34 34 85 27 83 69 81 84 44 93 16 84 44 39 2 40 63 99 68 62 88 9 8 64 78 18 53 0 91 96 86 45 38 89 57 45 37 2 84 39 33 77 58 54 85 90 
87 17 96 53 69 49 1 16 88 17 52 94 54 43 15 45 31 50 11 94 92 25 7 74 84 38 43 91 0 52 9 62 98 24 41 53 47 75 64 74 96 97 12 4 32 67 
100 7 0 20 80 100 16 26 87 1 20 17 4 44 63 42 8 7 8 99 99 25 76 35 48 33 44 96 52 0 76 13 3 76 92 96 21 86 83 39 31 56 22 61 58 100 
35 15 86 88 32 14 2 56 70 50 94 47 2 82 89 47 50 61 16 11 21 44 4 34 56 12 13 86 9 76 0 81 83 82 31 54 25 40 34 78 76 88 18 74 70 30 
18 88 84 57 17 53 60 40 94 44 9 94 27 77 7 75 77 34 66 68 42 26 98 56 31 13 5 45 62 13 81 0 92 7 73 59 58 92 61 63 99 67 10 80 27 64 
65 73 83 40 20 93 16 81 31 45 5 4 4 82 55 57 12 7 19 96 89 83 14 38 70 62 80 38 98 3 83 92 0 77 15 50 33 12 11 76 24 38 63 30 84 58 
17 78 57 8 7 32 60 2 76 31 33 21 29 64 98 15 13 85 86 72 94 12 88 91 56 30 22 89 24 76 82 7 77 0 81 73 88 3 97 14 49 39 16 12 23 26 
81 93 26 32 85 36 25 4 100 35 75 87 47 13 50 70 53 61 16 76 92 70 2 79 82 54 56 57 41 92 31 73 15 81 0 4 66 82 2 64 40 78 54 62 58 51 
33 49 87 28 36 73 17 35 28 27 3 67 57 58 23 87 66 30 87 11 3 90 42 81 78 57 49 45 53 96 54 59 50 73 4 0 5 74 48 32 52 76 73 72 21 53 
30 91 14 5 85 95 24 43 68 5 41 100 98 12 47 49 94 22 64 92 18 43 96 12 21 65 57 37 47 21 25 58 33 88 66 5 0 49 20 85 50 59 49 24 61 94 
62 64 67 36 58 2 55 15 53 55 41 73 27 43 19 55 99 35 80 4 26 35 58 32 59 88 43 2 75 86 40 92 12 3 82 74 49 0 83 90 49 87 97 37 48 48 
60 13 33 16 69 7 13 32 80 69 97 84 1 76 69 71 68 60 77 24 2 23 42 13 58 51 72 84 64 83 34 61 11 97 2 48 20 83 0 87 19 75 34 50 73 54 
53 28 68 3 28 18 96 49 58 62 37 88 96 43 58 61 79 21 87 49 36 19 0 67 16 95 86 39 74 39 78 63 76 14 64 32 85 90 87 0 61 80 94 61 54 95 
42 48 99 23 4 25 10 88 10 24 68 14 94 10 69 81 18 63 11 67 94 24 39 89 97 18 78 33 96 31 76 99 24 49 40 52 50 49 19 61 0 13 54 66 5 97 
51 48 41 87 51 60 74 95 21 32 1 86 94 12 76 5 9 69 50 51 8 37 47 4 93 19 4 77 97 56 88 67 38 39 78 76 59 87 75 80 13 0 45 32 49 65 
88 73 45 97 1 51 12 100 32 42 71 17 12 78 93 67 35 88 77 31 54 50 43 21 43 44 92 58 12 22 18 10 63 16 54 73 49 97 34 94 54 45 0 70 23 18 
90 22 73 27 6 26 65 49 98 63 33 6 10 69 42 75 79 46 26 62 67 3 27 39 4 26 2 54 4 61 74 80 30 12 62 72 24 37 50 61 66 32 70 0 37 66 
89 55 70 5 34 41 74 48 57 37 69 74 86 44 90 10 84 71 52 34 2 0 64 54 3 77 65 85 32 58 70 27 84 23 58 21 61 48 73 54 5 49 23 37 0 69 
75 68 52 86 5 48 87 27 1 89 98 56 66 69 38 41 16 97 71 100 45 5 67 39 27 36 96 90 67 100 30 64 58 26 51 53 94 48 54 95 97 65 18 66 69 0 
BRBRRBRBRRBBBBRBRBBRRRRBBRRBRRRRBBBRRBRBBRBBRB
