40
0 69 89 92 1 66 9 29 2 92 87 31 84 73 36 5 25 53 67 60 87 77 3 50 86 49 15 27 29 5 62 95 27 61 47 89 36 57 52 1 
69 0 21 72 29 34 69 0 78 30 54 27 55 30 63 82 38 77 31 53 15 16 95 42 99 28 86 18 52 21 8 4 68 26 44 92 20 66 10 75 
89 21 0 33 27 10 71 60 74 89 26 77 84 57 77 71 51 60 39 58 59 85 59 87 15 43 64 89 54 64 96 56 35 27 53 67 72 83 47 4 
92 72 33 0 2 90 13 24 63 49 30 39 10 26 19 55 68 65 30 15 67 67 22 25 63 88 81 32 79 3 80 0 83 3 7 55 8 90 67 57 
1 29 27 2 0 53 26 60 52 51 82 9 27 2 100 88 34 9 48 37 88 29 91 96 40 11 59 30 68 17 85 73 62 72 29 9 43 34 3 94 
66 34 10 90 53 0 42 60 58 10 14 52 49 31 21 21 18 84 23 21 1 56 6 25 61 53 44 50 41 86 55 54 14 52 41 25 47 56 67 60 
9 69 71 13 26 42 0 19 38 60 75 47 47 44 55 48 47 22 3 36 13 57 96 58 28 45 91 7 42 100 42 66 65 76 55 30 64 8 48 78 
29 0 60 24 60 60 19 0 31 60 97 74 74 90 88 47 17 73 41 82 5 74 33 2 75 38 88 44 82 25 43 10 61 45 47 66 95 10 41 61 
2 78 74 63 52 58 38 31 0 27 32 17 22 38 61 86 16 46 45 8 83 66 96 34 68 81 89 65 32 32 24 88 97 78 54 41 45 61 16 22 
92 30 89 49 51 10 60 60 27 0 80 76 34 69 19 16 63 7 85 21 51 39 1 65 17 11 12 75 59 96 25 10 20 28 14 58 16 65 50 49 
87 54 26 30 82 14 75 97 32 80 0 12 74 6 36 60 60 94 32 22 49 62 47 30 42 17 59 22 26 90 85 25 46 9 45 26 57 24 0 94 
31 27 77 39 9 52 47 74 17 76 12 0 40 4 71 4 21 33 51 39 32 35 6 54 61 64 82 51 47 6 85 89 19 61 73 49 44 10 83 23 
84 55 84 10 27 49 47 74 22 34 74 40 0 19 3 44 47 22 26 57 30 95 7 98 21 93 30 71 73 59 21 9 42 1 63 74 9 36 76 17 
73 30 57 26 2 31 44 90 38 69 6 4 19 0 29 66 93 13 0 42 98 35 79 69 63 92 2 0 54 81 0 24 59 100 33 9 46 67 79 24 
36 63 77 19 100 21 55 88 61 19 36 71 3 29 0 74 17 68 56 80 40 8 54 90 53 76 49 72 95 26 69 58 87 4 52 94 89 7 71 73 
5 82 71 55 88 21 48 47 86 16 60 4 44 66 74 0 15 14 12 73 52 89 77 14 14 42 47 15 87 25 2 3 85 84 25 86 18 40 29 69 
25 38 51 68 34 18 47 17 16 63 60 21 47 93 17 15 0 82 52 49 9 63 66 76 53 69 66 27 88 36 65 33 4 29 16 12 78 74 92 21 
53 77 60 65 9 84 22 73 46 7 94 33 22 13 68 14 82 0 22 52 12 27 64 16 17 52 3 26 99 39 11 88 86 75 75 29 90 79 45 62 
67 31 39 30 48 23 3 41 45 85 32 51 26 0 56 12 52 22 0 96 84 56 20 81 94 83 54 47 15 100 58 5 4 6 97 61 80 96 85 47 
60 53 58 15 37 21 36 82 8 21 22 39 57 42 80 73 49 52 96 0 82 94 18 98 32 31 85 91 55 38 12 15 79 13 24 36 24 32 62 50 
87 15 59 67 88 1 13 5 83 51 49 32 30 98 40 52 9 12 84 82 0 27 64 96 15 57 95 24 21 76 16 21 84 99 16 27 70 44 0 22 
77 16 85 67 29 56 57 74 66 39 62 35 95 35 8 89 63 27 56 94 27 0 58 88 33 23 13 3 92 100 35 40 19 9 80 83 33 71 23 6 
3 95 59 22 91 6 96 33 96 1 47 6 7 79 54 77 66 64 20 18 64 58 0 2 22 76 75 51 36 61 25 11 22 96 78 74 62 99 27 70 
50 42 87 25 96 25 58 2 34 65 30 54 98 69 90 14 76 16 81 98 96 88 2 0 42 1 12 89 4 19 50 72 71 52 43 92 76 100 58 83 
86 99 15 63 40 61 28 75 68 17 42 61 21 63 53 14 53 17 94 32 15 33 22 42 0 49 64 67 41 16 69 3 85 63 58 46 17 99 0 33 
49 28 43 88 11 53 45 38 81 11 17 64 93 92 76 42 69 52 83 31 57 23 76 1 49 0 27 82 72 59 5 26 34 14 15 89 42 43 47 20 
15 86 64 81 59 44 91 88 89 12 59 82 30 2 49 47 66 3 54 85 95 13 75 12 64 27 0 100 44 28 94 77 46 10 26 88 84 78 71 83 
27 18 89 32 30 50 7 44 65 75 22 51 71 0 72 15 27 26 47 91 24 3 51 89 67 82 100 0 70 8 30 63 25 39 33 98 93 18 87 70 
29 52 54 79 68 41 42 82 32 59 26 47 73 54 95 87 88 99 15 55 21 92 36 4 41 72 44 70 0 70 15 56 48 35 26 70 61 94 32 38 
5 21 64 3 17 86 100 25 32 96 90 6 59 81 26 25 36 39 100 38 76 100 61 19 16 59 28 8 70 0 11 50 20 42 17 79 86 2 1 62 
62 8 96 80 85 55 42 43 24 25 85 85 21 0 69 2 65 11 58 12 16 35 25 50 69 5 94 30 15 11 0 0 58 37 70 9 71 24 37 57 
95 4 56 0 73 54 66 10 88 10 25 89 9 24 58 3 33 88 5 15 21 40 11 72 3 26 77 63 56 50 0 0 28 52 7 23 46 4 11 27 
27 68 35 83 62 14 65 61 97 20 46 19 42 59 87 85 4 86 4 79 84 19 22 71 85 34 46 25 48 20 58 28 0 91 32 68 87 77 59 37 
61 26 27 3 72 52 76 45 78 28 9 61 1 100 4 84 29 75 6 13 99 9 96 52 63 14 10 39 35 42 37 52 91 0 71 57 71 19 60 54 
47 44 53 7 29 41 55 47 54 14 45 73 63 33 52 25 16 75 97 24 16 80 78 43 58 15 26 33 26 17 70 7 32 71 0 71 31 91 13 48 
89 92 67 55 9 25 30 66 41 58 26 49 74 9 94 86 12 29 61 36 27 83 74 92 46 89 88 98 70 79 9 23 68 57 71 0 42 38 87 63 
36 20 72 8 43 47 64 95 45 16 57 44 9 46 89 18 78 90 80 24 70 33 62 76 17 42 84 93 61 86 71 46 87 71 31 42 0 3 93 79 
57 66 83 90 34 56 8 10 61 65 24 10 36 67 7 40 74 79 96 32 44 71 99 100 99 43 78 18 94 2 24 4 77 19 91 38 3 0 38 85 
52 10 47 67 3 67 48 41 16 50 0 83 76 79 71 29 92 45 85 62 0 23 27 58 0 47 71 87 32 1 37 11 59 60 13 87 93 38 0 90 
1 75 4 57 94 60 78 61 22 49 94 23 17 24 73 69 21 62 47 50 22 6 70 83 33 20 83 70 38 62 57 27 37 54 48 63 79 85 90 0 
RRBBRBRBRRBBBRRBRBBBBRBRRBRRRBRRBRRRBBBB
