42
0 17 65 93 31 8 55 46 56 95 27 18 50 22 83 84 76 85 81 11 61 14 30 52 18 73 77 62 17 50 99 96 49 53 61 97 87 85 67 1 51 83 
17 0 82 74 88 59 20 92 46 84 85 18 84 13 70 53 31 67 38 100 4 24 3 34 83 52 57 57 89 14 77 0 17 68 10 95 7 63 34 13 38 60 
65 82 0 10 44 60 10 7 26 46 65 91 25 35 83 39 53 71 17 66 62 99 68 34 52 5 33 16 67 84 69 34 29 20 15 19 79 73 26 22 25 38 
93 74 10 0 76 38 31 82 36 45 1 47 23 99 29 38 79 79 63 56 90 97 3 31 0 70 41 6 46 30 10 87 86 55 45 55 64 32 40 39 76 47 
31 88 44 76 0 17 94 59 33 65 38 40 95 27 30 94 67 36 52 67 40 95 18 98 46 30 35 0 50 75 13 68 12 43 75 73 95 30 41 76 75 31 
8 59 60 38 17 0 38 32 96 85 83 91 77 96 60 2 11 21 70 15 31 20 86 16 30 93 1 15 41 61 18 71 93 55 26 78 83 97 0 28 54 25 
55 20 10 31 94 38 0 35 35 43 96 43 68 18 87 67 72 5 88 28 16 84 94 14 79 24 25 32 12 48 45 81 13 37 85 13 15 1 85 64 14 97 
46 92 7 82 59 32 35 0 91 65 5 67 68 55 81 93 6 72 39 65 37 50 82 31 60 68 35 15 24 91 88 63 12 65 48 33 75 68 9 41 64 68 
56 46 26 36 33 96 35 91 0 58 99 85 76 89 30 41 37 7 62 44 40 3 17 71 69 8 36 22 90 87 62 47 64 94 46 30 22 34 63 27 82 90 
95 84 46 45 65 85 43 65 58 0 78 5 63 12 33 74 92 86 69 31 74 28 41 73 30 26 8 12 52 10 49 74 70 12 39 37 17 9 92 77 75 29 
27 85 65 1 38 83 96 5 99 78 0 80 38 95 45 11 53 21 34 66 15 20 81 90 40 70 27 36 84 71 14 29 30 48 96 98 25 60 99 48 42 48 
18 18 91 47 40 91 43 67 85 5 80 0 68 74 55 34 37 3 22 15 99 100 64 36 35 49 17 35 53 35 23 42 98 17 3 12 44 58 62 57 99 32 
50 84 25 23 95 77 68 68 76 63 38 68 0 23 100 98 93 65 70 96 25 2 73 13 71 72 54 51 50 20 6 84 31 70 51 41 42 14 13 25 81 66 
22 13 35 99 27 96 18 55 89 12 95 74 23 0 59 98 21 18 62 0 0 55 64 29 96 55 71 92 20 40 20 12 41 62 72 36 41 21 3 35 78 74 
83 70 83 29 30 60 87 81 30 33 45 55 100 59 0 1 77 69 53 9 73 96 100 26 45 33 57 30 48 100 100 90 18 94 52 32 8 94 86 30 4 60 
84 53 39 38 94 2 67 93 41 74 11 34 98 98 1 0 66 42 45 24 33 82 13 44 12 18 82 57 89 18 34 40 36 24 50 0 69 1 10 81 48 84 
76 31 53 79 67 11 72 6 37 92 53 37 93 21 77 66 0 39 8 41 1 35 84 8 46 28 67 76 75 45 49 4 29 76 69 98 66 18 58 45 75 27 
85 67 71 79 36 21 5 72 7 86 21 3 65 18 69 42 39 0 96 13 86 30 17 75 69 38 22 31 31 19 81 59 34 66 2 16 8 72 61 88 33 9 
81 38 17 63 52 70 88 39 62 69 34 22 70 62 53 45 8 96 0 30 27 16 46 80 80 48 82 13 89 75 54 43 89 5 27 34 48 74 26 99 84 94 
11 100 66 56 67 15 28 65 44 31 66 15 96 0 9 24 41 13 30 0 100 29 33 9 33 95 11 29 23 89 40 44 47 20 3 88 3 2 0 40 4 85 
61 4 62 90 40 31 16 37 40 74 15 99 25 0 73 33 1 86 27 100 0 2 16 70 32 81 60 89 3 3 82 92 49 57 75 78 48 45 62 77 86 12 
14 24 99 97 95 20 84 50 3 28 20 100 2 55 96 82 35 30 16 29 2 0 13 73 12 82 0 83 58 18 85 41 52 87 83 7 79 41 15 69 34 38 
30 3 68 3 18 86 94 82 17 41 81 64 73 64 100 13 84 17 46 33 16 13 0 76 67 45 34 44 13 38 24 62 66 17 56 85 78 56 91 51 93 0 
52 34 34 31 98 16 14 31 71 73 90 36 13 29 26 44 8 75 80 9 70 73 76 0 14 40 66 69 57 93 73 85 40 46 9 72 91 18 41 75 2 83 
18 83 52 0 46 30 79 60 69 30 40 35 71 96 45 12 46 69 80 33 32 12 67 14 0 90 51 46 23 46 23 87 39 22 86 9 59 6 19 54 20 95 
73 52 5 70 30 93 24 68 8 26 70 49 72 55 33 18 28 38 48 95 81 82 45 40 90 0 100 35 50 55 59 17 57 46 55 21 10 84 14 51 88 93 
77 57 33 41 35 1 25 35 36 8 27 17 54 71 57 82 67 22 82 11 60 0 34 66 51 100 0 80 29 37 45 62 41 85 65 71 96 13 0 17 14 55 
62 57 16 6 0 15 32 15 22 12 36 35 51 92 30 57 76 31 13 29 89 83 44 69 46 35 80 0 33 63 96 39 72 41 60 69 95 99 20 39 5 92 
17 89 67 46 50 41 12 24 90 52 84 53 50 20 48 89 75 31 89 23 3 58 13 57 23 50 29 33 0 59 97 40 70 77 100 91 87 7 30 100 89 84 
50 14 84 30 75 61 48 91 87 10 71 35 20 40 100 18 45 19 75 89 3 18 38 93 46 55 37 63 59 0 84 100 37 6 82 83 30 38 95 44 19 99 
99 77 69 10 13 18 45 88 62 49 14 23 6 20 100 34 49 81 54 40 82 85 24 73 23 59 45 96 97 84 0 100 9 51 0 48 46 18 4 39 40 16 
96 0 34 87 68 71 81 63 47 74 29 42 84 12 90 40 4 59 43 44 92 41 62 85 87 17 62 39 40 100 100 0 80 17 20 48 78 49 83 53 5 34 
49 17 29 86 12 93 13 12 64 70 30 98 31 41 18 36 29 34 89 47 49 52 66 40 39 57 41 72 70 37 9 80 0 13 69 94 27 76 23 55 42 74 
53 68 20 55 43 55 37 65 94 12 48 17 70 62 94 24 76 66 5 20 57 87 17 46 22 46 85 41 77 6 51 17 13 0 83 56 44 80 91 72 100 13 
61 10 15 45 75 26 85 48 46 39 96 3 51 72 52 50 69 2 27 3 75 83 56 9 86 55 65 60 100 82 0 20 69 83 0 77 64 30 72 82 56 43 
97 95 19 55 73 78 13 33 30 37 98 12 41 36 32 0 98 16 34 88 78 7 85 72 9 21 71 69 91 83 48 48 94 56 77 0 9 33 8 3 43 87 
87 7 79 64 95 83 15 75 22 17 25 44 42 41 8 69 66 8 48 3 48 79 78 91 59 10 96 95 87 30 46 78 27 44 64 9 0 70 39 64 41 95 
85 63 73 32 30 97 1 68 34 9 60 58 14 21 94 1 18 72 74 2 45 41 56 18 6 84 13 99 7 38 18 49 76 80 30 33 70 0 24 32 92 57 
67 34 26 40 41 0 85 9 63 92 99 62 13 3 86 10 58 61 26 0 62 15 91 41 19 14 0 20 30 95 4 83 23 91 72 8 39 24 0 70 40 77 
1 13 22 39 76 28 64 41 27 77 48 57 25 35 30 81 45 88 99 40 77 69 51 75 54 51 17 39 100 44 39 53 55 72 82 3 64 32 70 0 83 72 
51 38 25 76 75 54 14 64 82 75 42 99 81 78 4 48 75 33 84 4 86 34 93 2 20 88 14 5 89 19 40 5 42 100 56 43 41 92 40 83 0 68 
83 60 38 47 31 25 97 68 90 29 48 32 66 74 60 84 27 9 94 85 12 38 0 83 95 93 55 92 84 99 16 34 74 13 43 87 95 57 77 72 68 0 
BBBRRBRRBRBBRRRRBRBBRBRBBRBRRRBRBBBBBBRRRR
