48
0 68 79 73 53 54 59 45 55 69 48 46 23 9 19 19 17 29 46 6 28 97 64 13 69 69 38 10 60 67 54 53 9 23 16 45 92 20 26 28 41 46 54 92 67 93 100 32 
68 0 38 77 98 38 33 15 12 3 34 35 19 46 17 24 0 30 39 22 50 32 94 98 18 50 1 61 17 90 83 77 15 26 31 8 37 36 72 89 29 64 1 100 65 48 42 80 
79 38 0 65 89 84 58 33 39 20 68 100 30 80 76 26 19 19 87 36 90 25 31 27 43 67 95 36 49 35 52 35 16 34 45 64 95 66 41 59 39 23 82 36 85 12 82 31 
73 77 65 0 13 6 42 54 86 64 35 36 13 19 95 17 24 12 4 19 3 83 77 4 22 80 9 35 1 29 85 55 0 14 3 74 82 56 13 20 86 17 74 27 57 57 36 92 
53 98 89 13 0 3 22 76 12 82 25 17 74 28 95 7 96 74 7 12 13 0 45 77 8 67 95 69 56 30 26 22 51 23 22 9 79 98 45 21 55 26 94 25 73 54 47 27 
54 38 84 6 3 0 24 64 66 32 47 60 61 27 31 12 16 55 96 46 22 11 55 91 50 92 93 56 73 17 78 50 16 12 100 36 41 42 56 10 66 27 8 74 22 42 91 37 
59 33 58 42 22 24 0 67 86 38 19 28 17 6 0 67 67 62 22 86 51 67 39 4 28 20 2 73 63 23 38 7 37 60 5 7 51 12 48 67 92 15 46 25 72 89 4 61 
45 15 33 54 76 64 67 0 22 0 24 56 35 78 99 3 76 93 2 8 55 93 76 53 59 81 35 76 65 78 30 33 90 62 6 12 71 44 74 77 33 95 94 93 21 62 77 32 
55 12 39 86 12 66 86 22 0 9 47 10 24 13 33 53 35 52 76 44 31 11 23 84 10 46 29 77 88 50 60 71 78 47 4 4 16 18 10 94 82 9 78 71 6 94 15 52 
69 3 20 64 82 32 38 0 9 0 83 36 49 75 52 66 88 82 72 36 36 14 22 90 6 55 47 34 50 71 73 89 90 0 21 33 64 50 100 17 26 22 44 28 25 50 23 11 
48 34 68 35 25 47 19 24 47 83 0 4 55 47 77 41 15 8 16 39 65 38 89 87 24 7 27 79 47 15 28 67 33 54 21 16 45 40 53 73 53 46 73 36 27 32 89 59 
46 35 100 36 17 60 28 56 10 36 4 0 92 30 14 24 30 60 22 6 13 40 78 68 72 89 99 8 98 29 36 17 57 79 86 14 7 37 65 57 46 71 2 53 41 28 21 58 
23 19 30 13 74 61 17 35 24 49 55 92 0 6 28 70 59 29 23 3 34 30 85 85 49 59 83 2 97 38 8 93 90 75 6 57 53 99 19 67 41 87 41 95 97 91 19 21 
9 46 80 19 28 27 6 78 13 75 47 30 6 0 43 28 75 21 24 43 16 39 51 94 22 31 9 16 29 51 56 95 3 1 99 98 55 37 12 61 95 47 39 11 73 91 2 83 
19 17 76 95 95 31 0 99 33 52 77 14 28 43 0 97 93 79 43 66 46 69 80 41 82 21 79 81 80 11 76 31 96 19 82 4 100 80 91 0 59 61 30 100 43 62 54 8 
19 24 26 17 7 12 67 3 53 66 41 24 70 28 97 0 95 71 11 46 33 87 11 86 99 54 65 64 51 25 44 87 62 73 41 91 61 93 87 41 50 59 71 37 63 63 54 98 
17 0 19 24 96 16 67 76 35 88 15 30 59 75 93 95 0 13 51 12 48 61 79 74 67 12 67 98 96 70 54 51 42 40 7 29 70 13 53 0 53 11 18 42 100 22 26 72 
29 30 19 12 74 55 62 93 52 82 8 60 29 21 79 71 13 0 89 48 36 64 96 69 67 94 43 33 8 17 35 75 38 27 94 38 11 15 80 29 44 78 23 22 26 48 58 76 
46 39 87 4 7 96 22 2 76 72 16 22 23 24 43 11 51 89 0 70 5 37 38 24 61 78 33 76 13 22 12 100 52 1 12 30 47 42 30 59 58 93 24 74 15 22 73 56 
6 22 36 19 12 46 86 8 44 36 39 6 3 43 66 46 12 48 70 0 61 14 27 85 73 33 77 81 68 29 57 46 92 93 70 20 4 37 12 65 95 33 24 25 76 47 91 2 
28 50 90 3 13 22 51 55 31 36 65 13 34 16 46 33 48 36 5 61 0 13 14 64 99 32 93 3 16 77 61 51 37 31 94 43 85 89 96 94 95 67 62 20 29 38 58 58 
97 32 25 83 0 11 67 93 11 14 38 40 30 39 69 87 61 64 37 14 13 0 11 7 47 91 80 82 89 60 94 29 80 45 61 35 12 32 14 50 5 12 28 37 4 43 96 73 
64 94 31 77 45 55 39 76 23 22 89 78 85 51 80 11 79 96 38 27 14 11 0 10 94 50 62 65 49 20 61 62 93 14 0 11 52 59 25 12 79 16 55 14 45 57 12 95 
13 98 27 4 77 91 4 53 84 90 87 68 85 94 41 86 74 69 24 85 64 7 10 0 83 27 24 7 62 79 66 17 90 64 48 85 83 68 28 53 82 91 50 49 59 25 78 15 
69 18 43 22 8 50 28 59 10 6 24 72 49 22 82 99 67 67 61 73 99 47 94 83 0 91 47 10 75 26 100 35 59 2 83 11 59 94 75 21 37 12 5 8 55 17 92 96 
69 50 67 80 67 92 20 81 46 55 7 89 59 31 21 54 12 94 78 33 32 91 50 27 91 0 93 67 23 54 53 58 96 49 47 28 54 59 57 86 0 62 12 87 28 91 19 4 
38 1 95 9 95 93 2 35 29 47 27 99 83 9 79 65 67 43 33 77 93 80 62 24 47 93 0 83 76 13 6 38 83 6 14 6 32 2 74 99 47 87 19 48 90 66 15 27 
10 61 36 35 69 56 73 76 77 34 79 8 2 16 81 64 98 33 76 81 3 82 65 7 10 67 83 0 86 15 76 26 25 50 80 13 37 91 25 22 80 94 99 72 20 53 80 72 
60 17 49 1 56 73 63 65 88 50 47 98 97 29 80 51 96 8 13 68 16 89 49 62 75 23 76 86 0 26 31 28 69 22 60 15 27 81 40 90 41 35 31 65 88 78 32 20 
67 90 35 29 30 17 23 78 50 71 15 29 38 51 11 25 70 17 22 29 77 60 20 79 26 54 13 15 26 0 80 10 13 51 22 88 33 17 93 71 39 21 65 45 70 19 14 94 
54 83 52 85 26 78 38 30 60 73 28 36 8 56 76 44 54 35 12 57 61 94 61 66 100 53 6 76 31 80 0 75 26 19 19 11 7 58 36 91 34 3 70 89 44 94 33 7 
53 77 35 55 22 50 7 33 71 89 67 17 93 95 31 87 51 75 100 46 51 29 62 17 35 58 38 26 28 10 75 0 12 6 41 17 85 24 9 98 1 63 87 63 18 75 62 48 
9 15 16 0 51 16 37 90 78 90 33 57 90 3 96 62 42 38 52 92 37 80 93 90 59 96 83 25 69 13 26 12 0 60 14 66 91 92 39 71 75 35 31 0 41 79 26 82 
23 26 34 14 23 12 60 62 47 0 54 79 75 1 19 73 40 27 1 93 31 45 14 64 2 49 6 50 22 51 19 6 60 0 56 1 5 55 80 77 57 11 8 15 11 100 96 12 
16 31 45 3 22 100 5 6 4 21 21 86 6 99 82 41 7 94 12 70 94 61 0 48 83 47 14 80 60 22 19 41 14 56 0 97 10 22 42 91 100 39 71 0 50 31 84 93 
45 8 64 74 9 36 7 12 4 33 16 14 57 98 4 91 29 38 30 20 43 35 11 85 11 28 6 13 15 88 11 17 66 1 97 0 43 46 18 93 64 17 68 28 34 82 61 61 
92 37 95 82 79 41 51 71 16 64 45 7 53 55 100 61 70 11 47 4 85 12 52 83 59 54 32 37 27 33 7 85 91 5 10 43 0 49 19 44 95 50 99 72 69 63 43 58 
20 36 66 56 98 42 12 44 18 50 40 37 99 37 80 93 13 15 42 37 89 32 59 68 94 59 2 91 81 17 58 24 92 55 22 46 49 0 1 57 34 81 85 27 3 16 52 66 
26 72 41 13 45 56 48 74 10 100 53 65 19 12 91 87 53 80 30 12 96 14 25 28 75 57 74 25 40 93 36 9 39 80 42 18 19 1 0 33 84 100 43 51 24 75 25 68 
28 89 59 20 21 10 67 77 94 17 73 57 67 61 0 41 0 29 59 65 94 50 12 53 21 86 99 22 90 71 91 98 71 77 91 93 44 57 33 0 27 53 14 90 3 75 37 83 
41 29 39 86 55 66 92 33 82 26 53 46 41 95 59 50 53 44 58 95 95 5 79 82 37 0 47 80 41 39 34 1 75 57 100 64 95 34 84 27 0 56 54 96 53 74 30 13 
46 64 23 17 26 27 15 95 9 22 46 71 87 47 61 59 11 78 93 33 67 12 16 91 12 62 87 94 35 21 3 63 35 11 39 17 50 81 100 53 56 0 52 84 93 6 42 21 
54 1 82 74 94 8 46 94 78 44 73 2 41 39 30 71 18 23 24 24 62 28 55 50 5 12 19 99 31 65 70 87 31 8 71 68 99 85 43 14 54 52 0 85 69 14 10 64 
92 100 36 27 25 74 25 93 71 28 36 53 95 11 100 37 42 22 74 25 20 37 14 49 8 87 48 72 65 45 89 63 0 15 0 28 72 27 51 90 96 84 85 0 14 20 43 13 
67 65 85 57 73 22 72 21 6 25 27 41 97 73 43 63 100 26 15 76 29 4 45 59 55 28 90 20 88 70 44 18 41 11 50 34 69 3 24 3 53 93 69 14 0 38 69 63 
93 48 12 57 54 42 89 62 94 50 32 28 91 91 62 63 22 48 22 47 38 43 57 25 17 91 66 53 78 19 94 75 79 100 31 82 63 16 75 75 74 6 14 20 38 0 73 34 
100 42 82 36 47 91 4 77 15 23 89 21 19 2 54 54 26 58 73 91 58 96 12 78 92 19 15 80 32 14 33 62 26 96 84 61 43 52 25 37 30 42 10 43 69 73 0 78 
32 80 31 92 27 37 61 32 52 11 59 58 21 83 8 98 72 76 56 2 58 73 95 15 96 4 27 72 20 94 7 48 82 12 93 61 58 66 68 83 13 21 64 13 63 34 78 0 
BBRRBBBRBRRBBRBRRBRRBBBRBBBRBRBRRRRRRBBRBBRRRRBB
