50
0 2 53 56 50 25 17 2 60 74 22 12 59 23 71 14 91 41 2 47 70 74 30 14 94 76 73 64 93 58 7 26 86 74 0 37 81 73 1 45 67 84 55 95 99 15 40 14 10 24 
2 0 26 7 56 8 62 32 44 100 100 25 81 96 23 43 31 57 52 17 20 92 94 29 73 10 30 71 30 33 44 9 29 55 43 18 88 83 52 89 7 71 92 25 74 6 3 87 49 6 
53 26 0 53 80 0 52 80 12 4 37 96 28 95 30 22 49 24 76 79 91 54 19 30 39 80 38 73 58 39 97 21 42 97 79 13 92 30 21 44 75 6 78 21 92 38 5 20 10 65 
56 7 53 0 39 70 85 15 32 65 64 27 72 92 8 85 83 94 36 49 79 47 16 79 7 1 83 36 88 48 98 76 64 15 92 80 0 95 34 82 31 90 66 39 63 97 49 77 51 78 
50 56 80 39 0 92 67 80 31 35 84 32 78 64 73 87 95 42 51 36 52 7 12 74 67 29 43 75 14 37 19 88 42 62 38 85 43 20 60 29 58 80 32 88 41 49 90 53 42 86 
25 8 0 70 92 0 55 6 62 36 79 64 37 41 96 21 66 72 21 22 27 65 76 41 92 45 29 73 56 71 18 89 74 80 29 66 7 56 31 96 37 92 30 99 40 100 24 38 64 48 
17 62 52 85 67 55 0 83 95 88 95 20 41 47 7 99 88 60 36 69 10 80 50 41 89 89 12 65 50 59 71 27 79 53 95 41 50 53 26 94 24 57 62 62 68 56 53 46 76 44 
2 32 80 15 80 6 83 0 75 59 74 57 49 80 10 76 47 28 19 32 39 40 5 54 95 98 18 3 18 26 44 91 80 77 9 34 85 32 51 51 60 73 42 52 82 76 80 90 89 3 
60 44 12 32 31 62 95 75 0 41 12 2 9 71 70 70 32 92 17 25 62 18 34 93 100 9 90 14 43 93 17 97 62 25 30 31 52 99 9 64 79 91 80 58 67 88 37 5 32 25 
74 100 4 65 35 36 88 59 41 0 58 38 92 52 44 83 58 6 37 5 98 64 66 6 37 16 33 26 48 95 27 95 6 66 14 68 8 34 2 95 86 78 93 14 27 7 89 38 50 84 
22 100 37 64 84 79 95 74 12 58 0 61 61 6 7 64 88 49 14 50 22 8 75 71 55 92 65 46 100 11 46 75 49 19 98 27 38 13 9 79 74 86 88 75 43 76 16 34 32 74 
12 25 96 27 32 64 20 57 2 38 61 0 31 56 39 76 21 2 5 6 100 60 73 60 3 55 16 90 15 14 86 32 11 47 75 90 38 89 33 80 86 49 40 98 26 95 13 60 99 90 
59 81 28 72 78 37 41 49 9 92 61 31 0 78 80 67 44 91 1 85 18 60 39 59 61 66 20 74 86 81 69 81 77 4 60 47 98 10 34 13 38 20 86 51 43 12 4 17 68 45 
23 96 95 92 64 41 47 80 71 52 6 56 78 0 39 45 45 86 26 64 35 50 32 17 36 66 51 22 67 77 88 22 50 9 62 22 11 46 25 61 82 33 17 6 95 76 78 1 90 80 
71 23 30 8 73 96 7 10 70 44 7 39 80 39 0 50 66 66 59 42 61 35 35 60 80 26 28 50 100 83 46 65 32 98 64 71 44 18 4 21 40 42 5 12 57 41 65 11 64 73 
14 43 22 85 87 21 99 76 70 83 64 76 67 45 50 0 84 66 82 44 70 4 30 16 66 91 7 1 44 38 53 93 76 89 44 17 47 29 39 55 13 84 6 27 87 30 47 50 80 68 
91 31 49 83 95 66 88 47 32 58 88 21 44 45 66 84 0 31 90 36 3 100 44 70 13 57 32 50 67 46 14 78 4 53 18 62 79 11 50 43 76 23 24 6 80 73 64 17 35 37 
41 57 24 94 42 72 60 28 92 6 49 2 91 86 66 66 31 0 61 62 80 46 76 21 97 32 68 98 50 81 48 98 80 87 36 23 35 42 54 5 34 8 4 61 60 47 4 80 35 32 
2 52 76 36 51 21 36 19 17 37 14 5 1 26 59 82 90 61 0 11 57 7 68 93 3 84 35 21 78 68 79 46 22 73 24 56 37 0 41 85 90 52 45 82 84 28 16 98 19 27 
47 17 79 49 36 22 69 32 25 5 50 6 85 64 42 44 36 62 11 0 13 71 88 94 92 6 49 39 45 88 32 37 96 95 82 87 20 13 24 6 88 42 16 96 92 42 26 68 94 59 
70 20 91 79 52 27 10 39 62 98 22 100 18 35 61 70 3 80 57 13 0 75 81 16 74 31 33 78 13 89 78 1 58 95 52 63 58 53 61 20 94 63 10 88 26 49 29 82 13 75 
74 92 54 47 7 65 80 40 18 64 8 60 60 50 35 4 100 46 7 71 75 0 9 34 2 68 30 67 34 33 89 43 42 29 57 29 53 88 64 97 72 56 94 37 54 81 24 73 75 58 
30 94 19 16 12 76 50 5 34 66 75 73 39 32 35 30 44 76 68 88 81 9 0 19 18 7 59 43 8 31 18 55 57 84 1 95 77 56 27 39 5 89 74 51 24 44 78 63 30 4 
14 29 30 79 74 41 41 54 93 6 71 60 59 17 60 16 70 21 93 94 16 34 19 0 78 81 12 70 71 1 88 61 31 17 17 37 32 79 23 18 45 0 97 48 91 40 81 64 41 48 
94 73 39 7 67 92 89 95 100 37 55 3 61 36 80 66 13 97 3 92 74 2 18 78 0 51 60 41 98 4 81 10 84 2 25 25 64 90 71 88 83 2 69 39 43 84 48 59 39 16 
76 10 80 1 29 45 89 98 9 16 92 55 66 66 26 91 57 32 84 6 31 68 7 81 51 0 21 49 25 69 62 61 88 14 40 96 65 39 97 65 5 48 61 10 0 51 45 34 92 97 
73 30 38 83 43 29 12 18 90 33 65 16 20 51 28 7 32 68 35 49 33 30 59 12 60 21 0 26 84 78 44 97 65 92 73 37 21 35 57 32 50 96 49 40 33 55 27 3 15 3 
64 71 73 36 75 73 65 3 14 26 46 90 74 22 50 1 50 98 21 39 78 67 43 70 41 49 26 0 67 76 34 78 40 80 85 17 58 26 48 47 24 20 60 26 71 78 23 15 44 48 
93 30 58 88 14 56 50 18 43 48 100 15 86 67 100 44 67 50 78 45 13 34 8 71 98 25 84 67 0 60 71 35 17 82 100 38 76 53 73 46 97 33 67 81 17 50 27 92 62 57 
58 33 39 48 37 71 59 26 93 95 11 14 81 77 83 38 46 81 68 88 89 33 31 1 4 69 78 76 60 0 7 39 10 15 5 67 22 22 33 71 88 79 54 73 22 75 56 75 10 42 
7 44 97 98 19 18 71 44 17 27 46 86 69 88 46 53 14 48 79 32 78 89 18 88 81 62 44 34 71 7 0 43 71 9 74 36 40 61 67 67 89 40 47 53 75 46 62 8 73 0 
26 9 21 76 88 89 27 91 97 95 75 32 81 22 65 93 78 98 46 37 1 43 55 61 10 61 97 78 35 39 43 0 40 40 21 82 8 19 59 37 25 6 1 21 41 44 10 75 2 96 
86 29 42 64 42 74 79 80 62 6 49 11 77 50 32 76 4 80 22 96 58 42 57 31 84 88 65 40 17 10 71 40 0 94 91 63 23 7 42 95 27 37 84 44 48 3 37 43 91 2 
74 55 97 15 62 80 53 77 25 66 19 47 4 9 98 89 53 87 73 95 95 29 84 17 2 14 92 80 82 15 9 40 94 0 94 51 90 60 62 59 61 55 3 84 96 87 64 57 2 29 
0 43 79 92 38 29 95 9 30 14 98 75 60 62 64 44 18 36 24 82 52 57 1 17 25 40 73 85 100 5 74 21 91 94 0 3 33 47 66 19 54 2 85 4 30 33 1 58 83 85 
37 18 13 80 85 66 41 34 31 68 27 90 47 22 71 17 62 23 56 87 63 29 95 37 25 96 37 17 38 67 36 82 63 51 3 0 43 22 46 37 50 30 10 76 76 44 88 75 68 28 
81 88 92 0 43 7 50 85 52 8 38 38 98 11 44 47 79 35 37 20 58 53 77 32 64 65 21 58 76 22 40 8 23 90 33 43 0 96 36 45 55 47 8 80 81 43 33 94 36 58 
73 83 30 95 20 56 53 32 99 34 13 89 10 46 18 29 11 42 0 13 53 88 56 79 90 39 35 26 53 22 61 19 7 60 47 22 96 0 49 95 14 80 9 49 49 81 57 68 72 7 
1 52 21 34 60 31 26 51 9 2 9 33 34 25 4 39 50 54 41 24 61 64 27 23 71 97 57 48 73 33 67 59 42 62 66 46 36 49 0 63 83 26 54 21 15 46 4 22 29 100 
45 89 44 82 29 96 94 51 64 95 79 80 13 61 21 55 43 5 85 6 20 97 39 18 88 65 32 47 46 71 67 37 95 59 19 37 45 95 63 0 51 29 82 84 49 79 45 37 13 93 
67 7 75 31 58 37 24 60 79 86 74 86 38 82 40 13 76 34 90 88 94 72 5 45 83 5 50 24 97 88 89 25 27 61 54 50 55 14 83 51 0 49 71 30 19 49 77 83 55 2 
84 71 6 90 80 92 57 73 91 78 86 49 20 33 42 84 23 8 52 42 63 56 89 0 2 48 96 20 33 79 40 6 37 55 2 30 47 80 26 29 49 0 67 8 89 44 90 47 98 89 
55 92 78 66 32 30 62 42 80 93 88 40 86 17 5 6 24 4 45 16 10 94 74 97 69 61 49 60 67 54 47 1 84 3 85 10 8 9 54 82 71 67 0 35 99 19 12 4 68 12 
95 25 21 39 88 99 62 52 58 14 75 98 51 6 12 27 6 61 82 96 88 37 51 48 39 10 40 26 81 73 53 21 44 84 4 76 80 49 21 84 30 8 35 0 32 8 15 3 57 49 
99 74 92 63 41 40 68 82 67 27 43 26 43 95 57 87 80 60 84 92 26 54 24 91 43 0 33 71 17 22 75 41 48 96 30 76 81 49 15 49 19 89 99 32 0 64 69 90 85 9 
15 6 38 97 49 100 56 76 88 7 76 95 12 76 41 30 73 47 28 42 49 81 44 40 84 51 55 78 50 75 46 44 3 87 33 44 43 81 46 79 49 44 19 8 64 0 2 36 69 22 
40 3 5 49 90 24 53 80 37 89 16 13 4 78 65 47 64 4 16 26 29 24 78 81 48 45 27 23 27 56 62 10 37 64 1 88 33 57 4 45 77 90 12 15 69 2 0 53 93 53 
14 87 20 77 53 38 46 90 5 38 34 60 17 1 11 50 17 80 98 68 82 73 63 64 59 34 3 15 92 75 8 75 43 57 58 75 94 68 22 37 83 47 4 3 90 36 53 0 73 67 
10 49 10 51 42 64 76 89 32 50 32 99 68 90 64 80 35 35 19 94 13 75 30 41 39 92 15 44 62 10 73 2 91 2 83 68 36 72 29 13 55 98 68 57 85 69 93 73 0 75 
24 6 65 78 86 48 44 3 25 84 74 90 45 80 73 68 37 32 27 59 75 58 4 48 16 97 3 48 57 42 0 96 2 29 85 28 58 7 100 93 2 89 12 49 9 22 53 67 75 0 
BBBRRRBBRRRRRBRBBBBBRBRBBRRBRRBBBBRRRBRBBRRRRRBRBB
