34
0 58 71 22 96 29 72 49 95 4 9 30 90 53 41 71 70 54 28 86 27 42 80 5 86 51 60 49 85 65 92 74 55 28 
58 0 85 39 56 97 32 70 89 64 25 82 30 51 85 54 41 56 83 59 95 8 92 26 29 62 6 94 47 29 31 86 52 84 
71 85 0 73 5 40 99 51 40 39 87 87 19 5 77 46 69 15 47 77 64 67 99 82 24 2 92 43 82 47 16 64 74 45 
22 39 73 0 77 16 53 71 50 98 11 47 33 64 69 69 52 61 67 28 74 20 73 28 91 92 11 4 35 4 77 58 42 22 
96 56 5 77 0 90 21 98 92 89 41 96 23 30 46 29 53 19 6 63 23 2 40 18 96 84 79 94 7 6 75 2 45 49 
29 97 40 16 90 0 45 62 64 13 67 65 21 94 95 43 69 31 73 53 41 39 89 100 6 29 20 34 5 41 31 15 63 88 
72 32 99 53 21 45 0 44 13 6 0 61 17 73 97 29 72 1 8 68 20 38 69 12 94 24 54 38 98 53 92 31 2 66 
49 70 51 71 98 62 44 0 53 60 41 68 6 30 41 47 98 18 3 55 54 71 96 42 90 53 7 52 38 32 90 22 79 59 
95 89 40 50 92 64 13 53 0 86 43 16 43 90 60 1 84 42 74 27 48 54 56 13 42 75 52 36 84 74 31 54 73 53 
4 64 39 98 89 13 6 60 86 0 87 47 34 23 67 85 64 17 36 89 63 31 43 22 99 88 91 53 67 5 56 26 54 29 
9 25 87 11 41 67 0 41 43 87 0 89 9 11 67 40 97 30 18 18 82 92 95 2 49 99 70 40 70 93 71 73 95 53 
30 82 87 47 96 65 61 68 16 47 89 0 94 28 100 99 50 18 60 2 83 18 74 60 99 96 10 45 54 61 66 0 1 6 
90 30 19 33 23 21 17 6 43 34 9 94 0 87 34 47 45 94 86 88 6 52 7 78 42 50 87 76 48 62 53 57 13 10 
53 51 5 64 30 94 73 30 90 23 11 28 87 0 68 6 31 49 54 42 27 70 72 51 13 1 25 24 76 71 81 70 56 85 
41 85 77 69 46 95 97 41 60 67 67 100 34 68 0 77 96 67 20 56 14 89 66 98 39 80 80 22 80 99 39 39 96 25 
71 54 46 69 29 43 29 47 1 85 40 99 47 6 77 0 97 2 73 18 6 14 56 19 6 76 42 60 14 38 100 65 20 29 
70 41 69 52 53 69 72 98 84 64 97 50 45 31 96 97 0 7 42 17 55 11 100 49 6 42 39 59 19 68 44 5 98 42 
54 56 15 61 19 31 1 18 42 17 30 18 94 49 67 2 7 0 9 12 100 27 27 89 18 78 29 45 75 66 97 17 83 89 
28 83 47 67 6 73 8 3 74 36 18 60 86 54 20 73 42 9 0 7 58 74 21 91 76 32 54 45 24 10 75 99 68 74 
86 59 77 28 63 53 68 55 27 89 18 2 88 42 56 18 17 12 7 0 99 70 96 3 98 80 94 69 99 69 28 45 2 93 
27 95 64 74 23 41 20 54 48 63 82 83 6 27 14 6 55 100 58 99 0 9 38 37 90 48 99 12 7 24 79 64 29 43 
42 8 67 20 2 39 38 71 54 31 92 18 52 70 89 14 11 27 74 70 9 0 0 77 68 88 58 56 11 0 83 60 40 85 
80 92 99 73 40 89 69 96 56 43 95 74 7 72 66 56 100 27 21 96 38 0 0 36 91 54 20 83 69 16 62 98 32 44 
5 26 82 28 18 100 12 42 13 22 2 60 78 51 98 19 49 89 91 3 37 77 36 0 1 58 55 40 54 81 44 89 82 28 
86 29 24 91 96 6 94 90 42 99 49 99 42 13 39 6 6 18 76 98 90 68 91 1 0 42 92 54 71 51 93 89 28 5 
51 62 2 92 84 29 24 53 75 88 99 96 50 1 80 76 42 78 32 80 48 88 54 58 42 0 92 36 45 94 1 99 46 88 
60 6 92 11 79 20 54 7 52 91 70 10 87 25 80 42 39 29 54 94 99 58 20 55 92 92 0 98 70 58 40 19 20 30 
49 94 43 4 94 34 38 52 36 53 40 45 76 24 22 60 59 45 45 69 12 56 83 40 54 36 98 0 17 86 53 56 58 84 
85 47 82 35 7 5 98 38 84 67 70 54 48 76 80 14 19 75 24 99 7 11 69 54 71 45 70 17 0 64 48 97 22 68 
65 29 47 4 6 41 53 32 74 5 93 61 62 71 99 38 68 66 10 69 24 0 16 81 51 94 58 86 64 0 37 60 88 76 
92 31 16 77 75 31 92 90 31 56 71 66 53 81 39 100 44 97 75 28 79 83 62 44 93 1 40 53 48 37 0 7 64 84 
74 86 64 58 2 15 31 22 54 26 73 0 57 70 39 65 5 17 99 45 64 60 98 89 89 99 19 56 97 60 7 0 9 83 
55 52 74 42 45 63 2 79 73 54 95 1 13 56 96 20 98 83 68 2 29 40 32 82 28 46 20 58 22 88 64 9 0 91 
28 84 45 22 49 88 66 59 53 29 53 6 10 85 25 29 42 89 74 93 43 85 44 28 5 88 30 84 68 76 84 83 91 0 
RRRBRRBBBRRBRBRRBRRRBBBRBBBRBBRBBR
