38
0 90 40 97 51 4 44 17 33 55 64 82 53 52 65 26 72 24 98 99 64 37 66 91 42 42 12 68 62 34 18 84 81 2 88 18 40 23 
90 0 95 95 68 95 57 81 44 40 64 26 64 38 82 8 10 96 84 87 6 91 87 12 10 87 27 4 66 91 9 69 95 25 48 74 30 47 
40 95 0 85 88 4 9 86 46 91 12 53 23 72 23 14 93 59 82 38 31 100 1 6 54 75 79 30 62 79 30 71 48 26 47 55 65 71 
97 95 85 0 36 68 76 40 9 20 79 89 95 45 65 79 13 94 37 13 84 56 9 88 10 15 49 61 4 37 11 28 63 11 55 16 45 40 
51 68 88 36 0 6 67 19 60 63 28 28 77 82 5 5 23 48 64 10 77 81 85 73 82 27 17 100 47 46 95 47 41 27 76 12 1 91 
4 95 4 68 6 0 19 84 91 57 58 81 24 68 54 39 86 43 67 60 37 99 56 4 52 29 81 9 14 2 94 35 87 19 46 5 66 90 
44 57 9 76 67 19 0 42 35 44 32 79 10 63 14 11 14 51 20 30 65 81 91 94 26 51 26 96 20 82 67 68 65 83 67 23 79 71 
17 81 86 40 19 84 42 0 95 8 34 19 16 54 27 63 35 85 13 80 53 7 51 82 58 23 2 31 35 51 14 13 95 55 27 26 90 15 
33 44 46 9 60 91 35 95 0 39 56 84 15 2 33 28 73 44 51 75 50 16 18 52 91 34 3 26 74 96 50 62 2 97 72 12 5 41 
55 40 91 20 63 57 44 8 39 0 77 74 33 83 59 37 99 10 31 28 14 4 37 54 16 65 92 12 53 75 1 26 6 33 53 58 20 42 
64 64 12 79 28 58 32 34 56 77 0 25 39 88 36 8 0 4 97 77 45 66 22 41 26 96 61 86 45 90 52 76 71 22 16 67 41 25 
82 26 53 89 28 81 79 19 84 74 25 0 48 46 41 33 0 20 95 2 47 91 11 71 64 27 69 36 72 60 25 86 52 31 63 80 30 10 
53 64 23 95 77 24 10 16 15 33 39 48 0 45 51 87 99 28 95 38 92 45 33 62 79 66 34 83 10 77 87 2 93 39 43 51 85 43 
52 38 72 45 82 68 63 54 2 83 88 46 45 0 68 47 46 15 69 47 96 5 73 49 59 31 35 28 22 47 73 81 30 37 17 77 26 23 
65 82 23 65 5 54 14 27 33 59 36 41 51 68 0 10 79 31 54 27 99 49 41 20 33 28 55 44 79 79 20 13 63 69 19 9 31 74 
26 8 14 79 5 39 11 63 28 37 8 33 87 47 10 0 29 32 60 22 35 85 38 13 81 25 31 35 81 27 66 2 42 17 23 95 69 27 
72 10 93 13 23 86 14 35 73 99 0 0 99 46 79 29 0 75 42 2 95 40 27 18 37 90 20 23 8 31 96 55 24 1 27 71 30 47 
24 96 59 94 48 43 51 85 44 10 4 20 28 15 31 32 75 0 87 44 61 31 33 55 0 9 85 54 37 4 88 85 46 10 91 100 54 55 
98 84 82 37 64 67 20 13 51 31 97 95 95 69 54 60 42 87 0 84 58 12 26 70 7 36 63 34 47 17 46 42 3 26 18 0 95 22 
99 87 38 13 10 60 30 80 75 28 77 2 38 47 27 22 2 44 84 0 57 88 57 6 34 75 33 71 65 19 71 52 100 34 62 52 49 60 
64 6 31 84 77 37 65 53 50 14 45 47 92 96 99 35 95 61 58 57 0 83 71 13 29 40 19 4 40 26 47 0 49 30 43 53 44 49 
37 91 100 56 81 99 81 7 16 4 66 91 45 5 49 85 40 31 12 88 83 0 96 2 30 20 56 37 17 100 60 67 76 53 74 14 67 67 
66 87 1 9 85 56 91 51 18 37 22 11 33 73 41 38 27 33 26 57 71 96 0 8 23 8 67 18 57 59 98 77 59 89 33 75 16 65 
91 12 6 88 73 4 94 82 52 54 41 71 62 49 20 13 18 55 70 6 13 2 8 0 7 54 43 76 84 25 94 9 20 92 10 59 40 50 
42 10 54 10 82 52 26 58 91 16 26 64 79 59 33 81 37 0 7 34 29 30 23 7 0 89 33 26 74 85 65 100 57 12 74 94 13 23 
42 87 75 15 27 29 51 23 34 65 96 27 66 31 28 25 90 9 36 75 40 20 8 54 89 0 57 5 71 53 57 31 30 32 34 46 76 95 
12 27 79 49 17 81 26 2 3 92 61 69 34 35 55 31 20 85 63 33 19 56 67 43 33 57 0 45 5 15 12 56 83 39 48 99 83 81 
68 4 30 61 100 9 96 31 26 12 86 36 83 28 44 35 23 54 34 71 4 37 18 76 26 5 45 0 80 88 12 7 63 71 91 20 79 18 
62 66 62 4 47 14 20 35 74 53 45 72 10 22 79 81 8 37 47 65 40 17 57 84 74 71 5 80 0 96 46 58 95 47 51 27 48 32 
34 91 79 37 46 2 82 51 96 75 90 60 77 47 79 27 31 4 17 19 26 100 59 25 85 53 15 88 96 0 39 27 26 40 100 92 31 21 
18 9 30 11 95 94 67 14 50 1 52 25 87 73 20 66 96 88 46 71 47 60 98 94 65 57 12 12 46 39 0 46 69 8 46 48 11 63 
84 69 71 28 47 35 68 13 62 26 76 86 2 81 13 2 55 85 42 52 0 67 77 9 100 31 56 7 58 27 46 0 20 78 49 62 30 87 
81 95 48 63 41 87 65 95 2 6 71 52 93 30 63 42 24 46 3 100 49 76 59 20 57 30 83 63 95 26 69 20 0 25 48 57 71 58 
2 25 26 11 27 19 83 55 97 33 22 31 39 37 69 17 1 10 26 34 30 53 89 92 12 32 39 71 47 40 8 78 25 0 36 99 49 75 
88 48 47 55 76 46 67 27 72 53 16 63 43 17 19 23 27 91 18 62 43 74 33 10 74 34 48 91 51 100 46 49 48 36 0 54 41 51 
18 74 55 16 12 5 23 26 12 58 67 80 51 77 9 95 71 100 0 52 53 14 75 59 94 46 99 20 27 92 48 62 57 99 54 0 36 6 
40 30 65 45 1 66 79 90 5 20 41 30 85 26 31 69 30 54 95 49 44 67 16 40 13 76 83 79 48 31 11 30 71 49 41 36 0 22 
23 47 71 40 91 90 71 15 41 42 25 10 43 23 74 27 47 55 22 60 49 67 65 50 23 95 81 18 32 21 63 87 58 75 51 6 22 0 
BRBBRRBRRRBRRRBBRRBRBRBBBRBRBBBBRRRBBR
