42
0 59 41 80 61 73 27 40 42 28 58 47 24 69 81 4 12 43 13 75 96 53 63 52 83 81 9 44 24 57 0 54 92 58 65 76 1 83 79 19 54 60 
59 0 14 9 68 98 89 62 82 61 46 15 2 53 65 80 78 44 65 71 100 78 23 62 0 11 64 69 8 7 52 78 77 51 12 17 26 1 41 44 72 35 
41 14 0 88 22 98 9 39 87 66 98 100 75 56 67 22 3 75 98 34 47 83 1 94 0 64 78 13 74 52 95 75 59 79 49 37 56 25 36 25 28 9 
80 9 88 0 28 81 12 25 93 38 19 89 48 62 52 66 66 85 24 97 20 75 38 98 81 56 65 83 8 27 47 62 18 37 27 34 5 57 91 52 84 90 
61 68 22 28 0 24 22 86 89 3 25 97 47 47 85 39 44 63 31 71 48 67 52 34 0 84 2 10 5 60 69 61 41 22 36 93 81 28 85 5 68 11 
73 98 98 81 24 0 4 16 45 20 60 89 86 2 42 96 61 6 69 87 38 52 61 42 32 64 91 27 60 85 1 52 13 38 24 81 29 93 59 97 38 54 
27 89 9 12 22 4 0 61 85 29 83 99 49 71 24 29 92 85 62 96 95 4 28 75 19 93 30 25 64 81 81 37 93 51 50 81 40 33 71 10 52 45 
40 62 39 25 86 16 61 0 64 9 21 57 52 69 82 84 1 46 88 96 73 31 67 11 34 0 6 76 26 46 24 15 64 11 85 57 34 45 21 36 24 55 
42 82 87 93 89 45 85 64 0 2 0 91 30 53 21 98 47 61 96 85 18 51 17 48 88 93 11 34 94 21 38 37 1 44 3 54 70 67 85 95 35 65 
28 61 66 38 3 20 29 9 2 0 63 6 56 23 90 15 50 96 95 43 40 6 46 51 12 8 39 78 53 42 96 51 29 8 1 29 26 38 53 68 13 74 
58 46 98 19 25 60 83 21 0 63 0 78 18 88 34 64 52 68 84 14 84 7 61 27 88 53 25 68 58 22 19 60 71 47 42 40 32 75 91 90 75 86 
47 15 100 89 97 89 99 57 91 6 78 0 91 94 77 18 18 79 15 86 80 41 99 41 0 11 54 82 50 27 4 4 94 20 79 95 83 45 80 82 96 56 
24 2 75 48 47 86 49 52 30 56 18 91 0 34 49 98 80 19 22 78 35 60 11 15 71 73 98 56 58 15 57 39 76 59 22 20 63 41 12 79 13 97 
69 53 56 62 47 2 71 69 53 23 88 94 34 0 2 35 48 57 54 96 86 70 87 8 53 82 98 54 74 26 27 19 2 7 43 2 73 33 51 89 40 77 
81 65 67 52 85 42 24 82 21 90 34 77 49 2 0 18 1 26 35 69 10 15 78 99 52 17 76 23 32 35 74 29 51 16 15 27 21 61 3 16 51 92 
4 80 22 66 39 96 29 84 98 15 64 18 98 35 18 0 25 26 84 86 84 54 21 23 81 90 45 67 36 98 9 85 29 67 63 65 40 60 42 44 18 34 
12 78 3 66 44 61 92 1 47 50 52 18 80 48 1 25 0 57 10 10 0 94 69 3 52 65 27 85 43 37 96 94 58 81 100 80 75 78 36 60 42 33 
43 44 75 85 63 6 85 46 61 96 68 79 19 57 26 26 57 0 75 16 64 73 25 72 56 55 15 44 46 28 46 51 83 84 31 6 34 23 96 31 100 68 
13 65 98 24 31 69 62 88 96 95 84 15 22 54 35 84 10 75 0 76 9 29 68 10 91 83 58 38 6 9 38 82 68 16 80 88 33 76 85 32 65 66 
75 71 34 97 71 87 96 96 85 43 14 86 78 96 69 86 10 16 76 0 57 62 34 85 59 8 73 11 8 9 13 94 28 54 13 96 11 82 97 58 10 88 
96 100 47 20 48 38 95 73 18 40 84 80 35 86 10 84 0 64 9 57 0 100 89 39 27 73 22 1 76 95 17 73 67 99 81 66 94 29 90 69 22 39 
53 78 83 75 67 52 4 31 51 6 7 41 60 70 15 54 94 73 29 62 100 0 45 59 51 31 22 13 27 14 98 86 32 74 11 86 38 92 34 95 31 100 
63 23 1 38 52 61 28 67 17 46 61 99 11 87 78 21 69 25 68 34 89 45 0 29 20 97 5 33 77 52 2 15 13 28 24 68 72 64 19 25 26 47 
52 62 94 98 34 42 75 11 48 51 27 41 15 8 99 23 3 72 10 85 39 59 29 0 91 77 95 30 68 62 58 54 2 56 71 83 41 23 38 36 75 45 
83 0 0 81 0 32 19 34 88 12 88 0 71 53 52 81 52 56 91 59 27 51 20 91 0 51 80 64 50 4 48 4 95 17 27 63 98 58 100 87 39 41 
81 11 64 56 84 64 93 0 93 8 53 11 73 82 17 90 65 55 83 8 73 31 97 77 51 0 64 33 27 23 79 44 65 96 75 83 15 17 72 93 37 65 
9 64 78 65 2 91 30 6 11 39 25 54 98 98 76 45 27 15 58 73 22 22 5 95 80 64 0 18 47 88 7 19 90 56 72 31 74 65 33 46 35 18 
44 69 13 83 10 27 25 76 34 78 68 82 56 54 23 67 85 44 38 11 1 13 33 30 64 33 18 0 17 53 25 82 50 43 10 34 43 23 23 4 91 23 
24 8 74 8 5 60 64 26 94 53 58 50 58 74 32 36 43 46 6 8 76 27 77 68 50 27 47 17 0 23 88 72 95 65 70 53 6 89 22 15 72 96 
57 7 52 27 60 85 81 46 21 42 22 27 15 26 35 98 37 28 9 9 95 14 52 62 4 23 88 53 23 0 51 89 36 10 23 27 16 34 72 26 62 17 
0 52 95 47 69 1 81 24 38 96 19 4 57 27 74 9 96 46 38 13 17 98 2 58 48 79 7 25 88 51 0 9 5 0 77 42 86 15 38 89 60 66 
54 78 75 62 61 52 37 15 37 51 60 4 39 19 29 85 94 51 82 94 73 86 15 54 4 44 19 82 72 89 9 0 82 48 61 70 95 33 92 67 78 57 
92 77 59 18 41 13 93 64 1 29 71 94 76 2 51 29 58 83 68 28 67 32 13 2 95 65 90 50 95 36 5 82 0 88 42 96 43 71 91 28 53 63 
58 51 79 37 22 38 51 11 44 8 47 20 59 7 16 67 81 84 16 54 99 74 28 56 17 96 56 43 65 10 0 48 88 0 59 39 68 47 79 35 1 60 
65 12 49 27 36 24 50 85 3 1 42 79 22 43 15 63 100 31 80 13 81 11 24 71 27 75 72 10 70 23 77 61 42 59 0 47 50 33 9 55 84 97 
76 17 37 34 93 81 81 57 54 29 40 95 20 2 27 65 80 6 88 96 66 86 68 83 63 83 31 34 53 27 42 70 96 39 47 0 53 76 31 96 36 42 
1 26 56 5 81 29 40 34 70 26 32 83 63 73 21 40 75 34 33 11 94 38 72 41 98 15 74 43 6 16 86 95 43 68 50 53 0 65 81 32 12 76 
83 1 25 57 28 93 33 45 67 38 75 45 41 33 61 60 78 23 76 82 29 92 64 23 58 17 65 23 89 34 15 33 71 47 33 76 65 0 22 70 54 40 
79 41 36 91 85 59 71 21 85 53 91 80 12 51 3 42 36 96 85 97 90 34 19 38 100 72 33 23 22 72 38 92 91 79 9 31 81 22 0 64 95 32 
19 44 25 52 5 97 10 36 95 68 90 82 79 89 16 44 60 31 32 58 69 95 25 36 87 93 46 4 15 26 89 67 28 35 55 96 32 70 64 0 52 62 
54 72 28 84 68 38 52 24 35 13 75 96 13 40 51 18 42 100 65 10 22 31 26 75 39 37 35 91 72 62 60 78 53 1 84 36 12 54 95 52 0 39 
60 35 9 90 11 54 45 55 65 74 86 56 97 77 92 34 33 68 66 88 39 100 47 45 41 65 18 23 96 17 66 57 63 60 97 42 76 40 32 62 39 0 
RRBBBRBRRRBRBBRBBBRBBRBBRRRRRRBBBRRBBBRRRB
