50
0 21 74 74 53 35 75 9 13 44 36 47 53 25 46 67 38 89 40 100 63 62 24 60 5 42 76 25 11 29 21 46 78 70 90 25 42 57 92 19 80 48 1 87 99 93 62 1 95 53 
21 0 44 55 33 39 10 32 88 23 17 74 64 62 13 63 49 34 47 60 50 32 7 24 76 8 39 8 83 92 22 68 39 19 98 91 84 10 55 64 24 19 56 61 9 30 79 10 54 63 
74 44 0 30 0 11 58 51 37 70 21 43 55 89 65 98 26 65 48 6 23 55 57 46 67 51 97 87 42 68 24 96 72 58 64 69 96 3 18 39 4 37 53 3 79 72 8 37 76 30 
74 55 30 0 91 76 61 71 77 43 5 99 62 66 60 9 95 78 58 26 82 50 53 33 83 44 32 86 40 71 29 63 74 1 59 93 10 36 48 24 96 81 42 86 14 77 33 52 49 99 
53 33 0 91 0 17 68 60 89 50 95 68 44 95 7 27 84 15 79 46 25 24 14 27 52 79 94 24 53 99 16 85 21 89 52 5 94 58 80 34 9 2 38 36 87 28 24 98 34 72 
35 39 11 76 17 0 72 55 61 69 95 92 48 23 57 9 58 84 78 98 79 79 34 45 71 81 10 93 98 35 41 21 13 41 57 13 59 15 18 4 31 13 77 32 43 72 71 26 13 75 
75 10 58 61 68 72 0 87 63 39 84 26 16 16 29 65 97 64 32 58 72 22 74 29 95 90 15 2 35 54 51 10 44 66 38 83 62 89 55 96 53 83 84 12 8 100 51 86 68 75 
9 32 51 71 60 55 87 0 1 5 78 14 38 65 28 84 49 28 81 86 4 71 63 55 19 55 52 85 43 3 18 71 80 76 46 10 84 96 22 7 74 58 98 54 62 16 66 57 68 9 
13 88 37 77 89 61 63 1 0 18 79 35 78 52 85 73 92 98 61 13 94 33 8 19 72 56 38 51 14 62 100 98 76 23 47 13 16 29 5 100 15 34 87 50 98 6 56 32 31 6 
44 23 70 43 50 69 39 5 18 0 72 12 66 26 90 30 79 81 55 41 40 74 95 1 26 1 16 76 44 28 32 61 84 67 90 94 90 100 53 97 40 31 67 37 34 8 96 5 55 42 
36 17 21 5 95 95 84 78 79 72 0 48 98 71 61 74 19 51 11 81 8 69 41 31 65 53 78 9 90 23 68 54 84 18 68 82 39 90 34 80 8 33 44 54 51 74 15 73 1 96 
47 74 43 99 68 92 26 14 35 12 48 0 18 1 79 80 99 55 73 12 59 82 89 76 31 28 60 43 9 79 14 77 26 73 79 89 20 91 15 96 51 84 20 27 3 69 62 76 80 35 
53 64 55 62 44 48 16 38 78 66 98 18 0 59 41 17 84 21 46 28 0 80 64 4 96 59 26 17 52 23 49 45 86 64 52 85 78 94 3 61 60 13 50 7 40 38 9 3 31 12 
25 62 89 66 95 23 16 65 52 26 71 1 59 0 84 20 48 18 71 0 14 27 19 25 25 49 23 34 72 29 40 58 97 50 57 31 68 88 12 69 86 31 52 78 11 25 24 7 82 95 
46 13 65 60 7 57 29 28 85 90 61 79 41 84 0 96 81 43 10 5 88 72 79 66 65 76 38 30 15 30 76 32 22 92 36 58 51 32 39 76 74 42 91 66 74 54 7 53 59 45 
67 63 98 9 27 9 65 84 73 30 74 80 17 20 96 0 23 31 64 60 34 79 71 45 74 21 2 17 11 12 80 32 8 9 36 37 68 71 88 67 36 43 43 55 54 38 94 2 1 37 
38 49 26 95 84 58 97 49 92 79 19 99 84 48 81 23 0 49 7 92 96 64 84 62 85 87 39 34 34 98 57 38 84 84 42 30 93 61 25 64 71 58 1 47 69 6 34 48 6 99 
89 34 65 78 15 84 64 28 98 81 51 55 21 18 43 31 49 0 95 73 23 77 57 49 14 5 58 30 66 90 28 33 71 91 25 53 5 16 46 89 64 4 90 90 23 96 63 16 9 75 
40 47 48 58 79 78 32 81 61 55 11 73 46 71 10 64 7 95 0 99 79 87 82 37 47 0 27 91 62 87 39 64 0 19 0 56 84 73 91 30 8 36 84 65 77 26 92 25 57 45 
100 60 6 26 46 98 58 86 13 41 81 12 28 0 5 60 92 73 99 0 64 83 56 74 34 86 88 49 53 88 36 75 4 27 10 32 33 23 86 16 17 86 45 1 77 38 54 54 27 35 
63 50 23 82 25 79 72 4 94 40 8 59 0 14 88 34 96 23 79 64 0 41 23 1 70 8 61 38 77 5 53 89 79 2 65 20 58 12 32 5 33 9 65 65 77 7 40 67 26 64 
62 32 55 50 24 79 22 71 33 74 69 82 80 27 72 79 64 77 87 83 41 0 19 45 83 95 91 100 68 100 2 83 23 43 65 49 73 63 51 43 82 1 22 43 71 47 41 1 15 30 
24 7 57 53 14 34 74 63 8 95 41 89 64 19 79 71 84 57 82 56 23 19 0 78 38 33 9 33 1 18 50 11 35 45 43 89 32 18 90 29 24 81 35 42 89 96 79 88 82 16 
60 24 46 33 27 45 29 55 19 1 31 76 4 25 66 45 62 49 37 74 1 45 78 0 21 75 41 73 21 94 73 60 98 33 49 20 80 60 33 90 29 55 17 74 31 97 52 11 78 8 
5 76 67 83 52 71 95 19 72 26 65 31 96 25 65 74 85 14 47 34 70 83 38 21 0 0 78 80 52 83 29 75 14 43 95 76 10 21 47 27 79 21 86 71 84 10 8 100 83 73 
42 8 51 44 79 81 90 55 56 1 53 28 59 49 76 21 87 5 0 86 8 95 33 75 0 0 83 89 43 27 22 40 39 82 7 84 34 89 5 74 64 34 45 21 31 98 96 31 2 73 
76 39 97 32 94 10 15 52 38 16 78 60 26 23 38 2 39 58 27 88 61 91 9 41 78 83 0 24 76 51 89 48 30 48 58 74 41 46 100 75 36 82 84 26 15 55 62 4 33 99 
25 8 87 86 24 93 2 85 51 76 9 43 17 34 30 17 34 30 91 49 38 100 33 73 80 89 24 0 82 85 4 89 89 84 95 82 67 92 51 57 99 41 96 100 87 68 49 1 72 68 
11 83 42 40 53 98 35 43 14 44 90 9 52 72 15 11 34 66 62 53 77 68 1 21 52 43 76 82 0 91 87 90 57 22 81 96 25 2 15 93 56 56 4 49 69 63 13 1 68 64 
29 92 68 71 99 35 54 3 62 28 23 79 23 29 30 12 98 90 87 88 5 100 18 94 83 27 51 85 91 0 4 65 58 90 83 45 3 67 37 5 55 46 55 84 76 59 67 85 89 8 
21 22 24 29 16 41 51 18 100 32 68 14 49 40 76 80 57 28 39 36 53 2 50 73 29 22 89 4 87 4 0 53 83 53 38 11 86 58 95 20 64 100 6 49 23 54 29 50 28 60 
46 68 96 63 85 21 10 71 98 61 54 77 45 58 32 32 38 33 64 75 89 83 11 60 75 40 48 89 90 65 53 0 24 51 36 66 10 18 73 54 18 18 12 54 60 32 81 94 33 55 
78 39 72 74 21 13 44 80 76 84 84 26 86 97 22 8 84 71 0 4 79 23 35 98 14 39 30 89 57 58 83 24 0 49 85 40 84 32 0 50 97 17 69 78 35 30 76 69 45 70 
70 19 58 1 89 41 66 76 23 67 18 73 64 50 92 9 84 91 19 27 2 43 45 33 43 82 48 84 22 90 53 51 49 0 83 44 14 1 98 45 81 42 78 19 27 27 78 84 83 15 
90 98 64 59 52 57 38 46 47 90 68 79 52 57 36 36 42 25 0 10 65 65 43 49 95 7 58 95 81 83 38 36 85 83 0 16 87 77 48 60 38 91 52 76 8 47 32 11 49 85 
25 91 69 93 5 13 83 10 13 94 82 89 85 31 58 37 30 53 56 32 20 49 89 20 76 84 74 82 96 45 11 66 40 44 16 0 41 1 40 54 81 17 17 97 9 19 67 38 1 100 
42 84 96 10 94 59 62 84 16 90 39 20 78 68 51 68 93 5 84 33 58 73 32 80 10 34 41 67 25 3 86 10 84 14 87 41 0 21 57 35 47 95 32 66 58 43 77 89 18 51 
57 10 3 36 58 15 89 96 29 100 90 91 94 88 32 71 61 16 73 23 12 63 18 60 21 89 46 92 2 67 58 18 32 1 77 1 21 0 85 88 5 35 85 51 78 78 46 37 59 64 
92 55 18 48 80 18 55 22 5 53 34 15 3 12 39 88 25 46 91 86 32 51 90 33 47 5 100 51 15 37 95 73 0 98 48 40 57 85 0 1 7 44 36 73 96 32 44 88 3 73 
19 64 39 24 34 4 96 7 100 97 80 96 61 69 76 67 64 89 30 16 5 43 29 90 27 74 75 57 93 5 20 54 50 45 60 54 35 88 1 0 34 19 71 41 39 97 43 80 0 87 
80 24 4 96 9 31 53 74 15 40 8 51 60 86 74 36 71 64 8 17 33 82 24 29 79 64 36 99 56 55 64 18 97 81 38 81 47 5 7 34 0 65 79 27 40 2 74 98 53 12 
48 19 37 81 2 13 83 58 34 31 33 84 13 31 42 43 58 4 36 86 9 1 81 55 21 34 82 41 56 46 100 18 17 42 91 17 95 35 44 19 65 0 65 12 80 99 19 33 71 2 
1 56 53 42 38 77 84 98 87 67 44 20 50 52 91 43 1 90 84 45 65 22 35 17 86 45 84 96 4 55 6 12 69 78 52 17 32 85 36 71 79 65 0 39 61 40 5 6 92 48 
87 61 3 86 36 32 12 54 50 37 54 27 7 78 66 55 47 90 65 1 65 43 42 74 71 21 26 100 49 84 49 54 78 19 76 97 66 51 73 41 27 12 39 0 21 62 37 32 64 76 
99 9 79 14 87 43 8 62 98 34 51 3 40 11 74 54 69 23 77 77 77 71 89 31 84 31 15 87 69 76 23 60 35 27 8 9 58 78 96 39 40 80 61 21 0 93 68 25 26 86 
93 30 72 77 28 72 100 16 6 8 74 69 38 25 54 38 6 96 26 38 7 47 96 97 10 98 55 68 63 59 54 32 30 27 47 19 43 78 32 97 2 99 40 62 93 0 14 52 58 76 
62 79 8 33 24 71 51 66 56 96 15 62 9 24 7 94 34 63 92 54 40 41 79 52 8 96 62 49 13 67 29 81 76 78 32 67 77 46 44 43 74 19 5 37 68 14 0 62 16 24 
1 10 37 52 98 26 86 57 32 5 73 76 3 7 53 2 48 16 25 54 67 1 88 11 100 31 4 1 1 85 50 94 69 84 11 38 89 37 88 80 98 33 6 32 25 52 62 0 55 93 
95 54 76 49 34 13 68 68 31 55 1 80 31 82 59 1 6 9 57 27 26 15 82 78 83 2 33 72 68 89 28 33 45 83 49 1 18 59 3 0 53 71 92 64 26 58 16 55 0 74 
53 63 30 99 72 75 75 9 6 42 96 35 12 95 45 37 99 75 45 35 64 30 16 8 73 73 99 68 64 8 60 55 70 15 85 100 51 64 73 87 12 2 48 76 86 76 24 93 74 0 
RRRBBRRBRRRRRBBRRBRBRBBBRBRBBRBRBBRBRRBBBRBBRBRRBB
