34
0 45 49 83 26 93 80 39 79 87 12 35 23 42 97 41 20 68 88 67 50 20 30 94 12 26 14 41 17 28 74 100 28 56 
45 0 18 80 1 90 78 29 35 9 74 5 5 66 69 37 59 7 61 57 67 57 23 99 99 13 75 71 96 69 87 1 69 21 
49 18 0 43 31 26 39 2 66 59 44 87 35 82 35 87 24 13 16 12 77 15 42 31 32 91 68 31 7 17 88 79 36 30 
83 80 43 0 92 6 6 37 20 68 60 85 68 41 95 9 19 76 14 81 33 70 84 92 95 11 29 78 89 83 42 13 64 42 
26 1 31 92 0 18 95 91 36 77 69 26 72 68 55 34 81 36 22 11 8 83 92 51 32 24 67 59 74 91 34 24 77 32 
93 90 26 6 18 0 26 11 87 16 19 76 79 1 15 25 2 12 80 79 25 7 9 49 14 46 7 55 18 30 54 25 57 76 
80 78 39 6 95 26 0 75 84 46 100 37 3 7 2 48 84 87 85 80 61 67 84 39 76 47 81 32 44 98 73 28 17 66 
39 29 2 37 91 11 75 0 69 61 39 17 32 4 75 88 99 0 48 61 49 14 59 11 29 10 3 91 35 89 66 43 42 72 
79 35 66 20 36 87 84 69 0 68 76 99 34 79 41 34 86 60 26 51 24 50 68 54 3 48 0 43 40 95 36 9 54 85 
87 9 59 68 77 16 46 61 68 0 4 84 5 2 1 20 66 76 31 95 81 88 83 14 4 13 20 85 14 85 10 7 32 31 
12 74 44 60 69 19 100 39 76 4 0 0 13 55 98 9 48 24 1 52 16 57 69 99 67 46 47 43 26 84 90 56 48 8 
35 5 87 85 26 76 37 17 99 84 0 0 78 36 95 8 14 34 0 63 59 5 91 57 28 92 33 16 96 59 33 81 33 64 
23 5 35 68 72 79 3 32 34 5 13 78 0 1 92 53 0 37 22 42 37 51 66 13 54 86 74 90 74 51 91 95 1 60 
42 66 82 41 68 1 7 4 79 2 55 36 1 0 2 99 91 77 13 50 38 3 97 38 30 88 50 41 64 87 19 46 3 87 
97 69 35 95 55 15 2 75 41 1 98 95 92 2 0 29 88 87 82 70 21 46 48 62 6 75 76 44 5 83 68 16 85 68 
41 37 87 9 34 25 48 88 34 20 9 8 53 99 29 0 30 38 55 52 81 26 91 37 65 23 19 66 14 86 95 67 49 69 
20 59 24 19 81 2 84 99 86 66 48 14 0 91 88 30 0 33 44 49 28 99 41 98 68 42 27 62 59 58 83 3 72 99 
68 7 13 76 36 12 87 0 60 76 24 34 37 77 87 38 33 0 5 91 55 65 12 73 51 20 67 39 33 1 26 24 84 64 
88 61 16 14 22 80 85 48 26 31 1 0 22 13 82 55 44 5 0 30 75 79 11 40 65 11 44 14 34 47 56 17 96 34 
67 57 12 81 11 79 80 61 51 95 52 63 42 50 70 52 49 91 30 0 81 11 57 83 23 54 90 88 54 82 12 1 57 64 
50 67 77 33 8 25 61 49 24 81 16 59 37 38 21 81 28 55 75 81 0 10 49 46 29 77 88 41 43 42 70 100 78 7 
20 57 15 70 83 7 67 14 50 88 57 5 51 3 46 26 99 65 79 11 10 0 89 32 70 75 49 34 95 81 12 28 16 64 
30 23 42 84 92 9 84 59 68 83 69 91 66 97 48 91 41 12 11 57 49 89 0 20 71 16 73 95 4 71 75 29 18 25 
94 99 31 92 51 49 39 11 54 14 99 57 13 38 62 37 98 73 40 83 46 32 20 0 4 20 12 25 10 89 97 72 3 13 
12 99 32 95 32 14 76 29 3 4 67 28 54 30 6 65 68 51 65 23 29 70 71 4 0 22 25 38 89 21 79 34 44 94 
26 13 91 11 24 46 47 10 48 13 46 92 86 88 75 23 42 20 11 54 77 75 16 20 22 0 12 90 28 19 50 14 51 50 
14 75 68 29 67 7 81 3 0 20 47 33 74 50 76 19 27 67 44 90 88 49 73 12 25 12 0 53 68 23 100 6 26 62 
41 71 31 78 59 55 32 91 43 85 43 16 90 41 44 66 62 39 14 88 41 34 95 25 38 90 53 0 2 18 72 90 33 74 
17 96 7 89 74 18 44 35 40 14 26 96 74 64 5 14 59 33 34 54 43 95 4 10 89 28 68 2 0 37 9 10 62 59 
28 69 17 83 91 30 98 89 95 85 84 59 51 87 83 86 58 1 47 82 42 81 71 89 21 19 23 18 37 0 2 87 38 78 
74 87 88 42 34 54 73 66 36 10 90 33 91 19 68 95 83 26 56 12 70 12 75 97 79 50 100 72 9 2 0 44 98 58 
100 1 79 13 24 25 28 43 9 7 56 81 95 46 16 67 3 24 17 1 100 28 29 72 34 14 6 90 10 87 44 0 10 1 
28 69 36 64 77 57 17 42 54 32 48 33 1 3 85 49 72 84 96 57 78 16 18 3 44 51 26 33 62 38 98 10 0 87 
56 21 30 42 32 76 66 72 85 31 8 64 60 87 68 69 99 64 34 64 7 64 25 13 94 50 62 74 59 78 58 1 87 0 
RRBRBBRRRBRRBBRRBRRRBRRBBBBBRBBBRB
