50
0 16 56 52 75 15 16 4 2 39 53 67 39 79 11 19 95 69 3 41 23 59 2 83 93 25 26 23 44 59 17 51 90 3 50 72 93 47 33 21 5 1 58 68 21 36 14 30 20 23 
16 0 17 27 24 19 85 4 28 22 53 71 12 21 94 33 32 100 92 34 97 67 27 29 82 87 18 58 40 42 96 64 6 89 92 53 5 78 15 70 35 18 94 0 8 68 98 13 40 66 
56 17 0 36 1 8 7 96 20 54 40 42 50 27 19 85 37 0 5 9 2 47 7 7 23 84 54 68 65 21 91 78 38 5 88 36 35 40 20 78 13 50 95 43 54 6 46 68 20 5 
52 27 36 0 21 6 35 50 73 55 78 26 78 91 33 7 33 29 43 37 22 72 80 19 66 70 89 41 96 44 76 82 91 67 37 48 38 74 27 7 45 46 86 17 41 99 31 14 79 42 
75 24 1 21 0 58 78 74 86 52 36 21 0 19 22 36 50 67 18 17 85 88 9 43 49 64 0 89 90 7 59 73 32 64 39 65 53 95 29 4 21 68 46 3 93 66 24 0 45 34 
15 19 8 6 58 0 43 40 33 90 87 8 5 7 1 84 30 56 97 88 26 56 12 64 28 48 10 42 59 28 29 60 9 19 6 58 51 24 82 37 38 4 95 38 42 30 35 56 89 13 
16 85 7 35 78 43 0 11 85 63 44 2 67 15 47 13 74 4 77 57 55 68 13 10 96 34 44 64 0 9 92 80 87 77 11 68 70 37 21 45 84 9 12 38 40 75 32 68 83 47 
4 4 96 50 74 40 11 0 53 41 38 85 74 86 82 42 78 9 7 25 30 19 83 60 15 22 28 23 54 27 62 69 28 79 6 89 36 20 96 11 78 18 14 22 64 5 74 52 41 60 
2 28 20 73 86 33 85 53 0 83 100 88 67 93 43 72 33 13 59 5 76 95 65 95 29 25 5 48 56 66 45 94 3 29 78 42 60 57 74 38 13 22 16 41 95 45 64 58 45 67 
39 22 54 55 52 90 63 41 83 0 8 5 28 82 84 12 100 82 83 29 2 16 30 91 4 23 36 71 15 99 100 49 77 49 82 68 36 96 8 18 97 44 60 52 68 57 74 61 24 79 
53 53 40 78 36 87 44 38 100 8 0 27 56 100 94 18 83 97 4 57 94 37 3 41 39 55 9 81 45 89 81 88 77 33 56 24 53 74 43 39 95 13 86 99 92 54 83 6 59 31 
67 71 42 26 21 8 2 85 88 5 27 0 53 4 91 16 6 22 43 94 37 67 23 90 60 86 8 69 94 36 93 85 76 36 37 97 29 28 5 43 61 87 46 0 47 80 35 80 24 47 
39 12 50 78 0 5 67 74 67 28 56 53 0 33 53 72 8 80 38 48 78 27 81 91 38 14 6 42 30 77 6 67 92 30 50 32 13 58 20 70 33 10 58 3 67 79 8 77 55 83 
79 21 27 91 19 7 15 86 93 82 100 4 33 0 61 96 5 62 51 56 79 27 35 71 50 91 95 89 83 7 41 28 10 1 62 29 34 51 1 90 27 64 17 30 37 52 2 86 34 62 
11 94 19 33 22 1 47 82 43 84 94 91 53 61 0 73 100 99 82 90 94 80 79 61 96 73 78 77 27 60 30 67 37 41 13 72 99 38 68 67 15 68 22 45 45 72 61 21 47 70 
19 33 85 7 36 84 13 42 72 12 18 16 72 96 73 0 24 48 39 63 70 8 91 87 69 22 5 88 45 86 20 19 2 48 22 72 8 34 21 24 9 4 16 67 7 14 41 89 49 33 
95 32 37 33 50 30 74 78 33 100 83 6 8 5 100 24 0 8 19 70 37 84 74 96 13 79 1 12 70 72 49 44 48 33 30 35 87 29 45 50 49 12 88 77 68 73 63 61 75 100 
69 100 0 29 67 56 4 9 13 82 97 22 80 62 99 48 8 0 85 40 8 33 96 18 41 28 47 80 70 27 35 64 19 80 5 17 85 33 81 94 17 49 45 0 69 32 78 30 88 47 
3 92 5 43 18 97 77 7 59 83 4 43 38 51 82 39 19 85 0 15 71 23 82 50 90 29 76 99 13 73 29 100 20 65 93 5 20 24 78 5 68 1 70 26 22 0 71 77 57 9 
41 34 9 37 17 88 57 25 5 29 57 94 48 56 90 63 70 40 15 0 35 10 46 41 58 32 74 82 89 36 13 76 93 95 79 21 78 47 79 12 62 0 64 8 71 47 5 87 72 37 
23 97 2 22 85 26 55 30 76 2 94 37 78 79 94 70 37 8 71 35 0 42 52 70 89 64 64 3 84 20 54 63 100 51 84 39 64 52 85 13 88 69 22 3 66 39 90 79 70 12 
59 67 47 72 88 56 68 19 95 16 37 67 27 27 80 8 84 33 23 10 42 0 27 80 32 63 42 0 33 27 96 93 37 95 70 68 41 30 68 55 72 26 6 58 53 63 15 35 58 43 
2 27 7 80 9 12 13 83 65 30 3 23 81 35 79 91 74 96 82 46 52 27 0 28 14 46 52 66 3 3 47 55 81 20 50 21 16 30 59 95 65 86 52 29 41 85 10 51 83 83 
83 29 7 19 43 64 10 60 95 91 41 90 91 71 61 87 96 18 50 41 70 80 28 0 43 69 100 93 30 96 3 52 30 76 7 45 61 61 54 38 42 40 56 72 82 68 79 93 36 13 
93 82 23 66 49 28 96 15 29 4 39 60 38 50 96 69 13 41 90 58 89 32 14 43 0 70 48 30 65 80 1 71 87 58 34 12 94 59 70 22 8 82 70 76 2 88 82 70 31 70 
25 87 84 70 64 48 34 22 25 23 55 86 14 91 73 22 79 28 29 32 64 63 46 69 70 0 79 41 34 61 82 17 9 17 46 80 29 16 98 99 2 86 10 35 18 34 49 95 24 3 
26 18 54 89 0 10 44 28 5 36 9 8 6 95 78 5 1 47 76 74 64 42 52 100 48 79 0 3 32 24 20 83 89 44 22 67 78 75 49 92 45 17 63 48 94 56 14 82 52 53 
23 58 68 41 89 42 64 23 48 71 81 69 42 89 77 88 12 80 99 82 3 0 66 93 30 41 3 0 63 9 30 27 2 41 34 48 17 23 1 50 12 28 4 84 97 53 40 52 90 19 
44 40 65 96 90 59 0 54 56 15 45 94 30 83 27 45 70 70 13 89 84 33 3 30 65 34 32 63 0 90 85 54 76 48 2 34 81 62 88 22 77 6 85 97 95 50 39 100 74 88 
59 42 21 44 7 28 9 27 66 99 89 36 77 7 60 86 72 27 73 36 20 27 3 96 80 61 24 9 90 0 88 83 20 36 50 45 19 77 3 14 82 32 68 43 22 4 25 28 50 50 
17 96 91 76 59 29 92 62 45 100 81 93 6 41 30 20 49 35 29 13 54 96 47 3 1 82 20 30 85 88 0 83 34 50 58 54 44 8 22 68 93 17 7 4 40 96 3 16 84 96 
51 64 78 82 73 60 80 69 94 49 88 85 67 28 67 19 44 64 100 76 63 93 55 52 71 17 83 27 54 83 83 0 15 81 83 48 99 44 53 78 40 69 31 27 96 50 36 58 49 92 
90 6 38 91 32 9 87 28 3 77 77 76 92 10 37 2 48 19 20 93 100 37 81 30 87 9 89 2 76 20 34 15 0 100 40 85 25 55 13 13 62 41 86 48 18 22 75 17 20 40 
3 89 5 67 64 19 77 79 29 49 33 36 30 1 41 48 33 80 65 95 51 95 20 76 58 17 44 41 48 36 50 81 100 0 54 14 89 8 64 8 36 32 76 59 66 95 36 30 73 32 
50 92 88 37 39 6 11 6 78 82 56 37 50 62 13 22 30 5 93 79 84 70 50 7 34 46 22 34 2 50 58 83 40 54 0 65 7 86 52 72 93 52 71 21 49 15 23 6 98 20 
72 53 36 48 65 58 68 89 42 68 24 97 32 29 72 72 35 17 5 21 39 68 21 45 12 80 67 48 34 45 54 48 85 14 65 0 40 22 65 37 53 64 57 69 46 41 73 41 83 69 
93 5 35 38 53 51 70 36 60 36 53 29 13 34 99 8 87 85 20 78 64 41 16 61 94 29 78 17 81 19 44 99 25 89 7 40 0 99 83 33 41 69 77 69 100 71 27 76 60 29 
47 78 40 74 95 24 37 20 57 96 74 28 58 51 38 34 29 33 24 47 52 30 30 61 59 16 75 23 62 77 8 44 55 8 86 22 99 0 72 53 19 83 27 51 28 81 34 60 87 25 
33 15 20 27 29 82 21 96 74 8 43 5 20 1 68 21 45 81 78 79 85 68 59 54 70 98 49 1 88 3 22 53 13 64 52 65 83 72 0 60 92 17 35 80 47 25 27 81 1 76 
21 70 78 7 4 37 45 11 38 18 39 43 70 90 67 24 50 94 5 12 13 55 95 38 22 99 92 50 22 14 68 78 13 8 72 37 33 53 60 0 41 22 43 98 99 45 8 83 70 24 
5 35 13 45 21 38 84 78 13 97 95 61 33 27 15 9 49 17 68 62 88 72 65 42 8 2 45 12 77 82 93 40 62 36 93 53 41 19 92 41 0 99 12 100 82 40 58 33 83 68 
1 18 50 46 68 4 9 18 22 44 13 87 10 64 68 4 12 49 1 0 69 26 86 40 82 86 17 28 6 32 17 69 41 32 52 64 69 83 17 22 99 0 49 78 69 28 84 42 17 87 
58 94 95 86 46 95 12 14 16 60 86 46 58 17 22 16 88 45 70 64 22 6 52 56 70 10 63 4 85 68 7 31 86 76 71 57 77 27 35 43 12 49 0 24 22 9 78 20 54 64 
68 0 43 17 3 38 38 22 41 52 99 0 3 30 45 67 77 0 26 8 3 58 29 72 76 35 48 84 97 43 4 27 48 59 21 69 69 51 80 98 100 78 24 0 71 27 4 71 18 97 
21 8 54 41 93 42 40 64 95 68 92 47 67 37 45 7 68 69 22 71 66 53 41 82 2 18 94 97 95 22 40 96 18 66 49 46 100 28 47 99 82 69 22 71 0 39 80 63 94 97 
36 68 6 99 66 30 75 5 45 57 54 80 79 52 72 14 73 32 0 47 39 63 85 68 88 34 56 53 50 4 96 50 22 95 15 41 71 81 25 45 40 28 9 27 39 0 57 64 14 61 
14 98 46 31 24 35 32 74 64 74 83 35 8 2 61 41 63 78 71 5 90 15 10 79 82 49 14 40 39 25 3 36 75 36 23 73 27 34 27 8 58 84 78 4 80 57 0 83 75 30 
30 13 68 14 0 56 68 52 58 61 6 80 77 86 21 89 61 30 77 87 79 35 51 93 70 95 82 52 100 28 16 58 17 30 6 41 76 60 81 83 33 42 20 71 63 64 83 0 21 51 
20 40 20 79 45 89 83 41 45 24 59 24 55 34 47 49 75 88 57 72 70 58 83 36 31 24 52 90 74 50 84 49 20 73 98 83 60 87 1 70 83 17 54 18 94 14 75 21 0 97 
23 66 5 42 34 13 47 60 67 79 31 47 83 62 70 33 100 47 9 37 12 43 83 13 70 3 53 19 88 50 96 92 40 32 20 69 29 25 76 24 68 87 64 97 97 61 30 51 97 0 
RRRBBBBRRRRBBBRRRBRRBRRBBBBBRBRBBRRRBBBRRBRRBRBBRB
