32
0 62 50 52 81 16 58 25 10 36 74 43 49 3 9 79 100 18 51 92 62 48 38 72 50 3 13 82 20 77 3 29 
62 0 31 85 64 8 73 41 46 63 24 77 6 41 17 18 87 29 100 56 1 32 40 71 11 82 38 19 69 85 13 53 
50 31 0 7 71 90 4 22 96 66 10 56 11 36 16 50 38 76 42 52 63 36 47 7 55 98 55 47 78 71 97 66 
52 85 7 0 10 45 35 81 40 13 91 98 76 27 40 72 9 9 14 37 63 71 0 42 15 56 22 2 52 82 1 44 
81 64 71 10 0 19 99 49 60 47 61 2 70 24 54 14 19 14 33 43 46 12 33 93 23 79 77 45 71 49 14 67 
16 8 90 45 19 0 49 81 97 41 97 16 52 85 19 60 13 87 66 71 43 64 32 73 74 64 6 0 34 67 81 2 
58 73 4 35 99 49 0 15 41 48 71 78 98 93 34 11 16 73 1 38 15 32 29 50 80 84 20 76 63 34 93 70 
25 41 22 81 49 81 15 0 65 28 36 66 96 82 17 62 58 97 56 90 35 3 89 83 99 97 34 77 22 97 53 39 
10 46 96 40 60 97 41 65 0 81 54 27 85 83 50 96 82 8 90 26 14 61 21 4 78 79 96 2 33 47 87 82 
36 63 66 13 47 41 48 28 81 0 10 56 51 45 92 84 51 8 68 12 50 97 87 70 92 38 85 57 91 32 11 96 
74 24 10 91 61 97 71 36 54 10 0 21 95 96 4 36 57 34 32 95 100 80 49 53 97 7 43 23 55 63 30 73 
43 77 56 98 2 16 78 66 27 56 21 0 4 38 86 54 32 97 47 49 5 36 32 48 69 61 44 78 7 90 67 86 
49 6 11 76 70 52 98 96 85 51 95 4 0 20 92 37 7 93 52 97 70 91 23 11 5 42 67 92 37 63 18 73 
3 41 36 27 24 85 93 82 83 45 96 38 20 0 92 40 72 0 19 73 77 78 65 99 3 0 52 99 50 30 96 40 
9 17 16 40 54 19 34 17 50 92 4 86 92 92 0 1 85 59 43 64 48 17 46 8 3 99 47 53 96 99 69 55 
79 18 50 72 14 60 11 62 96 84 36 54 37 40 1 0 35 66 0 34 39 83 52 42 51 4 43 36 32 35 86 81 
100 87 38 9 19 13 16 58 82 51 57 32 7 72 85 35 0 32 82 95 73 67 19 70 18 9 74 47 55 43 38 100 
18 29 76 9 14 87 73 97 8 8 34 97 93 0 59 66 32 0 76 49 82 93 54 48 47 78 39 32 51 91 11 44 
51 100 42 14 33 66 1 56 90 68 32 47 52 19 43 0 82 76 0 38 28 3 57 95 3 92 98 8 74 0 2 12 
92 56 52 37 43 71 38 90 26 12 95 49 97 73 64 34 95 49 38 0 87 72 97 29 12 53 51 96 48 48 55 71 
62 1 63 63 46 43 15 35 14 50 100 5 70 77 48 39 73 82 28 87 0 84 43 100 10 49 84 72 95 32 98 75 
48 32 36 71 12 64 32 3 61 97 80 36 91 78 17 83 67 93 3 72 84 0 45 44 74 47 64 7 1 49 22 75 
38 40 47 0 33 32 29 89 21 87 49 32 23 65 46 52 19 54 57 97 43 45 0 80 86 55 88 33 90 27 99 49 
72 71 7 42 93 73 50 83 4 70 53 48 11 99 8 42 70 48 95 29 100 44 80 0 26 14 16 0 16 64 72 73 
50 11 55 15 23 74 80 99 78 92 97 69 5 3 3 51 18 47 3 12 10 74 86 26 0 29 47 24 55 2 91 67 
3 82 98 56 79 64 84 97 79 38 7 61 42 0 99 4 9 78 92 53 49 47 55 14 29 0 51 98 92 12 87 82 
13 38 55 22 77 6 20 34 96 85 43 44 67 52 47 43 74 39 98 51 84 64 88 16 47 51 0 33 28 52 81 43 
82 19 47 2 45 0 76 77 2 57 23 78 92 99 53 36 47 32 8 96 72 7 33 0 24 98 33 0 0 74 38 84 
20 69 78 52 71 34 63 22 33 91 55 7 37 50 96 32 55 51 74 48 95 1 90 16 55 92 28 0 0 62 15 74 
77 85 71 82 49 67 34 97 47 32 63 90 63 30 99 35 43 91 0 48 32 49 27 64 2 12 52 74 62 0 65 47 
3 13 97 1 14 81 93 53 87 11 30 67 18 96 69 86 38 11 2 55 98 22 99 72 91 87 81 38 15 65 0 89 
29 53 66 44 67 2 70 39 82 96 73 86 73 40 55 81 100 44 12 71 75 75 49 73 67 82 43 84 74 47 89 0 
RRRRBBRRBBBBRRBBBRRBRBRBBBBRRRBR
