44
0 39 59 54 68 10 37 100 97 17 24 75 30 19 92 44 50 71 37 47 7 40 63 47 74 25 57 66 16 53 89 62 94 43 27 30 20 18 100 61 53 20 2 36 
39 0 98 9 53 100 71 87 19 65 19 39 29 24 60 45 6 26 45 7 29 69 91 34 65 5 66 53 36 2 48 34 59 8 24 65 4 6 38 52 99 56 76 31 
59 98 0 64 6 77 59 86 75 17 65 68 35 83 62 92 18 26 22 79 63 59 96 71 7 54 19 95 93 44 19 89 59 46 39 18 36 98 14 23 11 22 76 29 
54 9 64 0 7 9 35 19 21 29 77 45 0 61 88 75 4 39 52 32 33 43 54 50 51 44 5 53 35 25 32 44 33 30 53 98 0 86 52 28 70 38 92 56 
68 53 6 7 0 54 79 12 95 80 14 33 85 16 49 57 69 97 41 58 10 81 42 39 88 13 66 22 39 12 100 82 37 73 10 94 94 84 58 60 36 25 82 8 
10 100 77 9 54 0 22 23 83 67 96 51 42 46 45 54 67 11 84 10 52 92 35 31 41 94 88 86 10 77 66 8 88 37 42 16 45 26 32 8 95 4 38 22 
37 71 59 35 79 22 0 38 34 72 1 55 94 88 34 33 80 8 35 40 57 49 65 7 80 83 64 19 80 69 43 25 77 84 30 44 27 96 89 70 26 24 21 91 
100 87 86 19 12 23 38 0 27 47 12 43 75 45 71 28 68 83 54 49 72 95 51 61 45 97 93 24 66 21 73 68 71 39 78 6 72 19 11 21 84 79 73 64 
97 19 75 21 95 83 34 27 0 46 32 61 14 98 61 17 41 70 54 65 70 24 11 79 69 5 35 5 59 6 3 33 6 68 71 22 57 68 0 46 75 93 83 69 
17 65 17 29 80 67 72 47 46 0 51 98 13 20 66 81 32 84 76 70 7 85 7 55 30 94 30 50 50 1 76 39 42 84 70 26 96 17 70 24 36 46 5 71 
24 19 65 77 14 96 1 12 32 51 0 89 32 35 88 49 93 100 6 94 94 55 51 33 96 6 67 57 98 1 79 45 23 21 63 84 92 83 81 20 67 38 70 42 
75 39 68 45 33 51 55 43 61 98 89 0 12 9 5 91 94 33 32 76 74 17 81 80 23 50 84 82 5 89 93 39 100 95 11 8 93 45 28 11 69 12 37 99 
30 29 35 0 85 42 94 75 14 13 32 12 0 15 90 49 68 11 47 6 16 26 30 96 3 22 47 26 73 67 9 22 0 6 13 39 45 53 87 48 66 17 88 60 
19 24 83 61 16 46 88 45 98 20 35 9 15 0 42 22 57 87 36 30 87 88 82 10 12 37 99 41 39 15 5 46 3 28 76 85 43 5 17 3 91 45 98 83 
92 60 62 88 49 45 34 71 61 66 88 5 90 42 0 45 27 50 12 62 91 69 73 65 7 21 96 28 89 78 99 29 48 56 93 72 91 92 84 20 30 22 41 60 
44 45 92 75 57 54 33 28 17 81 49 91 49 22 45 0 28 87 66 93 72 58 36 12 85 68 3 49 81 50 64 88 41 42 20 19 71 98 97 48 10 57 26 76 
50 6 18 4 69 67 80 68 41 32 93 94 68 57 27 28 0 37 11 72 93 20 13 89 24 5 37 100 92 25 97 0 51 82 9 5 80 92 71 5 64 37 20 94 
71 26 26 39 97 11 8 83 70 84 100 33 11 87 50 87 37 0 14 67 53 8 24 76 94 94 44 41 24 22 31 98 8 0 11 79 97 51 2 19 88 91 50 96 
37 45 22 52 41 84 35 54 54 76 6 32 47 36 12 66 11 14 0 44 76 79 24 60 41 61 26 11 66 72 26 41 39 57 44 33 39 51 6 79 76 98 12 95 
47 7 79 32 58 10 40 49 65 70 94 76 6 30 62 93 72 67 44 0 4 65 28 89 29 66 77 12 65 10 78 27 100 83 88 73 76 57 28 92 96 35 11 91 
7 29 63 33 10 52 57 72 70 7 94 74 16 87 91 72 93 53 76 4 0 46 98 94 15 44 47 12 51 6 46 24 44 22 63 18 4 54 75 61 47 30 43 22 
40 69 59 43 81 92 49 95 24 85 55 17 26 88 69 58 20 8 79 65 46 0 29 68 38 27 8 83 5 69 13 77 65 74 49 19 69 4 59 54 7 23 53 37 
63 91 96 54 42 35 65 51 11 7 51 81 30 82 73 36 13 24 24 28 98 29 0 86 30 73 40 96 43 22 81 25 55 64 14 16 2 79 97 89 67 43 15 1 
47 34 71 50 39 31 7 61 79 55 33 80 96 10 65 12 89 76 60 89 94 68 86 0 69 62 27 86 57 2 77 48 79 61 0 31 0 41 90 23 72 81 78 31 
74 65 7 51 88 41 80 45 69 30 96 23 3 12 7 85 24 94 41 29 15 38 30 69 0 87 46 50 49 51 21 19 55 7 36 44 85 82 75 33 95 3 26 65 
25 5 54 44 13 94 83 97 5 94 6 50 22 37 21 68 5 94 61 66 44 27 73 62 87 0 6 43 61 41 17 81 24 45 70 23 47 37 30 46 80 87 25 69 
57 66 19 5 66 88 64 93 35 30 67 84 47 99 96 3 37 44 26 77 47 8 40 27 46 6 0 23 39 29 8 37 46 86 36 61 31 65 66 34 1 40 57 77 
66 53 95 53 22 86 19 24 5 50 57 82 26 41 28 49 100 41 11 12 12 83 96 86 50 43 23 0 31 95 28 44 7 92 67 36 9 63 15 30 60 11 2 35 
16 36 93 35 39 10 80 66 59 50 98 5 73 39 89 81 92 24 66 65 51 5 43 57 49 61 39 31 0 88 99 26 72 95 69 97 99 77 47 61 45 39 59 29 
53 2 44 25 12 77 69 21 6 1 1 89 67 15 78 50 25 22 72 10 6 69 22 2 51 41 29 95 88 0 11 90 0 97 64 6 21 26 2 87 80 23 46 85 
89 48 19 32 100 66 43 73 3 76 79 93 9 5 99 64 97 31 26 78 46 13 81 77 21 17 8 28 99 11 0 54 66 64 30 93 0 72 65 80 69 15 85 82 
62 34 89 44 82 8 25 68 33 39 45 39 22 46 29 88 0 98 41 27 24 77 25 48 19 81 37 44 26 90 54 0 80 20 7 10 93 47 60 97 8 9 24 57 
94 59 59 33 37 88 77 71 6 42 23 100 0 3 48 41 51 8 39 100 44 65 55 79 55 24 46 7 72 0 66 80 0 76 45 37 56 57 62 58 2 8 60 85 
43 8 46 30 73 37 84 39 68 84 21 95 6 28 56 42 82 0 57 83 22 74 64 61 7 45 86 92 95 97 64 20 76 0 34 51 98 41 22 83 64 10 56 46 
27 24 39 53 10 42 30 78 71 70 63 11 13 76 93 20 9 11 44 88 63 49 14 0 36 70 36 67 69 64 30 7 45 34 0 94 51 11 56 62 52 50 18 77 
30 65 18 98 94 16 44 6 22 26 84 8 39 85 72 19 5 79 33 73 18 19 16 31 44 23 61 36 97 6 93 10 37 51 94 0 37 5 50 81 3 28 71 77 
20 4 36 0 94 45 27 72 57 96 92 93 45 43 91 71 80 97 39 76 4 69 2 0 85 47 31 9 99 21 0 93 56 98 51 37 0 12 89 61 99 67 36 34 
18 6 98 86 84 26 96 19 68 17 83 45 53 5 92 98 92 51 51 57 54 4 79 41 82 37 65 63 77 26 72 47 57 41 11 5 12 0 1 75 42 63 30 62 
100 38 14 52 58 32 89 11 0 70 81 28 87 17 84 97 71 2 6 28 75 59 97 90 75 30 66 15 47 2 65 60 62 22 56 50 89 1 0 60 37 23 52 63 
61 52 23 28 60 8 70 21 46 24 20 11 48 3 20 48 5 19 79 92 61 54 89 23 33 46 34 30 61 87 80 97 58 83 62 81 61 75 60 0 55 43 40 68 
53 99 11 70 36 95 26 84 75 36 67 69 66 91 30 10 64 88 76 96 47 7 67 72 95 80 1 60 45 80 69 8 2 64 52 3 99 42 37 55 0 35 65 82 
20 56 22 38 25 4 24 79 93 46 38 12 17 45 22 57 37 91 98 35 30 23 43 81 3 87 40 11 39 23 15 9 8 10 50 28 67 63 23 43 35 0 57 10 
2 76 76 92 82 38 21 73 83 5 70 37 88 98 41 26 20 50 12 11 43 53 15 78 26 25 57 2 59 46 85 24 60 56 18 71 36 30 52 40 65 57 0 17 
36 31 29 56 8 22 91 64 69 71 42 99 60 83 60 76 94 96 95 91 22 37 1 31 65 69 77 35 29 85 82 57 85 46 77 77 34 62 63 68 82 10 17 0 
RBRBRBRBRRBRBBRBBBRRRRRRBBBBRBRRBRRBBRRBRBBB
