40
0 95 39 73 77 29 54 48 94 93 11 75 43 0 69 93 10 48 15 74 27 15 35 11 51 20 16 19 24 6 62 59 9 70 51 75 8 20 68 86 
95 0 94 56 68 47 5 52 50 35 38 23 76 37 85 16 8 39 72 84 18 73 78 84 20 77 57 70 39 48 90 80 23 83 64 54 38 46 25 31 
39 94 0 13 50 26 1 40 80 93 10 81 39 5 47 89 88 98 22 62 97 27 68 51 57 5 2 35 87 49 39 37 68 93 70 66 36 12 61 3 
73 56 13 0 52 81 29 1 65 28 26 8 15 73 40 65 6 58 94 84 16 23 32 69 74 6 49 92 53 95 89 8 65 69 10 99 88 60 100 47 
77 68 50 52 0 63 19 68 12 69 29 91 59 90 62 20 79 30 49 50 71 76 90 58 18 72 40 0 10 90 70 38 56 43 14 97 73 84 30 85 
29 47 26 81 63 0 38 28 41 65 34 32 68 46 68 81 41 23 90 57 34 76 48 71 60 65 57 93 20 13 27 33 14 72 26 2 67 77 57 59 
54 5 1 29 19 38 0 51 9 2 88 33 36 60 91 82 79 34 4 13 98 77 85 10 98 8 72 74 68 47 53 21 85 77 70 3 34 71 26 81 
48 52 40 1 68 28 51 0 93 1 16 80 91 98 89 14 57 65 39 78 99 9 24 62 8 49 91 38 43 15 85 63 46 15 2 61 49 72 54 88 
94 50 80 65 12 41 9 93 0 26 95 51 72 10 73 87 60 18 75 0 40 91 95 38 62 9 4 93 99 15 35 60 81 88 40 81 22 50 92 17 
93 35 93 28 69 65 2 1 26 0 65 45 18 100 90 77 55 2 50 81 59 78 40 72 61 71 76 82 100 61 95 50 9 4 46 43 41 80 81 56 
11 38 10 26 29 34 88 16 95 65 0 19 64 88 77 71 37 49 44 44 48 46 64 87 49 32 83 65 10 94 7 64 61 56 87 81 77 42 1 12 
75 23 81 8 91 32 33 80 51 45 19 0 14 77 54 93 50 88 68 2 41 16 19 56 98 41 68 66 71 83 54 35 67 95 46 87 44 85 98 98 
43 76 39 15 59 68 36 91 72 18 64 14 0 86 33 91 76 75 3 21 80 89 40 67 54 37 6 61 3 36 42 85 2 71 99 38 31 98 0 28 
0 37 5 73 90 46 60 98 10 100 88 77 86 0 22 17 7 95 45 20 90 3 77 29 51 63 85 75 69 32 74 45 17 0 88 84 86 16 95 93 
69 85 47 40 62 68 91 89 73 90 77 54 33 22 0 90 34 24 73 63 39 34 26 79 26 9 97 33 59 21 64 36 65 87 72 65 73 88 43 21 
93 16 89 65 20 81 82 14 87 77 71 93 91 17 90 0 32 19 51 58 53 47 23 91 53 23 4 93 92 85 0 85 86 54 27 74 59 82 42 89 
10 8 88 6 79 41 79 57 60 55 37 50 76 7 34 32 0 52 33 59 97 92 23 83 0 59 86 17 33 11 26 9 95 24 55 79 59 91 78 31 
48 39 98 58 30 23 34 65 18 2 49 88 75 95 24 19 52 0 93 9 41 85 71 56 100 57 35 73 96 52 27 96 44 67 72 98 25 88 5 27 
15 72 22 94 49 90 4 39 75 50 44 68 3 45 73 51 33 93 0 45 2 7 57 86 3 86 22 50 38 12 25 6 90 49 25 29 21 35 29 9 
74 84 62 84 50 57 13 78 0 81 44 2 21 20 63 58 59 9 45 0 80 48 26 96 39 45 97 46 17 96 99 3 70 22 27 12 22 3 45 100 
27 18 97 16 71 34 98 99 40 59 48 41 80 90 39 53 97 41 2 80 0 38 88 69 9 32 95 6 9 71 53 25 67 31 61 100 25 91 82 66 
15 73 27 23 76 76 77 9 91 78 46 16 89 3 34 47 92 85 7 48 38 0 37 66 68 48 8 31 78 5 98 8 33 42 13 57 87 71 31 73 
35 78 68 32 90 48 85 24 95 40 64 19 40 77 26 23 23 71 57 26 88 37 0 33 6 39 94 21 49 15 78 67 66 15 13 24 5 97 41 31 
11 84 51 69 58 71 10 62 38 72 87 56 67 29 79 91 83 56 86 96 69 66 33 0 66 52 43 13 44 22 40 0 59 59 100 71 10 99 76 26 
51 20 57 74 18 60 98 8 62 61 49 98 54 51 26 53 0 100 3 39 9 68 6 66 0 36 47 86 74 63 17 67 43 52 51 24 80 66 80 51 
20 77 5 6 72 65 8 49 9 71 32 41 37 63 9 23 59 57 86 45 32 48 39 52 36 0 62 19 1 81 87 74 26 55 62 25 51 66 92 31 
16 57 2 49 40 57 72 91 4 76 83 68 6 85 97 4 86 35 22 97 95 8 94 43 47 62 0 24 41 29 84 71 73 82 96 41 66 95 50 91 
19 70 35 92 0 93 74 38 93 82 65 66 61 75 33 93 17 73 50 46 6 31 21 13 86 19 24 0 53 10 26 0 88 81 100 73 77 24 54 37 
24 39 87 53 10 20 68 43 99 100 10 71 3 69 59 92 33 96 38 17 9 78 49 44 74 1 41 53 0 79 17 48 55 72 35 12 6 4 45 55 
6 48 49 95 90 13 47 15 15 61 94 83 36 32 21 85 11 52 12 96 71 5 15 22 63 81 29 10 79 0 96 85 16 27 34 45 30 42 76 34 
62 90 39 89 70 27 53 85 35 95 7 54 42 74 64 0 26 27 25 99 53 98 78 40 17 87 84 26 17 96 0 18 56 56 2 60 73 57 57 88 
59 80 37 8 38 33 21 63 60 50 64 35 85 45 36 85 9 96 6 3 25 8 67 0 67 74 71 0 48 85 18 0 54 17 30 11 38 60 74 15 
9 23 68 65 56 14 85 46 81 9 61 67 2 17 65 86 95 44 90 70 67 33 66 59 43 26 73 88 55 16 56 54 0 95 69 14 29 27 7 38 
70 83 93 69 43 72 77 15 88 4 56 95 71 0 87 54 24 67 49 22 31 42 15 59 52 55 82 81 72 27 56 17 95 0 56 52 93 27 54 72 
51 64 70 10 14 26 70 2 40 46 87 46 99 88 72 27 55 72 25 27 61 13 13 100 51 62 96 100 35 34 2 30 69 56 0 66 41 41 73 56 
75 54 66 99 97 2 3 61 81 43 81 87 38 84 65 74 79 98 29 12 100 57 24 71 24 25 41 73 12 45 60 11 14 52 66 0 5 4 34 57 
8 38 36 88 73 67 34 49 22 41 77 44 31 86 73 59 59 25 21 22 25 87 5 10 80 51 66 77 6 30 73 38 29 93 41 5 0 36 0 23 
20 46 12 60 84 77 71 72 50 80 42 85 98 16 88 82 91 88 35 3 91 71 97 99 66 66 95 24 4 42 57 60 27 27 41 4 36 0 25 69 
68 25 61 100 30 57 26 54 92 81 1 98 0 95 43 42 78 5 29 45 82 31 41 76 80 92 50 54 45 76 57 74 7 54 73 34 0 25 0 88 
86 31 3 47 85 59 81 88 17 56 12 98 28 93 21 89 31 27 9 100 66 73 31 26 51 31 91 37 55 34 88 15 38 72 56 57 23 69 88 0 
RRRBBBBRBRRRRBRBRBBBRRRRRRBBBRRBBRBBBBRB
