40
0 19 16 46 92 1 5 48 31 67 34 4 82 62 63 23 11 47 30 50 56 48 28 52 42 58 67 9 98 52 93 92 72 48 33 15 72 73 8 0 
19 0 25 80 2 70 83 87 49 10 43 16 24 89 57 17 32 22 82 5 93 98 32 44 39 14 43 58 13 72 4 21 100 72 45 55 76 5 23 2 
16 25 0 43 66 6 93 98 48 35 67 14 44 76 67 39 11 35 4 52 54 47 20 36 14 35 10 50 41 18 86 3 57 34 6 97 60 8 11 98 
46 80 43 0 66 26 55 12 57 89 2 5 76 76 84 5 22 4 7 37 100 93 99 100 23 48 66 12 57 6 61 80 18 40 64 70 92 19 8 40 
92 2 66 66 0 52 97 24 69 29 14 5 1 69 57 99 49 89 17 6 96 65 64 65 61 41 89 84 100 99 2 62 58 84 41 36 9 66 3 55 
1 70 6 26 52 0 56 40 53 7 33 60 15 82 9 86 47 2 39 25 16 29 28 42 99 72 96 87 16 75 77 45 45 45 42 84 32 80 47 35 
5 83 93 55 97 56 0 2 75 29 14 46 24 84 6 66 68 12 84 27 76 50 16 1 72 29 76 88 75 36 28 32 98 63 48 33 73 25 9 86 
48 87 98 12 24 40 2 0 18 6 40 49 13 78 0 21 68 9 24 86 3 1 49 79 5 50 9 27 44 37 90 63 20 56 90 31 36 72 0 87 
31 49 48 57 69 53 75 18 0 38 60 26 86 24 39 53 3 33 80 81 65 57 80 50 32 16 79 70 52 89 5 36 32 9 22 20 51 56 48 3 
67 10 35 89 29 7 29 6 38 0 97 86 99 2 93 97 50 77 80 44 81 20 79 47 93 19 6 18 92 57 33 91 66 88 10 10 46 64 82 15 
34 43 67 2 14 33 14 40 60 97 0 32 2 98 44 1 13 65 54 78 91 69 67 70 44 31 99 60 49 19 71 11 37 75 65 64 66 75 20 87 
4 16 14 5 5 60 46 49 26 86 32 0 37 85 64 2 99 36 42 29 24 14 57 54 60 83 39 7 57 89 99 10 89 28 68 34 19 46 82 71 
82 24 44 76 1 15 24 13 86 99 2 37 0 19 93 98 26 56 67 47 12 25 29 46 35 16 63 99 84 21 30 83 87 52 56 87 62 19 25 91 
62 89 76 76 69 82 84 78 24 2 98 85 19 0 28 64 44 53 85 51 81 64 54 85 30 3 91 58 51 5 99 100 54 15 33 87 50 94 55 69 
63 57 67 84 57 9 6 0 39 93 44 64 93 28 0 4 44 0 48 50 100 98 28 4 18 86 62 66 69 16 80 79 23 56 8 29 0 18 92 54 
23 17 39 5 99 86 66 21 53 97 1 2 98 64 4 0 90 13 66 95 27 57 66 85 7 17 71 1 80 66 69 79 67 39 4 39 16 56 61 41 
11 32 11 22 49 47 68 68 3 50 13 99 26 44 44 90 0 3 51 96 47 2 64 72 57 16 35 43 80 62 6 9 47 79 45 6 17 21 45 11 
47 22 35 4 89 2 12 9 33 77 65 36 56 53 0 13 3 0 4 77 55 57 2 22 4 62 15 57 15 94 33 94 78 48 31 39 53 13 28 15 
30 82 4 7 17 39 84 24 80 80 54 42 67 85 48 66 51 4 0 58 21 57 93 54 55 92 58 62 13 96 71 74 97 81 12 52 56 37 77 14 
50 5 52 37 6 25 27 86 81 44 78 29 47 51 50 95 96 77 58 0 42 31 83 42 60 28 22 84 63 57 30 95 12 91 59 13 63 5 11 100 
56 93 54 100 96 16 76 3 65 81 91 24 12 81 100 27 47 55 21 42 0 51 60 80 48 69 41 72 74 80 100 90 44 40 66 9 37 88 82 74 
48 98 47 93 65 29 50 1 57 20 69 14 25 64 98 57 2 57 57 31 51 0 31 19 68 20 75 76 64 27 91 76 34 79 38 53 96 40 73 16 
28 32 20 99 64 28 16 49 80 79 67 57 29 54 28 66 64 2 93 83 60 31 0 5 48 37 75 87 50 38 29 6 55 17 60 32 5 64 56 0 
52 44 36 100 65 42 1 79 50 47 70 54 46 85 4 85 72 22 54 42 80 19 5 0 68 48 20 28 7 60 19 28 64 68 28 5 97 99 84 8 
42 39 14 23 61 99 72 5 32 93 44 60 35 30 18 7 57 4 55 60 48 68 48 68 0 10 78 27 77 29 40 45 3 47 63 52 12 43 93 25 
58 14 35 48 41 72 29 50 16 19 31 83 16 3 86 17 16 62 92 28 69 20 37 48 10 0 14 6 75 63 88 3 86 21 31 89 23 19 87 88 
67 43 10 66 89 96 76 9 79 6 99 39 63 91 62 71 35 15 58 22 41 75 75 20 78 14 0 8 4 29 72 76 7 64 52 52 47 36 75 77 
9 58 50 12 84 87 88 27 70 18 60 7 99 58 66 1 43 57 62 84 72 76 87 28 27 6 8 0 57 33 39 96 44 52 17 39 50 87 30 8 
98 13 41 57 100 16 75 44 52 92 49 57 84 51 69 80 80 15 13 63 74 64 50 7 77 75 4 57 0 39 96 2 16 97 23 25 30 29 99 66 
52 72 18 6 99 75 36 37 89 57 19 89 21 5 16 66 62 94 96 57 80 27 38 60 29 63 29 33 39 0 75 51 84 74 50 84 14 89 30 99 
93 4 86 61 2 77 28 90 5 33 71 99 30 99 80 69 6 33 71 30 100 91 29 19 40 88 72 39 96 75 0 80 89 100 69 27 48 41 88 96 
92 21 3 80 62 45 32 63 36 91 11 10 83 100 79 79 9 94 74 95 90 76 6 28 45 3 76 96 2 51 80 0 75 99 73 28 82 84 77 100 
72 100 57 18 58 45 98 20 32 66 37 89 87 54 23 67 47 78 97 12 44 34 55 64 3 86 7 44 16 84 89 75 0 16 30 17 15 42 9 97 
48 72 34 40 84 45 63 56 9 88 75 28 52 15 56 39 79 48 81 91 40 79 17 68 47 21 64 52 97 74 100 99 16 0 92 16 25 27 86 60 
33 45 6 64 41 42 48 90 22 10 65 68 56 33 8 4 45 31 12 59 66 38 60 28 63 31 52 17 23 50 69 73 30 92 0 40 47 82 96 24 
15 55 97 70 36 84 33 31 20 10 64 34 87 87 29 39 6 39 52 13 9 53 32 5 52 89 52 39 25 84 27 28 17 16 40 0 22 7 5 3 
72 76 60 92 9 32 73 36 51 46 66 19 62 50 0 16 17 53 56 63 37 96 5 97 12 23 47 50 30 14 48 82 15 25 47 22 0 13 68 1 
73 5 8 19 66 80 25 72 56 64 75 46 19 94 18 56 21 13 37 5 88 40 64 99 43 19 36 87 29 89 41 84 42 27 82 7 13 0 90 13 
8 23 11 8 3 47 9 0 48 82 20 82 25 55 92 61 45 28 77 11 82 73 56 84 93 87 75 30 99 30 88 77 9 86 96 5 68 90 0 73 
0 2 98 40 55 35 86 87 3 15 87 71 91 69 54 41 11 15 14 100 74 16 0 8 25 88 77 8 66 99 96 100 97 60 24 3 1 13 73 0 
RBRRBBRBRRRRRBBBRRBRRRRBBRRBBBBBRBRBRBBB
