38
0 26 35 27 75 94 61 1 34 33 24 90 66 63 29 35 45 4 54 44 31 8 6 42 4 22 56 85 92 71 4 40 71 92 36 65 6 43 
26 0 92 95 38 81 13 83 54 24 95 34 9 21 15 75 97 3 11 11 83 24 67 12 61 22 87 77 1 33 64 39 24 38 32 30 91 7 
35 92 0 42 51 82 77 16 16 15 22 13 60 90 85 0 76 44 61 68 53 26 34 30 16 87 5 0 90 86 2 46 25 99 33 75 17 82 
27 95 42 0 92 4 82 56 20 9 38 86 15 43 92 53 91 71 55 63 62 11 80 88 18 33 91 73 46 100 2 96 54 44 100 81 52 25 
75 38 51 92 0 70 18 0 72 9 44 50 44 73 54 41 63 16 87 24 36 1 86 20 93 5 41 24 55 100 84 19 43 99 51 39 87 34 
94 81 82 4 70 0 13 56 60 24 79 96 52 64 64 48 61 92 36 8 75 38 97 97 40 12 87 42 92 64 60 86 8 10 98 87 40 67 
61 13 77 82 18 13 0 18 44 25 90 43 22 36 93 31 8 65 100 87 81 53 74 38 36 89 64 1 71 94 23 19 7 70 55 31 54 95 
1 83 16 56 0 56 18 0 20 96 62 75 62 5 18 28 98 77 94 8 69 90 85 68 80 74 76 72 26 91 3 27 34 32 83 46 77 46 
34 54 16 20 72 60 44 20 0 43 73 1 30 51 78 23 30 10 100 94 78 28 71 93 4 85 90 39 71 23 80 24 36 91 12 39 54 85 
33 24 15 9 9 24 25 96 43 0 25 22 86 22 94 91 97 63 77 86 56 47 35 40 80 77 17 97 58 30 69 49 20 24 55 87 67 28 
24 95 22 38 44 79 90 62 73 25 0 41 11 89 41 72 78 18 79 94 66 29 79 65 0 26 40 57 53 47 73 0 72 2 53 85 95 57 
90 34 13 86 50 96 43 75 1 22 41 0 21 20 32 56 47 5 47 66 84 67 97 26 36 25 14 7 84 74 69 88 86 60 95 58 66 67 
66 9 60 15 44 52 22 62 30 86 11 21 0 47 99 79 90 71 51 69 93 37 4 94 70 66 98 42 82 81 12 30 51 0 20 22 22 40 
63 21 90 43 73 64 36 5 51 22 89 20 47 0 22 88 94 84 0 15 76 16 6 76 72 54 34 24 97 79 99 35 37 22 79 46 71 18 
29 15 85 92 54 64 93 18 78 94 41 32 99 22 0 37 41 11 19 6 83 41 44 30 30 90 9 76 6 2 82 2 55 5 19 36 29 79 
35 75 0 53 41 48 31 28 23 91 72 56 79 88 37 0 19 30 16 31 11 64 74 95 41 33 79 99 28 91 68 37 87 81 75 61 35 56 
45 97 76 91 63 61 8 98 30 97 78 47 90 94 41 19 0 57 95 40 97 50 90 12 56 16 88 78 99 42 50 81 15 18 90 13 99 87 
4 3 44 71 16 92 65 77 10 63 18 5 71 84 11 30 57 0 51 51 42 80 33 94 45 59 84 60 86 94 84 57 6 67 12 36 66 35 
54 11 61 55 87 36 100 94 100 77 79 47 51 0 19 16 95 51 0 96 42 79 56 8 57 89 30 6 35 75 60 45 79 82 11 74 45 96 
44 11 68 63 24 8 87 8 94 86 94 66 69 15 6 31 40 51 96 0 22 55 80 63 54 7 100 69 20 27 68 56 84 98 1 49 16 95 
31 83 53 62 36 75 81 69 78 56 66 84 93 76 83 11 97 42 42 22 0 71 14 6 47 56 27 57 80 94 28 16 37 82 11 68 19 5 
8 24 26 11 1 38 53 90 28 47 29 67 37 16 41 64 50 80 79 55 71 0 100 31 95 35 66 55 93 25 39 15 65 58 93 58 41 100 
6 67 34 80 86 97 74 85 71 35 79 97 4 6 44 74 90 33 56 80 14 100 0 53 12 8 13 32 58 10 24 56 78 92 92 24 68 93 
42 12 30 88 20 97 38 68 93 40 65 26 94 76 30 95 12 94 8 63 6 31 53 0 93 88 8 58 71 71 0 68 78 2 27 98 73 89 
4 61 16 18 93 40 36 80 4 80 0 36 70 72 30 41 56 45 57 54 47 95 12 93 0 66 68 43 58 57 86 57 74 66 14 82 88 24 
22 22 87 33 5 12 89 74 85 77 26 25 66 54 90 33 16 59 89 7 56 35 8 88 66 0 33 51 23 49 26 72 29 69 11 27 28 56 
56 87 5 91 41 87 64 76 90 17 40 14 98 34 9 79 88 84 30 100 27 66 13 8 68 33 0 82 12 0 10 24 74 37 32 68 22 35 
85 77 0 73 24 42 1 72 39 97 57 7 42 24 76 99 78 60 6 69 57 55 32 58 43 51 82 0 86 55 15 27 75 24 53 89 6 68 
92 1 90 46 55 92 71 26 71 58 53 84 82 97 6 28 99 86 35 20 80 93 58 71 58 23 12 86 0 72 11 66 40 85 0 74 45 88 
71 33 86 100 100 64 94 91 23 30 47 74 81 79 2 91 42 94 75 27 94 25 10 71 57 49 0 55 72 0 77 72 38 93 28 61 18 93 
4 64 2 2 84 60 23 3 80 69 73 69 12 99 82 68 50 84 60 68 28 39 24 0 86 26 10 15 11 77 0 57 38 19 80 0 72 63 
40 39 46 96 19 86 19 27 24 49 0 88 30 35 2 37 81 57 45 56 16 15 56 68 57 72 24 27 66 72 57 0 2 1 73 89 31 9 
71 24 25 54 43 8 7 34 36 20 72 86 51 37 55 87 15 6 79 84 37 65 78 78 74 29 74 75 40 38 38 2 0 97 26 75 73 24 
92 38 99 44 99 10 70 32 91 24 2 60 0 22 5 81 18 67 82 98 82 58 92 2 66 69 37 24 85 93 19 1 97 0 63 52 32 94 
36 32 33 100 51 98 55 83 12 55 53 95 20 79 19 75 90 12 11 1 11 93 92 27 14 11 32 53 0 28 80 73 26 63 0 32 20 52 
65 30 75 81 39 87 31 46 39 87 85 58 22 46 36 61 13 36 74 49 68 58 24 98 82 27 68 89 74 61 0 89 75 52 32 0 71 92 
6 91 17 52 87 40 54 77 54 67 95 66 22 71 29 35 99 66 45 16 19 41 68 73 88 28 22 6 45 18 72 31 73 32 20 71 0 81 
43 7 82 25 34 67 95 46 85 28 57 67 40 18 79 56 87 35 96 95 5 100 93 89 24 56 35 68 88 93 63 9 24 94 52 92 81 0 
BRRBRRRRRBRBBBBBBBBBRRRBBBRBRRBRRBBRRR
