40
0 92 93 66 79 97 58 62 79 57 52 73 76 16 24 0 77 49 73 62 89 70 10 46 8 23 100 36 43 90 13 49 69 31 18 22 16 93 2 8 
92 0 59 76 1 97 69 77 86 82 64 79 13 25 61 48 90 98 83 27 68 41 37 69 2 22 33 47 84 97 45 4 28 73 1 23 45 22 19 17 
93 59 0 36 16 57 29 97 78 22 77 11 98 96 8 53 58 96 62 7 90 59 31 13 14 64 75 41 38 76 68 4 12 80 59 54 69 92 42 27 
66 76 36 0 27 21 11 4 96 27 16 86 89 68 65 66 42 86 2 17 4 100 91 23 1 19 69 66 29 91 75 76 21 18 53 96 56 53 56 52 
79 1 16 27 0 37 7 73 41 61 69 25 84 14 48 43 61 7 38 21 94 44 73 42 89 38 24 78 3 69 17 71 88 36 100 21 76 86 7 38 
97 97 57 21 37 0 55 40 21 48 31 2 85 70 85 67 79 6 12 52 78 15 55 27 65 90 21 34 36 52 32 49 23 75 5 79 73 7 74 10 
58 69 29 11 7 55 0 81 21 89 6 77 31 99 94 17 9 26 39 53 31 16 16 1 62 67 68 85 1 74 4 80 77 48 92 21 58 61 91 33 
62 77 97 4 73 40 81 0 41 48 23 25 24 50 35 5 36 47 96 3 67 80 48 61 70 6 4 6 82 5 97 11 95 17 36 68 41 76 39 25 
79 86 78 96 41 21 21 41 0 9 78 12 72 69 45 91 82 71 73 78 84 10 4 71 90 100 54 76 17 17 70 20 94 39 65 16 36 14 71 100 
57 82 22 27 61 48 89 48 9 0 72 92 79 54 11 35 50 4 6 24 21 43 88 11 13 79 96 78 74 32 64 17 30 20 64 9 65 6 47 4 
52 64 77 16 69 31 6 23 78 72 0 90 21 95 99 68 64 40 83 95 35 23 43 80 86 30 38 33 19 97 37 65 66 5 88 49 56 64 67 87 
73 79 11 86 25 2 77 25 12 92 90 0 9 100 26 49 2 32 61 94 78 17 23 23 88 66 10 55 82 99 72 51 72 6 67 79 10 52 37 2 
76 13 98 89 84 85 31 24 72 79 21 9 0 18 83 60 39 46 90 37 80 50 12 9 83 80 2 42 4 84 99 100 66 57 39 77 81 25 88 59 
16 25 96 68 14 70 99 50 69 54 95 100 18 0 16 11 73 5 41 15 85 89 77 39 39 61 76 47 61 60 45 62 82 57 19 84 21 44 53 5 
24 61 8 65 48 85 94 35 45 11 99 26 83 16 0 83 0 1 25 79 22 11 58 27 89 52 67 4 25 67 28 93 34 56 56 62 9 36 24 65 
0 48 53 66 43 67 17 5 91 35 68 49 60 11 83 0 86 30 85 48 55 45 61 0 65 50 8 90 17 17 31 55 68 89 3 29 55 4 29 57 
77 90 58 42 61 79 9 36 82 50 64 2 39 73 0 86 0 76 19 6 29 33 85 61 24 85 35 14 97 39 7 40 29 75 99 65 78 61 7 64 
49 98 96 86 7 6 26 47 71 4 40 32 46 5 1 30 76 0 13 55 38 56 49 94 67 0 96 8 31 61 5 69 89 85 70 99 79 65 38 71 
73 83 62 2 38 12 39 96 73 6 83 61 90 41 25 85 19 13 0 1 81 79 36 37 78 9 23 2 35 23 35 37 21 29 37 2 26 85 23 5 
62 27 7 17 21 52 53 3 78 24 95 94 37 15 79 48 6 55 1 0 82 86 41 75 56 30 2 84 94 96 78 85 8 45 33 50 53 57 100 55 
89 68 90 4 94 78 31 67 84 21 35 78 80 85 22 55 29 38 81 82 0 86 84 14 54 92 68 2 61 88 25 27 66 96 58 64 30 13 86 87 
70 41 59 100 44 15 16 80 10 43 23 17 50 89 11 45 33 56 79 86 86 0 79 66 75 89 26 19 11 52 71 51 55 1 21 37 89 58 16 100 
10 37 31 91 73 55 16 48 4 88 43 23 12 77 58 61 85 49 36 41 84 79 0 76 9 95 63 92 74 75 21 40 96 52 86 91 96 29 64 96 
46 69 13 23 42 27 1 61 71 11 80 23 9 39 27 0 61 94 37 75 14 66 76 0 23 28 84 12 24 32 85 92 45 23 89 25 14 59 47 51 
8 2 14 1 89 65 62 70 90 13 86 88 83 39 89 65 24 67 78 56 54 75 9 23 0 32 55 61 76 34 16 37 57 100 40 16 52 0 87 61 
23 22 64 19 38 90 67 6 100 79 30 66 80 61 52 50 85 0 9 30 92 89 95 28 32 0 97 84 3 5 84 25 43 27 34 58 73 56 11 39 
100 33 75 69 24 21 68 4 54 96 38 10 2 76 67 8 35 96 23 2 68 26 63 84 55 97 0 5 24 44 38 66 23 7 1 36 16 31 84 92 
36 47 41 66 78 34 85 6 76 78 33 55 42 47 4 90 14 8 2 84 2 19 92 12 61 84 5 0 81 29 60 2 85 69 84 2 2 18 20 75 
43 84 38 29 3 36 1 82 17 74 19 82 4 61 25 17 97 31 35 94 61 11 74 24 76 3 24 81 0 38 34 69 45 20 67 1 4 47 40 28 
90 97 76 91 69 52 74 5 17 32 97 99 84 60 67 17 39 61 23 96 88 52 75 32 34 5 44 29 38 0 38 69 60 85 53 70 38 8 0 38 
13 45 68 75 17 32 4 97 70 64 37 72 99 45 28 31 7 5 35 78 25 71 21 85 16 84 38 60 34 38 0 50 53 69 48 86 63 34 39 96 
49 4 4 76 71 49 80 11 20 17 65 51 100 62 93 55 40 69 37 85 27 51 40 92 37 25 66 2 69 69 50 0 3 5 65 7 57 42 9 19 
69 28 12 21 88 23 77 95 94 30 66 72 66 82 34 68 29 89 21 8 66 55 96 45 57 43 23 85 45 60 53 3 0 10 78 81 97 19 49 4 
31 73 80 18 36 75 48 17 39 20 5 6 57 57 56 89 75 85 29 45 96 1 52 23 100 27 7 69 20 85 69 5 10 0 53 33 9 40 42 41 
18 1 59 53 100 5 92 36 65 64 88 67 39 19 56 3 99 70 37 33 58 21 86 89 40 34 1 84 67 53 48 65 78 53 0 24 95 41 18 0 
22 23 54 96 21 79 21 68 16 9 49 79 77 84 62 29 65 99 2 50 64 37 91 25 16 58 36 2 1 70 86 7 81 33 24 0 78 22 90 87 
16 45 69 56 76 73 58 41 36 65 56 10 81 21 9 55 78 79 26 53 30 89 96 14 52 73 16 2 4 38 63 57 97 9 95 78 0 63 55 82 
93 22 92 53 86 7 61 76 14 6 64 52 25 44 36 4 61 65 85 57 13 58 29 59 0 56 31 18 47 8 34 42 19 40 41 22 63 0 46 30 
2 19 42 56 7 74 91 39 71 47 67 37 88 53 24 29 7 38 23 100 86 16 64 47 87 11 84 20 40 0 39 9 49 42 18 90 55 46 0 78 
8 17 27 52 38 10 33 25 100 4 87 2 59 5 65 57 64 71 5 55 87 100 96 51 61 39 92 75 28 38 96 19 4 41 0 87 82 30 78 0 
RRBBRBRBRBRBRRBBRRBRBBBRRRRRBBBBRRBBBBRR
