36
0 89 18 67 73 53 92 80 72 28 53 71 57 61 37 29 12 76 34 38 93 67 58 25 56 32 91 1 10 53 69 40 60 73 58 59 
89 0 19 77 73 37 84 35 65 42 66 91 0 16 93 54 65 77 56 43 69 73 41 22 74 5 57 61 6 7 39 72 29 4 78 49 
18 19 0 43 56 38 90 98 78 59 81 73 16 92 52 49 44 86 84 30 11 47 86 39 95 70 3 30 5 27 47 33 20 93 5 94 
67 77 43 0 52 28 36 73 93 94 61 89 1 73 59 8 37 33 5 50 1 57 61 72 55 9 49 19 94 86 43 66 24 50 36 50 
73 73 56 52 0 65 8 95 72 16 7 72 92 20 39 81 64 29 69 54 70 41 30 62 80 52 6 43 29 86 40 83 84 15 14 94 
53 37 38 28 65 0 33 60 66 34 49 68 19 74 74 29 84 28 81 8 47 34 13 43 11 9 5 25 7 60 73 70 30 29 26 24 
92 84 90 36 8 33 0 6 80 29 20 34 83 15 76 26 15 87 29 53 42 36 76 41 58 93 15 59 65 95 78 29 3 84 48 90 
80 35 98 73 95 60 6 0 37 84 89 65 65 39 93 19 19 59 76 82 13 66 15 50 19 40 8 70 75 91 100 5 66 63 47 77 
72 65 78 93 72 66 80 37 0 56 86 34 5 7 10 86 77 42 52 81 59 19 8 55 69 74 66 52 79 3 93 36 80 93 20 52 
28 42 59 94 16 34 29 84 56 0 25 75 12 99 68 70 76 23 10 45 10 37 48 10 31 7 81 57 40 5 90 31 95 73 1 33 
53 66 81 61 7 49 20 89 86 25 0 40 99 58 44 34 52 12 14 65 27 15 62 71 86 74 17 29 4 84 63 85 2 85 83 88 
71 91 73 89 72 68 34 65 34 75 40 0 88 19 69 65 7 38 57 29 66 19 50 47 5 10 10 41 56 10 57 96 50 89 1 41 
57 0 16 1 92 19 83 65 5 12 99 88 0 71 20 61 18 90 18 68 61 60 49 15 38 97 22 14 94 3 67 61 25 81 37 12 
61 16 92 73 20 74 15 39 7 99 58 19 71 0 16 23 13 4 29 84 74 56 99 15 7 29 0 69 52 28 89 76 10 15 74 67 
37 93 52 59 39 74 76 93 10 68 44 69 20 16 0 91 28 19 89 37 97 21 43 16 29 14 85 44 41 69 44 51 39 76 37 84 
29 54 49 8 81 29 26 19 86 70 34 65 61 23 91 0 96 66 80 66 4 25 50 0 87 51 38 44 13 65 40 57 6 89 3 18 
12 65 44 37 64 84 15 19 77 76 52 7 18 13 28 96 0 43 5 80 14 81 3 78 13 35 13 22 55 70 82 22 56 73 100 55 
76 77 86 33 29 28 87 59 42 23 12 38 90 4 19 66 43 0 19 38 100 87 79 55 22 65 50 23 68 94 40 52 7 82 6 61 
34 56 84 5 69 81 29 76 52 10 14 57 18 29 89 80 5 19 0 30 71 34 37 4 48 97 21 8 24 49 49 20 82 33 43 19 
38 43 30 50 54 8 53 82 81 45 65 29 68 84 37 66 80 38 30 0 40 12 69 83 79 94 21 37 17 90 54 81 45 37 92 79 
93 69 11 1 70 47 42 13 59 10 27 66 61 74 97 4 14 100 71 40 0 18 62 11 81 8 62 70 28 44 59 9 85 28 73 15 
67 73 47 57 41 34 36 66 19 37 15 19 60 56 21 25 81 87 34 12 18 0 90 49 35 69 99 38 46 24 37 98 81 89 64 3 
58 41 86 61 30 13 76 15 8 48 62 50 49 99 43 50 3 79 37 69 62 90 0 66 80 27 57 73 67 62 82 3 13 61 18 32 
25 22 39 72 62 43 41 50 55 10 71 47 15 15 16 0 78 55 4 83 11 49 66 0 68 88 90 33 6 7 12 11 59 23 13 16 
56 74 95 55 80 11 58 19 69 31 86 5 38 7 29 87 13 22 48 79 81 35 80 68 0 48 86 93 73 83 77 19 2 52 74 90 
32 5 70 9 52 9 93 40 74 7 74 10 97 29 14 51 35 65 97 94 8 69 27 88 48 0 60 95 53 5 45 41 52 78 100 45 
91 57 3 49 6 5 15 8 66 81 17 10 22 0 85 38 13 50 21 21 62 99 57 90 86 60 0 34 77 55 99 3 60 72 41 72 
1 61 30 19 43 25 59 70 52 57 29 41 14 69 44 44 22 23 8 37 70 38 73 33 93 95 34 0 4 20 64 61 12 19 48 79 
10 6 5 94 29 7 65 75 79 40 4 56 94 52 41 13 55 68 24 17 28 46 67 6 73 53 77 4 0 98 40 54 61 28 31 28 
53 7 27 86 86 60 95 91 3 5 84 10 3 28 69 65 70 94 49 90 44 24 62 7 83 5 55 20 98 0 28 80 29 68 73 11 
69 39 47 43 40 73 78 100 93 90 63 57 67 89 44 40 82 40 49 54 59 37 82 12 77 45 99 64 40 28 0 93 49 30 72 36 
40 72 33 66 83 70 29 5 36 31 85 96 61 76 51 57 22 52 20 81 9 98 3 11 19 41 3 61 54 80 93 0 13 14 99 46 
60 29 20 24 84 30 3 66 80 95 2 50 25 10 39 6 56 7 82 45 85 81 13 59 2 52 60 12 61 29 49 13 0 39 81 4 
73 4 93 50 15 29 84 63 93 73 85 89 81 15 76 89 73 82 33 37 28 89 61 23 52 78 72 19 28 68 30 14 39 0 20 74 
58 78 5 36 14 26 48 47 20 1 83 1 37 74 37 3 100 6 43 92 73 64 18 13 74 100 41 48 31 73 72 99 81 20 0 58 
59 49 94 50 94 24 90 77 52 33 88 41 12 67 84 18 55 61 19 79 15 3 32 16 90 45 72 79 28 11 36 46 4 74 58 0 
RBRRRRRBBBRBBRBRBRRRRBBBBBBBRBBRBRRR
