34
0 11 26 50 54 0 58 25 12 36 85 40 47 15 16 25 15 1 58 43 39 22 84 87 67 65 85 78 59 8 78 64 82 84 
11 0 64 64 12 34 91 18 18 90 59 54 64 91 68 2 42 28 73 33 18 14 63 53 40 12 26 80 3 24 87 57 100 3 
26 64 0 47 74 47 67 83 37 36 23 78 77 32 42 47 11 35 81 56 83 57 3 96 12 59 21 10 60 44 55 77 89 75 
50 64 47 0 50 37 56 73 57 25 85 94 99 75 61 92 13 37 12 4 86 44 36 78 27 54 19 57 55 65 16 47 73 32 
54 12 74 50 0 93 70 38 25 24 98 42 9 87 15 37 98 37 95 74 96 24 46 62 51 32 3 82 88 75 99 65 60 33 
0 34 47 37 93 0 82 75 47 4 99 23 55 79 100 82 43 81 69 21 42 90 41 64 22 63 26 34 45 94 22 57 85 75 
58 91 67 56 70 82 0 73 7 64 74 26 10 64 4 40 8 34 24 34 37 41 97 42 33 23 15 54 12 56 57 20 13 0 
25 18 83 73 38 75 73 0 88 90 22 25 90 18 48 17 11 21 69 55 83 92 92 30 35 62 78 89 62 28 9 26 24 94 
12 18 37 57 25 47 7 88 0 68 84 44 65 45 71 28 36 65 37 76 14 26 89 37 63 86 81 55 63 14 58 65 82 27 
36 90 36 25 24 4 64 90 68 0 8 83 4 12 17 75 3 4 33 62 40 76 94 82 87 14 51 46 26 65 22 14 28 73 
85 59 23 85 98 99 74 22 84 8 0 88 56 99 34 2 62 9 73 34 36 66 64 49 91 94 18 10 46 44 67 78 98 71 
40 54 78 94 42 23 26 25 44 83 88 0 60 9 65 64 54 48 6 4 25 18 69 42 23 90 100 74 18 66 39 28 30 61 
47 64 77 99 9 55 10 90 65 4 56 60 0 40 98 96 84 87 17 73 45 79 65 60 98 17 59 54 47 44 43 47 51 8 
15 91 32 75 87 79 64 18 45 12 99 9 40 0 4 47 15 73 78 0 5 20 83 16 8 4 72 89 64 94 73 32 64 63 
16 68 42 61 15 100 4 48 71 17 34 65 98 4 0 86 99 51 81 53 17 1 6 64 45 49 34 71 48 34 10 15 0 69 
25 2 47 92 37 82 40 17 28 75 2 64 96 47 86 0 50 28 45 50 11 81 91 84 64 14 70 69 70 80 2 48 75 72 
15 42 11 13 98 43 8 11 36 3 62 54 84 15 99 50 0 29 5 39 59 83 44 70 36 39 31 94 17 11 38 30 25 66 
1 28 35 37 37 81 34 21 65 4 9 48 87 73 51 28 29 0 33 97 51 62 32 100 55 43 15 78 38 18 42 31 50 43 
58 73 81 12 95 69 24 69 37 33 73 6 17 78 81 45 5 33 0 91 98 37 51 21 64 72 50 68 32 48 7 34 64 17 
43 33 56 4 74 21 34 55 76 62 34 4 73 0 53 50 39 97 91 0 38 69 4 88 20 45 16 24 36 41 38 95 88 20 
39 18 83 86 96 42 37 83 14 40 36 25 45 5 17 11 59 51 98 38 0 4 5 18 15 11 50 37 12 70 87 48 40 30 
22 14 57 44 24 90 41 92 26 76 66 18 79 20 1 81 83 62 37 69 4 0 97 81 44 90 68 68 93 96 98 28 38 17 
84 63 3 36 46 41 97 92 89 94 64 69 65 83 6 91 44 32 51 4 5 97 0 6 16 34 96 66 97 8 37 6 77 83 
87 53 96 78 62 64 42 30 37 82 49 42 60 16 64 84 70 100 21 88 18 81 6 0 95 35 23 59 32 83 29 75 20 20 
67 40 12 27 51 22 33 35 63 87 91 23 98 8 45 64 36 55 64 20 15 44 16 95 0 49 35 63 52 7 60 24 82 36 
65 12 59 54 32 63 23 62 86 14 94 90 17 4 49 14 39 43 72 45 11 90 34 35 49 0 46 6 54 98 92 0 83 57 
85 26 21 19 3 26 15 78 81 51 18 100 59 72 34 70 31 15 50 16 50 68 96 23 35 46 0 21 29 12 18 61 97 82 
78 80 10 57 82 34 54 89 55 46 10 74 54 89 71 69 94 78 68 24 37 68 66 59 63 6 21 0 71 12 69 27 34 21 
59 3 60 55 88 45 12 62 63 26 46 18 47 64 48 70 17 38 32 36 12 93 97 32 52 54 29 71 0 28 60 87 38 78 
8 24 44 65 75 94 56 28 14 65 44 66 44 94 34 80 11 18 48 41 70 96 8 83 7 98 12 12 28 0 48 66 95 29 
78 87 55 16 99 22 57 9 58 22 67 39 43 73 10 2 38 42 7 38 87 98 37 29 60 92 18 69 60 48 0 42 32 11 
64 57 77 47 65 57 20 26 65 14 78 28 47 32 15 48 30 31 34 95 48 28 6 75 24 0 61 27 87 66 42 0 50 76 
82 100 89 73 60 85 13 24 82 28 98 30 51 64 0 75 25 50 64 88 40 38 77 20 82 83 97 34 38 95 32 50 0 71 
84 3 75 32 33 75 0 94 27 73 71 61 8 63 69 72 66 43 17 20 30 17 83 20 36 57 82 21 78 29 11 76 71 0 
RRRBBBBRRRBBRRRRBBRRBBRBRRBBRBBRBB
