46
0 72 87 87 2 70 93 20 55 99 42 47 29 9 94 73 90 10 44 93 76 87 53 43 66 64 30 32 22 46 94 88 16 27 3 14 53 99 41 83 61 67 65 59 68 7 
72 0 6 0 38 43 26 18 65 93 43 92 98 18 26 1 79 36 98 57 28 41 35 28 76 48 67 40 11 52 66 56 15 45 20 37 33 22 53 85 14 39 5 34 59 56 
87 6 0 83 9 31 10 20 77 76 9 0 18 89 86 37 61 51 44 74 70 45 15 39 31 87 92 84 14 17 50 8 70 24 45 31 0 27 46 72 79 61 25 91 47 45 
87 0 83 0 39 52 78 50 52 84 4 42 99 20 51 50 97 76 63 10 29 28 60 1 66 75 69 89 95 43 23 84 36 2 96 66 76 71 60 68 52 41 72 33 8 89 
2 38 9 39 0 87 48 4 13 35 64 32 41 88 98 46 84 98 22 97 77 27 49 59 59 88 55 57 78 59 15 11 70 99 49 98 3 56 9 51 83 79 36 35 21 9 
70 43 31 52 87 0 16 13 59 32 72 75 57 93 45 88 0 41 11 43 83 0 48 33 23 75 78 36 11 71 76 39 78 63 58 99 69 48 4 32 68 23 37 62 6 55 
93 26 10 78 48 16 0 75 52 65 51 57 32 45 98 50 9 43 18 32 32 71 8 70 70 38 57 81 40 96 55 36 48 21 0 60 21 61 47 55 60 42 22 46 71 30 
20 18 20 50 4 13 75 0 49 84 12 52 2 18 68 25 90 7 17 68 100 2 8 61 39 98 94 10 92 10 37 3 10 37 53 78 56 72 72 15 21 70 70 40 100 57 
55 65 77 52 13 59 52 49 0 69 36 8 33 68 96 60 98 22 27 39 96 85 26 13 5 22 2 80 33 73 81 6 12 65 92 81 37 19 16 55 4 43 71 77 34 31 
99 93 76 84 35 32 65 84 69 0 0 92 91 34 39 6 16 65 52 92 5 13 98 43 28 54 17 50 9 83 20 10 93 64 71 19 9 9 6 36 41 23 25 54 3 81 
42 43 9 4 64 72 51 12 36 0 0 91 72 100 20 7 20 90 88 41 33 92 58 54 61 74 7 51 93 4 8 75 36 82 61 96 63 77 91 82 14 71 4 23 92 90 
47 92 0 42 32 75 57 52 8 92 91 0 23 35 66 40 4 10 37 24 23 14 44 31 35 94 2 60 3 28 8 41 22 65 79 35 49 83 58 32 95 14 75 29 56 42 
29 98 18 99 41 57 32 2 33 91 72 23 0 68 94 24 25 51 27 91 33 3 64 82 69 40 10 25 47 44 83 98 96 17 45 73 44 82 26 76 6 53 61 72 77 91 
9 18 89 20 88 93 45 18 68 34 100 35 68 0 44 13 34 62 32 15 57 25 53 33 64 19 40 58 35 2 29 40 64 96 77 25 82 48 28 92 83 72 8 97 7 99 
94 26 86 51 98 45 98 68 96 39 20 66 94 44 0 64 49 72 85 24 38 43 19 20 62 44 90 16 50 8 49 7 50 82 33 6 90 41 85 41 98 28 14 43 1 22 
73 1 37 50 46 88 50 25 60 6 7 40 24 13 64 0 17 13 7 75 66 5 0 36 51 24 23 92 7 22 44 1 49 71 58 70 20 81 9 12 45 33 9 50 80 17 
90 79 61 97 84 0 9 90 98 16 20 4 25 34 49 17 0 61 53 77 22 34 34 30 97 67 35 31 85 62 36 7 43 19 62 53 47 17 16 95 97 58 56 16 67 49 
10 36 51 76 98 41 43 7 22 65 90 10 51 62 72 13 61 0 26 39 84 90 73 99 45 72 7 64 27 42 18 40 97 19 92 12 10 35 98 19 59 77 13 12 90 29 
44 98 44 63 22 11 18 17 27 52 88 37 27 32 85 7 53 26 0 44 91 57 63 34 97 9 1 19 57 7 77 16 20 42 66 41 6 5 24 48 19 6 30 73 65 75 
93 57 74 10 97 43 32 68 39 92 41 24 91 15 24 75 77 39 44 0 65 97 97 13 52 20 57 40 17 21 79 41 80 57 96 50 60 6 36 96 50 39 95 60 77 41 
76 28 70 29 77 83 32 100 96 5 33 23 33 57 38 66 22 84 91 65 0 17 9 61 62 78 78 94 7 44 89 51 33 4 85 60 91 62 25 100 74 71 34 59 71 43 
87 41 45 28 27 0 71 2 85 13 92 14 3 25 43 5 34 90 57 97 17 0 6 34 50 0 65 11 83 63 78 94 72 42 100 0 19 82 7 93 72 95 41 96 75 96 
53 35 15 60 49 48 8 8 26 98 58 44 64 53 19 0 34 73 63 97 9 6 0 91 27 51 5 90 33 13 12 24 75 3 99 5 81 6 58 52 33 90 65 1 75 94 
43 28 39 1 59 33 70 61 13 43 54 31 82 33 20 36 30 99 34 13 61 34 91 0 47 58 73 9 68 11 17 27 21 58 6 99 11 70 72 98 39 2 12 36 88 21 
66 76 31 66 59 23 70 39 5 28 61 35 69 64 62 51 97 45 97 52 62 50 27 47 0 96 74 84 49 74 36 83 86 81 70 96 95 51 25 31 50 92 44 30 69 91 
64 48 87 75 88 75 38 98 22 54 74 94 40 19 44 24 67 72 9 20 78 0 51 58 96 0 74 63 33 36 11 18 18 62 75 50 29 68 59 34 6 23 1 57 24 99 
30 67 92 69 55 78 57 94 2 17 7 2 10 40 90 23 35 7 1 57 78 65 5 73 74 74 0 79 3 29 95 18 20 34 10 56 42 58 6 2 29 79 16 16 94 42 
32 40 84 89 57 36 81 10 80 50 51 60 25 58 16 92 31 64 19 40 94 11 90 9 84 63 79 0 98 62 13 84 10 78 34 21 63 37 6 13 44 15 56 48 20 72 
22 11 14 95 78 11 40 92 33 9 93 3 47 35 50 7 85 27 57 17 7 83 33 68 49 33 3 98 0 19 12 90 92 29 54 46 56 37 13 7 8 39 36 78 100 14 
46 52 17 43 59 71 96 10 73 83 4 28 44 2 8 22 62 42 7 21 44 63 13 11 74 36 29 62 19 0 46 90 12 53 70 81 49 36 6 28 28 61 65 64 25 48 
94 66 50 23 15 76 55 37 81 20 8 8 83 29 49 44 36 18 77 79 89 78 12 17 36 11 95 13 12 46 0 51 59 3 44 2 8 17 86 94 77 60 75 82 60 45 
88 56 8 84 11 39 36 3 6 10 75 41 98 40 7 1 7 40 16 41 51 94 24 27 83 18 18 84 90 90 51 0 73 94 41 39 51 85 90 30 39 0 53 12 9 96 
16 15 70 36 70 78 48 10 12 93 36 22 96 64 50 49 43 97 20 80 33 72 75 21 86 18 20 10 92 12 59 73 0 60 64 22 95 90 20 1 28 68 86 73 62 19 
27 45 24 2 99 63 21 37 65 64 82 65 17 96 82 71 19 19 42 57 4 42 3 58 81 62 34 78 29 53 3 94 60 0 98 62 83 28 51 15 71 32 41 66 70 99 
3 20 45 96 49 58 0 53 92 71 61 79 45 77 33 58 62 92 66 96 85 100 99 6 70 75 10 34 54 70 44 41 64 98 0 73 62 72 80 60 26 6 11 39 14 69 
14 37 31 66 98 99 60 78 81 19 96 35 73 25 6 70 53 12 41 50 60 0 5 99 96 50 56 21 46 81 2 39 22 62 73 0 5 81 4 27 93 0 88 14 67 100 
53 33 0 76 3 69 21 56 37 9 63 49 44 82 90 20 47 10 6 60 91 19 81 11 95 29 42 63 56 49 8 51 95 83 62 5 0 91 68 49 51 43 37 98 26 44 
99 22 27 71 56 48 61 72 19 9 77 83 82 48 41 81 17 35 5 6 62 82 6 70 51 68 58 37 37 36 17 85 90 28 72 81 91 0 21 23 17 26 86 48 24 17 
41 53 46 60 9 4 47 72 16 6 91 58 26 28 85 9 16 98 24 36 25 7 58 72 25 59 6 6 13 6 86 90 20 51 80 4 68 21 0 53 16 17 81 63 34 25 
83 85 72 68 51 32 55 15 55 36 82 32 76 92 41 12 95 19 48 96 100 93 52 98 31 34 2 13 7 28 94 30 1 15 60 27 49 23 53 0 73 26 8 81 41 21 
61 14 79 52 83 68 60 21 4 41 14 95 6 83 98 45 97 59 19 50 74 72 33 39 50 6 29 44 8 28 77 39 28 71 26 93 51 17 16 73 0 82 69 4 88 83 
67 39 61 41 79 23 42 70 43 23 71 14 53 72 28 33 58 77 6 39 71 95 90 2 92 23 79 15 39 61 60 0 68 32 6 0 43 26 17 26 82 0 44 75 82 99 
65 5 25 72 36 37 22 70 71 25 4 75 61 8 14 9 56 13 30 95 34 41 65 12 44 1 16 56 36 65 75 53 86 41 11 88 37 86 81 8 69 44 0 63 42 48 
59 34 91 33 35 62 46 40 77 54 23 29 72 97 43 50 16 12 73 60 59 96 1 36 30 57 16 48 78 64 82 12 73 66 39 14 98 48 63 81 4 75 63 0 49 92 
68 59 47 8 21 6 71 100 34 3 92 56 77 7 1 80 67 90 65 77 71 75 75 88 69 24 94 20 100 25 60 9 62 70 14 67 26 24 34 41 88 82 42 49 0 64 
7 56 45 89 9 55 30 57 31 81 90 42 91 99 22 17 49 29 75 41 43 96 94 21 91 99 42 72 14 48 45 96 19 99 69 100 44 17 25 21 83 99 48 92 64 0 
RRBRBRRBBRBRBRBRBRRRRBRRBBRRBRBRBRBBBBBBBRBBRR
