42
0 42 16 44 57 10 11 26 17 9 12 24 11 45 47 100 79 60 24 33 66 45 75 31 27 78 24 92 59 64 39 6 32 5 11 30 52 95 59 53 99 21 
42 0 2 100 22 79 41 36 35 46 12 99 28 65 13 41 6 75 53 17 22 7 41 29 100 26 91 10 0 94 6 52 36 35 2 17 29 31 17 18 99 43 
16 2 0 51 11 78 64 63 25 55 75 43 4 1 21 39 47 100 48 88 99 25 9 39 2 36 37 25 47 24 20 16 70 60 4 20 86 85 50 10 15 85 
44 100 51 0 30 83 3 54 11 13 89 29 75 69 78 74 65 34 74 30 2 96 4 11 40 96 2 89 77 86 0 36 58 58 52 13 82 9 51 48 47 33 
57 22 11 30 0 38 52 43 100 1 3 0 64 31 76 92 76 67 44 85 97 98 71 53 30 98 77 11 90 32 6 12 39 53 100 57 13 94 100 13 46 35 
10 79 78 83 38 0 68 22 97 72 85 55 74 8 3 26 13 72 48 81 69 49 59 92 79 32 24 80 40 56 97 9 78 83 29 44 71 67 24 24 65 83 
11 41 64 3 52 68 0 62 57 37 48 73 42 45 24 54 70 76 43 58 61 76 50 14 96 15 45 22 92 52 90 8 65 12 27 73 50 84 37 55 61 52 
26 36 63 54 43 22 62 0 1 4 62 49 98 72 26 21 77 97 44 1 90 26 89 54 45 41 47 36 20 99 8 27 58 49 18 61 49 57 33 80 63 90 
17 35 25 11 100 97 57 1 0 97 55 40 49 86 29 59 23 15 92 88 99 60 14 22 36 22 16 0 33 35 97 30 79 37 9 22 54 98 39 13 69 20 
9 46 55 13 1 72 37 4 97 0 24 7 21 92 12 81 41 45 88 97 48 16 85 72 15 32 64 32 14 37 20 7 18 27 31 41 9 11 86 92 43 82 
12 12 75 89 3 85 48 62 55 24 0 72 26 25 42 79 29 32 11 17 76 62 30 10 17 40 24 88 50 25 89 3 26 8 81 28 95 4 22 9 47 90 
24 99 43 29 0 55 73 49 40 7 72 0 70 27 88 62 19 0 8 4 77 93 65 47 6 48 54 64 4 21 55 75 9 56 11 47 3 58 42 91 80 33 
11 28 4 75 64 74 42 98 49 21 26 70 0 71 59 9 5 77 80 77 23 12 20 32 37 65 86 4 19 9 63 3 99 50 88 31 28 12 10 48 76 40 
45 65 1 69 31 8 45 72 86 92 25 27 71 0 6 29 59 76 61 51 15 4 21 13 47 16 45 37 81 67 88 50 45 62 0 60 4 75 20 77 27 100 
47 13 21 78 76 3 24 26 29 12 42 88 59 6 0 92 5 14 86 3 33 27 58 42 18 48 62 88 90 49 49 3 70 5 69 73 67 10 31 99 21 86 
100 41 39 74 92 26 54 21 59 81 79 62 9 29 92 0 8 97 18 18 38 24 22 8 96 93 2 40 47 79 55 99 19 47 71 77 73 59 31 100 33 34 
79 6 47 65 76 13 70 77 23 41 29 19 5 59 5 8 0 66 7 57 32 6 74 50 96 8 58 62 81 14 10 97 15 26 83 67 40 67 9 75 77 92 
60 75 100 34 67 72 76 97 15 45 32 0 77 76 14 97 66 0 49 85 81 98 91 66 2 10 27 46 35 28 16 64 99 66 2 27 35 46 36 12 75 20 
24 53 48 74 44 48 43 44 92 88 11 8 80 61 86 18 7 49 0 39 34 93 27 23 47 71 61 43 38 95 95 94 21 19 35 95 15 91 85 36 75 86 
33 17 88 30 85 81 58 1 88 97 17 4 77 51 3 18 57 85 39 0 99 38 56 94 49 36 21 61 69 18 68 69 86 34 48 24 75 33 18 15 44 78 
66 22 99 2 97 69 61 90 99 48 76 77 23 15 33 38 32 81 34 99 0 25 3 51 27 10 88 71 62 99 80 42 48 13 100 51 38 86 14 3 30 31 
45 7 25 96 98 49 76 26 60 16 62 93 12 4 27 24 6 98 93 38 25 0 68 65 59 69 2 89 45 30 50 4 82 41 85 33 36 38 53 25 63 65 
75 41 9 4 71 59 50 89 14 85 30 65 20 21 58 22 74 91 27 56 3 68 0 78 100 9 46 97 86 96 7 45 81 58 96 85 48 18 67 58 95 64 
31 29 39 11 53 92 14 54 22 72 10 47 32 13 42 8 50 66 23 94 51 65 78 0 46 9 26 5 73 99 57 19 90 11 18 53 2 27 40 89 39 53 
27 100 2 40 30 79 96 45 36 15 17 6 37 47 18 96 96 2 47 49 27 59 100 46 0 33 78 67 47 67 88 68 41 0 72 50 20 78 96 72 85 66 
78 26 36 96 98 32 15 41 22 32 40 48 65 16 48 93 8 10 71 36 10 69 9 9 33 0 10 89 95 59 3 32 86 67 98 72 97 24 91 62 34 96 
24 91 37 2 77 24 45 47 16 64 24 54 86 45 62 2 58 27 61 21 88 2 46 26 78 10 0 99 40 94 34 71 97 44 18 54 1 68 56 23 39 89 
92 10 25 89 11 80 22 36 0 32 88 64 4 37 88 40 62 46 43 61 71 89 97 5 67 89 99 0 24 3 89 70 78 28 90 82 77 69 15 2 93 64 
59 0 47 77 90 40 92 20 33 14 50 4 19 81 90 47 81 35 38 69 62 45 86 73 47 95 40 24 0 61 99 64 0 85 36 69 85 89 6 68 3 78 
64 94 24 86 32 56 52 99 35 37 25 21 9 67 49 79 14 28 95 18 99 30 96 99 67 59 94 3 61 0 39 79 63 34 78 18 19 60 6 69 11 95 
39 6 20 0 6 97 90 8 97 20 89 55 63 88 49 55 10 16 95 68 80 50 7 57 88 3 34 89 99 39 0 8 51 22 26 72 69 81 92 74 91 39 
6 52 16 36 12 9 8 27 30 7 3 75 3 50 3 99 97 64 94 69 42 4 45 19 68 32 71 70 64 79 8 0 50 89 99 89 16 78 42 52 86 40 
32 36 70 58 39 78 65 58 79 18 26 9 99 45 70 19 15 99 21 86 48 82 81 90 41 86 97 78 0 63 51 50 0 56 97 46 88 24 0 91 8 66 
5 35 60 58 53 83 12 49 37 27 8 56 50 62 5 47 26 66 19 34 13 41 58 11 0 67 44 28 85 34 22 89 56 0 20 56 84 23 58 40 34 61 
11 2 4 52 100 29 27 18 9 31 81 11 88 0 69 71 83 2 35 48 100 85 96 18 72 98 18 90 36 78 26 99 97 20 0 4 83 52 56 68 52 40 
30 17 20 13 57 44 73 61 22 41 28 47 31 60 73 77 67 27 95 24 51 33 85 53 50 72 54 82 69 18 72 89 46 56 4 0 43 85 71 74 91 84 
52 29 86 82 13 71 50 49 54 9 95 3 28 4 67 73 40 35 15 75 38 36 48 2 20 97 1 77 85 19 69 16 88 84 83 43 0 79 4 65 66 51 
95 31 85 9 94 67 84 57 98 11 4 58 12 75 10 59 67 46 91 33 86 38 18 27 78 24 68 69 89 60 81 78 24 23 52 85 79 0 88 20 10 45 
59 17 50 51 100 24 37 33 39 86 22 42 10 20 31 31 9 36 85 18 14 53 67 40 96 91 56 15 6 6 92 42 0 58 56 71 4 88 0 61 48 50 
53 18 10 48 13 24 55 80 13 92 9 91 48 77 99 100 75 12 36 15 3 25 58 89 72 62 23 2 68 69 74 52 91 40 68 74 65 20 61 0 44 16 
99 99 15 47 46 65 61 63 69 43 47 80 76 27 21 33 77 75 75 44 30 63 95 39 85 34 39 93 3 11 91 86 8 34 52 91 66 10 48 44 0 87 
21 43 85 33 35 83 52 90 20 82 90 33 40 100 86 34 92 20 86 78 31 65 64 53 66 96 89 64 78 95 39 40 66 61 40 84 51 45 50 16 87 0 
RRBBRRRBBBRRRRRBBRRBBRRBRBBBBBBBRRRBBRBBRR
