50
0 2 21 54 100 53 36 28 13 92 93 1 92 84 48 66 74 30 10 42 37 12 76 32 75 87 97 47 71 67 95 68 43 40 48 90 81 54 14 71 20 100 83 90 68 52 0 9 47 11 
2 0 41 31 49 93 14 79 99 67 9 1 59 4 3 73 70 61 59 10 14 33 64 15 15 23 55 73 34 37 98 82 62 100 32 15 44 51 32 17 83 67 70 82 82 12 82 2 92 99 
21 41 0 75 56 34 29 50 26 88 9 99 28 76 20 66 22 31 43 65 51 51 84 88 28 19 39 68 61 54 36 67 72 52 43 70 15 66 12 45 6 53 7 71 46 100 90 18 98 37 
54 31 75 0 65 14 22 58 67 12 22 84 1 96 82 100 7 40 86 71 74 98 83 26 33 42 73 25 19 30 21 55 55 32 43 57 85 87 70 72 70 90 63 1 62 94 85 51 81 83 
100 49 56 65 0 41 53 61 56 48 63 44 60 48 9 14 53 8 82 48 28 43 37 9 83 90 15 57 97 95 8 73 72 3 97 65 80 80 17 74 74 56 23 98 31 27 26 59 52 25 
53 93 34 14 41 0 60 69 46 35 75 95 30 11 11 80 7 9 95 38 39 0 73 20 86 10 7 78 72 25 42 31 82 40 35 93 81 12 10 46 70 4 59 52 47 40 42 47 84 77 
36 14 29 22 53 60 0 74 19 95 40 60 71 56 89 86 72 95 53 58 94 54 3 59 65 75 45 22 9 81 6 21 1 26 80 61 68 81 85 36 24 65 3 58 96 65 15 47 24 97 
28 79 50 58 61 69 74 0 4 70 7 4 83 25 72 32 47 26 86 31 59 32 84 42 93 44 28 31 9 19 10 32 63 81 98 7 93 66 12 75 73 86 57 15 42 0 27 20 12 14 
13 99 26 67 56 46 19 4 0 94 89 82 74 83 8 48 97 43 18 95 78 38 37 93 52 55 6 57 93 13 46 17 17 96 89 100 87 42 29 13 66 12 23 62 71 75 19 94 18 37 
92 67 88 12 48 35 95 70 94 0 13 8 22 94 46 80 42 18 65 13 33 77 18 18 57 36 28 28 48 84 0 86 9 18 94 85 3 63 53 39 84 16 32 53 11 16 99 57 94 21 
93 9 9 22 63 75 40 7 89 13 0 48 93 85 44 90 60 11 45 41 71 85 71 50 28 46 6 45 67 84 7 10 5 40 96 22 28 68 100 38 54 66 98 69 100 17 89 41 5 79 
1 1 99 84 44 95 60 4 82 8 48 0 29 44 13 80 50 82 92 97 16 97 53 76 77 37 37 8 45 11 2 12 46 55 72 41 62 21 40 98 77 23 75 7 81 78 8 80 34 100 
92 59 28 1 60 30 71 83 74 22 93 29 0 19 14 30 95 24 27 35 21 55 94 12 81 24 80 1 50 43 79 20 66 77 52 4 13 30 74 61 68 62 65 100 78 30 58 82 23 62 
84 4 76 96 48 11 56 25 83 94 85 44 19 0 50 6 79 29 12 79 20 78 48 82 99 59 30 46 75 81 9 96 97 45 4 12 47 56 41 19 38 94 83 96 26 37 91 80 14 14 
48 3 20 82 9 11 89 72 8 46 44 13 14 50 0 51 11 100 75 89 100 26 68 33 32 78 97 37 90 80 76 65 23 71 87 45 71 11 41 97 4 87 96 91 19 59 99 39 85 41 
66 73 66 100 14 80 86 32 48 80 90 80 30 6 51 0 67 10 72 40 29 62 7 12 36 0 21 2 90 47 15 45 55 75 39 71 52 60 60 38 11 88 83 24 15 93 63 82 66 31 
74 70 22 7 53 7 72 47 97 42 60 50 95 79 11 67 0 19 97 92 71 19 44 32 83 76 31 24 8 2 64 51 71 87 31 6 69 73 51 2 98 32 48 52 43 52 5 8 12 28 
30 61 31 40 8 9 95 26 43 18 11 82 24 29 100 10 19 0 53 19 87 59 93 35 34 64 8 42 70 10 25 66 94 74 6 11 96 32 10 14 87 25 71 39 32 9 46 69 31 21 
10 59 43 86 82 95 53 86 18 65 45 92 27 12 75 72 97 53 0 84 60 95 69 59 66 97 10 35 87 90 13 34 67 58 9 85 50 82 11 35 64 46 51 82 63 66 12 93 22 35 
42 10 65 71 48 38 58 31 95 13 41 97 35 79 89 40 92 19 84 0 31 24 52 49 67 93 92 8 96 16 14 91 95 11 59 2 37 49 89 32 80 24 58 28 14 5 12 82 9 88 
37 14 51 74 28 39 94 59 78 33 71 16 21 20 100 29 71 87 60 31 0 0 58 34 27 13 17 17 2 56 61 88 71 83 28 76 35 25 28 22 50 78 2 5 10 40 16 53 29 64 
12 33 51 98 43 0 54 32 38 77 85 97 55 78 26 62 19 59 95 24 0 0 95 74 93 97 7 42 6 64 49 70 37 65 65 37 4 0 8 13 45 71 33 64 28 89 49 54 29 12 
76 64 84 83 37 73 3 84 37 18 71 53 94 48 68 7 44 93 69 52 58 95 0 5 2 71 76 61 89 58 92 75 17 61 55 64 11 14 86 80 78 35 5 54 43 22 45 74 41 7 
32 15 88 26 9 20 59 42 93 18 50 76 12 82 33 12 32 35 59 49 34 74 5 0 72 83 35 75 36 80 63 84 0 52 57 4 74 39 52 45 68 86 37 21 60 26 75 12 68 55 
75 15 28 33 83 86 65 93 52 57 28 77 81 99 32 36 83 34 66 67 27 93 2 72 0 44 37 73 42 9 27 92 59 76 87 64 29 31 63 31 68 70 96 55 85 6 97 15 21 45 
87 23 19 42 90 10 75 44 55 36 46 37 24 59 78 0 76 64 97 93 13 97 71 83 44 0 86 20 96 21 71 10 72 31 27 3 23 12 22 0 66 20 31 41 75 29 52 94 78 72 
97 55 39 73 15 7 45 28 6 28 6 37 80 30 97 21 31 8 10 92 17 7 76 35 37 86 0 50 33 72 34 4 94 19 12 80 63 67 59 74 50 53 99 33 47 44 28 72 43 49 
47 73 68 25 57 78 22 31 57 28 45 8 1 46 37 2 24 42 35 8 17 42 61 75 73 20 50 0 42 65 93 41 58 9 41 90 49 27 8 88 7 35 26 52 73 32 63 61 28 84 
71 34 61 19 97 72 9 9 93 48 67 45 50 75 90 90 8 70 87 96 2 6 89 36 42 96 33 42 0 21 65 24 3 28 67 88 69 64 74 16 48 25 31 62 16 81 46 59 77 44 
67 37 54 30 95 25 81 19 13 84 84 11 43 81 80 47 2 10 90 16 56 64 58 80 9 21 72 65 21 0 76 8 68 74 50 97 85 89 38 7 21 84 29 32 84 46 69 11 95 27 
95 98 36 21 8 42 6 10 46 0 7 2 79 9 76 15 64 25 13 14 61 49 92 63 27 71 34 93 65 76 0 40 97 7 29 25 19 85 26 91 20 78 40 100 7 14 4 20 65 68 
68 82 67 55 73 31 21 32 17 86 10 12 20 96 65 45 51 66 34 91 88 70 75 84 92 10 4 41 24 8 40 0 65 72 38 68 8 17 62 60 40 77 90 63 69 22 52 89 89 1 
43 62 72 55 72 82 1 63 17 9 5 46 66 97 23 55 71 94 67 95 71 37 17 0 59 72 94 58 3 68 97 65 0 20 43 63 37 6 12 63 23 28 49 99 7 77 8 91 51 58 
40 100 52 32 3 40 26 81 96 18 40 55 77 45 71 75 87 74 58 11 83 65 61 52 76 31 19 9 28 74 7 72 20 0 86 93 47 34 17 72 0 45 45 69 8 21 12 76 49 18 
48 32 43 43 97 35 80 98 89 94 96 72 52 4 87 39 31 6 9 59 28 65 55 57 87 27 12 41 67 50 29 38 43 86 0 13 64 59 14 32 61 96 35 7 79 29 72 65 19 27 
90 15 70 57 65 93 61 7 100 85 22 41 4 12 45 71 6 11 85 2 76 37 64 4 64 3 80 90 88 97 25 68 63 93 13 0 70 42 21 90 65 35 51 37 65 41 36 7 13 83 
81 44 15 85 80 81 68 93 87 3 28 62 13 47 71 52 69 96 50 37 35 4 11 74 29 23 63 49 69 85 19 8 37 47 64 70 0 79 33 16 24 30 89 96 12 75 82 81 13 58 
54 51 66 87 80 12 81 66 42 63 68 21 30 56 11 60 73 32 82 49 25 0 14 39 31 12 67 27 64 89 85 17 6 34 59 42 79 0 74 76 39 42 23 52 55 7 40 17 23 70 
14 32 12 70 17 10 85 12 29 53 100 40 74 41 41 60 51 10 11 89 28 8 86 52 63 22 59 8 74 38 26 62 12 17 14 21 33 74 0 99 79 15 10 95 52 9 30 9 85 60 
71 17 45 72 74 46 36 75 13 39 38 98 61 19 97 38 2 14 35 32 22 13 80 45 31 0 74 88 16 7 91 60 63 72 32 90 16 76 99 0 25 9 26 50 91 76 52 57 86 40 
20 83 6 70 74 70 24 73 66 84 54 77 68 38 4 11 98 87 64 80 50 45 78 68 68 66 50 7 48 21 20 40 23 0 61 65 24 39 79 25 0 79 84 97 84 71 71 80 100 3 
100 67 53 90 56 4 65 86 12 16 66 23 62 94 87 88 32 25 46 24 78 71 35 86 70 20 53 35 25 84 78 77 28 45 96 35 30 42 15 9 79 0 43 92 12 7 19 2 58 18 
83 70 7 63 23 59 3 57 23 32 98 75 65 83 96 83 48 71 51 58 2 33 5 37 96 31 99 26 31 29 40 90 49 45 35 51 89 23 10 26 84 43 0 56 3 54 42 21 68 84 
90 82 71 1 98 52 58 15 62 53 69 7 100 96 91 24 52 39 82 28 5 64 54 21 55 41 33 52 62 32 100 63 99 69 7 37 96 52 95 50 97 92 56 0 29 72 87 60 77 9 
68 82 46 62 31 47 96 42 71 11 100 81 78 26 19 15 43 32 63 14 10 28 43 60 85 75 47 73 16 84 7 69 7 8 79 65 12 55 52 91 84 12 3 29 0 91 71 50 4 40 
52 12 100 94 27 40 65 0 75 16 17 78 30 37 59 93 52 9 66 5 40 89 22 26 6 29 44 32 81 46 14 22 77 21 29 41 75 7 9 76 71 7 54 72 91 0 55 99 74 97 
0 82 90 85 26 42 15 27 19 99 89 8 58 91 99 63 5 46 12 12 16 49 45 75 97 52 28 63 46 69 4 52 8 12 72 36 82 40 30 52 71 19 42 87 71 55 0 18 86 26 
9 2 18 51 59 47 47 20 94 57 41 80 82 80 39 82 8 69 93 82 53 54 74 12 15 94 72 61 59 11 20 89 91 76 65 7 81 17 9 57 80 2 21 60 50 99 18 0 99 75 
47 92 98 81 52 84 24 12 18 94 5 34 23 14 85 66 12 31 22 9 29 29 41 68 21 78 43 28 77 95 65 89 51 49 19 13 13 23 85 86 100 58 68 77 4 74 86 99 0 26 
11 99 37 83 25 77 97 14 37 21 79 100 62 14 41 31 28 21 35 88 64 12 7 55 45 72 49 84 44 27 68 1 58 18 27 83 58 70 60 40 3 18 84 9 40 97 26 75 26 0 
RBRRBBBRRBRBRRBRBRRRRBBBRBBRRRBBRBBRBRRBRRRBBBRBBB
