42
0 46 31 77 70 65 38 95 94 25 26 42 64 70 8 56 48 41 72 67 56 71 54 64 27 35 40 99 56 20 1 81 40 90 18 36 82 1 66 63 4 72 
46 0 46 30 17 94 97 77 16 29 10 83 4 92 5 79 28 32 43 54 85 3 50 50 22 55 62 78 51 21 56 48 68 42 39 61 67 45 14 44 47 90 
31 46 0 81 64 40 9 46 75 7 72 6 68 34 67 83 90 37 63 17 1 90 30 86 13 3 53 79 92 52 43 46 7 32 42 22 86 14 7 30 82 83 
77 30 81 0 73 80 46 98 45 86 61 65 20 0 10 55 35 44 93 67 31 63 79 74 19 49 32 11 30 93 73 12 95 70 49 88 46 1 73 50 48 39 
70 17 64 73 0 86 97 72 4 3 56 1 43 68 85 85 54 49 42 86 94 81 79 43 5 43 41 76 83 18 21 36 22 74 100 32 25 89 72 80 43 65 
65 94 40 80 86 0 24 86 41 17 24 46 34 65 55 7 90 25 18 8 13 81 78 26 97 16 65 84 95 36 43 30 33 66 22 63 85 70 25 39 76 89 
38 97 9 46 97 24 0 48 74 58 39 0 95 63 5 61 21 65 51 97 31 53 46 41 15 42 22 55 49 78 70 90 15 40 77 92 14 61 75 12 13 62 
95 77 46 98 72 86 48 0 83 13 68 39 63 34 11 99 62 50 100 24 23 87 49 59 48 68 58 68 75 82 69 61 74 65 90 11 77 21 57 38 93 53 
94 16 75 45 4 41 74 83 0 56 55 70 96 46 17 61 67 85 1 6 80 100 36 77 47 69 87 83 9 7 36 13 13 21 24 21 41 17 49 13 21 96 
25 29 7 86 3 17 58 13 56 0 85 11 53 40 2 84 69 89 4 13 38 69 91 93 7 42 32 47 49 14 59 56 23 42 33 35 3 92 17 8 28 75 
26 10 72 61 56 24 39 68 55 85 0 28 60 27 82 86 70 5 86 90 40 22 13 52 27 61 27 63 100 60 60 69 53 71 38 45 42 60 91 83 97 7 
42 83 6 65 1 46 0 39 70 11 28 0 25 68 44 45 81 30 72 63 80 36 66 64 68 62 15 33 65 95 1 12 64 74 63 94 8 38 25 82 63 79 
64 4 68 20 43 34 95 63 96 53 60 25 0 60 34 9 38 45 14 10 10 40 23 76 66 89 45 93 1 90 91 35 45 73 31 61 98 94 91 100 73 15 
70 92 34 0 68 65 63 34 46 40 27 68 60 0 35 99 2 69 81 63 2 81 48 59 31 53 41 24 67 60 93 91 90 35 14 35 36 88 36 72 17 82 
8 5 67 10 85 55 5 11 17 2 82 44 34 35 0 52 70 70 21 48 31 55 34 65 87 56 19 42 38 87 5 59 22 30 79 13 70 21 97 10 40 5 
56 79 83 55 85 7 61 99 61 84 86 45 9 99 52 0 37 35 87 1 97 31 36 75 5 73 68 7 42 87 51 15 53 88 42 39 17 7 26 6 49 68 
48 28 90 35 54 90 21 62 67 69 70 81 38 2 70 37 0 94 95 64 77 7 42 0 83 75 46 95 43 72 77 53 2 46 29 74 14 81 7 17 89 69 
41 32 37 44 49 25 65 50 85 89 5 30 45 69 70 35 94 0 50 93 0 11 68 84 99 89 57 53 97 6 66 94 54 64 98 17 67 13 66 0 8 61 
72 43 63 93 42 18 51 100 1 4 86 72 14 81 21 87 95 50 0 86 95 13 80 82 71 96 34 36 54 83 8 90 91 24 88 11 55 62 93 9 65 41 
67 54 17 67 86 8 97 24 6 13 90 63 10 63 48 1 64 93 86 0 40 23 38 34 85 27 94 58 40 41 38 2 89 12 39 87 78 18 5 41 6 19 
56 85 1 31 94 13 31 23 80 38 40 80 10 2 31 97 77 0 95 40 0 58 10 5 99 96 27 88 30 74 16 98 33 97 58 22 66 59 80 2 54 59 
71 3 90 63 81 81 53 87 100 69 22 36 40 81 55 31 7 11 13 23 58 0 12 74 52 43 4 33 30 81 96 17 48 40 30 61 18 40 17 37 87 90 
54 50 30 79 79 78 46 49 36 91 13 66 23 48 34 36 42 68 80 38 10 12 0 15 21 46 33 24 54 20 34 44 73 100 65 98 76 93 75 98 44 93 
64 50 86 74 43 26 41 59 77 93 52 64 76 59 65 75 0 84 82 34 5 74 15 0 44 33 47 23 62 30 33 89 87 43 97 75 0 28 20 7 13 99 
27 22 13 19 5 97 15 48 47 7 27 68 66 31 87 5 83 99 71 85 99 52 21 44 0 56 24 69 41 44 70 77 72 83 79 21 61 8 18 54 25 10 
35 55 3 49 43 16 42 68 69 42 61 62 89 53 56 73 75 89 96 27 96 43 46 33 56 0 17 43 39 89 84 66 33 53 54 88 34 53 65 7 38 99 
40 62 53 32 41 65 22 58 87 32 27 15 45 41 19 68 46 57 34 94 27 4 33 47 24 17 0 2 67 29 22 23 63 51 63 25 29 94 24 1 58 56 
99 78 79 11 76 84 55 68 83 47 63 33 93 24 42 7 95 53 36 58 88 33 24 23 69 43 2 0 55 12 70 66 2 81 97 4 75 68 27 34 63 6 
56 51 92 30 83 95 49 75 9 49 100 65 1 67 38 42 43 97 54 40 30 30 54 62 41 39 67 55 0 94 60 62 80 60 78 94 50 95 92 2 4 23 
20 21 52 93 18 36 78 82 7 14 60 95 90 60 87 87 72 6 83 41 74 81 20 30 44 89 29 12 94 0 9 57 64 64 54 65 1 56 89 64 35 57 
1 56 43 73 21 43 70 69 36 59 60 1 91 93 5 51 77 66 8 38 16 96 34 33 70 84 22 70 60 9 0 68 64 64 88 48 39 66 82 88 5 50 
81 48 46 12 36 30 90 61 13 56 69 12 35 91 59 15 53 94 90 2 98 17 44 89 77 66 23 66 62 57 68 0 63 25 41 72 71 57 12 6 26 0 
40 68 7 95 22 33 15 74 13 23 53 64 45 90 22 53 2 54 91 89 33 48 73 87 72 33 63 2 80 64 64 63 0 90 62 4 88 55 21 100 32 6 
90 42 32 70 74 66 40 65 21 42 71 74 73 35 30 88 46 64 24 12 97 40 100 43 83 53 51 81 60 64 64 25 90 0 96 46 5 8 47 6 20 54 
18 39 42 49 100 22 77 90 24 33 38 63 31 14 79 42 29 98 88 39 58 30 65 97 79 54 63 97 78 54 88 41 62 96 0 40 96 90 99 66 22 1 
36 61 22 88 32 63 92 11 21 35 45 94 61 35 13 39 74 17 11 87 22 61 98 75 21 88 25 4 94 65 48 72 4 46 40 0 16 85 93 99 91 8 
82 67 86 46 25 85 14 77 41 3 42 8 98 36 70 17 14 67 55 78 66 18 76 0 61 34 29 75 50 1 39 71 88 5 96 16 0 5 12 32 90 64 
1 45 14 1 89 70 61 21 17 92 60 38 94 88 21 7 81 13 62 18 59 40 93 28 8 53 94 68 95 56 66 57 55 8 90 85 5 0 67 59 57 63 
66 14 7 73 72 25 75 57 49 17 91 25 91 36 97 26 7 66 93 5 80 17 75 20 18 65 24 27 92 89 82 12 21 47 99 93 12 67 0 31 25 60 
63 44 30 50 80 39 12 38 13 8 83 82 100 72 10 6 17 0 9 41 2 37 98 7 54 7 1 34 2 64 88 6 100 6 66 99 32 59 31 0 10 41 
4 47 82 48 43 76 13 93 21 28 97 63 73 17 40 49 89 8 65 6 54 87 44 13 25 38 58 63 4 35 5 26 32 20 22 91 90 57 25 10 0 11 
72 90 83 39 65 89 62 53 96 75 7 79 15 82 5 68 69 61 41 19 59 90 93 99 10 99 56 6 23 57 50 0 6 54 1 8 64 63 60 41 11 0 
BRBRBRRBBBBRBRRRBBRRRBRBBBBRRBBRRBBBRRRRRB
