50
0 17 32 88 25 32 18 12 94 49 95 38 89 97 74 35 14 94 76 99 67 64 64 84 12 66 65 64 93 70 82 71 92 86 9 65 85 62 76 13 37 36 5 98 2 95 51 88 59 98 
17 0 94 38 80 67 87 97 57 29 62 59 17 11 5 70 85 8 4 97 66 41 71 23 70 18 78 58 38 85 11 55 95 82 70 8 22 47 99 88 60 50 76 66 20 99 50 13 55 48 
32 94 0 36 99 45 63 5 15 62 98 29 85 74 5 55 91 82 65 78 59 63 47 59 62 81 6 63 31 43 45 28 58 83 3 58 2 47 9 18 5 0 70 66 79 20 14 75 77 43 
88 38 36 0 62 5 100 6 64 17 87 98 100 22 31 32 10 32 79 99 73 79 71 77 79 32 58 82 18 38 44 69 24 85 21 33 22 5 44 62 51 59 84 66 92 49 96 100 72 33 
25 80 99 62 0 9 64 32 30 49 46 29 66 56 57 57 50 17 2 59 39 26 28 62 20 59 85 99 79 65 76 73 24 82 65 33 26 7 71 66 45 17 3 56 65 24 55 79 12 39 
32 67 45 5 9 0 76 4 21 10 90 43 94 32 20 5 85 88 47 51 47 55 69 15 62 51 91 4 60 7 78 68 4 9 12 45 81 38 62 55 14 40 71 94 43 77 20 9 98 37 
18 87 63 100 64 76 0 28 63 35 92 89 47 54 8 59 39 73 48 16 12 95 77 55 97 91 77 45 48 83 6 28 61 23 5 27 29 56 78 20 61 84 44 31 10 31 51 85 29 54 
12 97 5 6 32 4 28 0 1 47 77 98 21 60 27 67 60 22 50 13 53 47 0 38 86 4 24 29 12 56 26 22 82 61 1 38 17 59 98 15 92 4 3 15 4 48 97 13 65 93 
94 57 15 64 30 21 63 1 0 58 76 50 34 22 83 12 0 98 47 22 67 6 59 59 49 67 29 44 24 9 73 64 66 19 55 44 85 76 63 30 97 75 18 58 64 8 32 60 40 45 
49 29 62 17 49 10 35 47 58 0 3 52 89 6 36 67 15 68 5 13 34 52 79 47 68 89 74 22 53 89 62 78 47 84 80 93 51 58 55 58 9 81 77 58 11 67 43 83 68 23 
95 62 98 87 46 90 92 77 76 3 0 59 50 82 77 32 34 7 92 93 69 55 6 96 18 88 40 70 53 9 62 45 1 17 97 21 42 27 49 64 65 86 88 28 63 48 0 49 65 35 
38 59 29 98 29 43 89 98 50 52 59 0 100 89 63 29 40 74 82 85 50 85 88 7 23 84 11 80 62 12 21 44 84 66 85 19 45 23 34 87 20 24 55 10 67 82 46 90 77 36 
89 17 85 100 66 94 47 21 34 89 50 100 0 76 97 48 97 14 99 84 32 56 65 33 65 58 12 74 100 55 28 19 34 43 39 33 71 30 1 11 10 60 56 97 2 76 78 94 38 6 
97 11 74 22 56 32 54 60 22 6 82 89 76 0 55 24 64 72 87 4 16 4 30 19 58 2 11 46 39 21 0 31 81 88 44 13 0 17 9 64 71 75 28 73 10 28 8 11 11 26 
74 5 5 31 57 20 8 27 83 36 77 63 97 55 0 16 86 67 19 100 9 61 63 90 27 21 92 74 75 20 97 53 20 3 88 51 34 69 90 57 83 70 44 72 45 5 24 76 18 9 
35 70 55 32 57 5 59 67 12 67 32 29 48 24 16 0 40 86 13 68 42 63 56 12 10 26 47 52 65 36 7 98 60 67 87 91 41 2 64 81 94 87 84 94 97 21 68 97 67 20 
14 85 91 10 50 85 39 60 0 15 34 40 97 64 86 40 0 65 88 4 73 33 48 64 66 64 44 60 19 15 94 88 76 33 84 84 67 75 21 10 20 29 85 44 44 37 78 43 75 36 
94 8 82 32 17 88 73 22 98 68 7 74 14 72 67 86 65 0 42 14 77 66 55 88 59 93 74 26 16 61 59 65 66 16 6 18 5 56 73 28 29 94 50 26 51 13 100 13 78 39 
76 4 65 79 2 47 48 50 47 5 92 82 99 87 19 13 88 42 0 71 47 5 85 2 48 27 5 11 30 24 37 10 48 76 36 31 82 46 78 9 25 80 71 83 91 32 77 30 64 72 
99 97 78 99 59 51 16 13 22 13 93 85 84 4 100 68 4 14 71 0 100 95 32 57 24 21 71 36 17 57 72 79 81 100 21 53 37 7 44 92 50 53 23 92 30 30 47 1 85 76 
67 66 59 73 39 47 12 53 67 34 69 50 32 16 9 42 73 77 47 100 0 47 35 47 12 68 59 26 90 88 7 94 51 1 55 99 44 85 68 75 0 51 65 73 93 18 40 92 82 53 
64 41 63 79 26 55 95 47 6 52 55 85 56 4 61 63 33 66 5 95 47 0 87 51 18 65 52 69 81 65 26 56 93 23 35 85 78 58 33 30 32 78 13 18 38 79 64 37 33 5 
64 71 47 71 28 69 77 0 59 79 6 88 65 30 63 56 48 55 85 32 35 87 0 77 75 86 94 31 3 20 99 93 58 44 24 96 47 52 44 6 7 51 19 4 86 72 68 8 26 98 
84 23 59 77 62 15 55 38 59 47 96 7 33 19 90 12 64 88 2 57 47 51 77 0 40 64 21 31 58 13 0 23 66 7 21 7 20 5 83 18 47 5 78 40 20 0 74 31 2 79 
12 70 62 79 20 62 97 86 49 68 18 23 65 58 27 10 66 59 48 24 12 18 75 40 0 49 80 93 11 39 95 28 88 35 37 60 18 19 44 74 74 55 48 65 40 33 70 47 12 4 
66 18 81 32 59 51 91 4 67 89 88 84 58 2 21 26 64 93 27 21 68 65 86 64 49 0 12 79 53 69 44 3 84 90 64 47 57 93 6 79 91 71 56 1 19 97 34 31 65 51 
65 78 6 58 85 91 77 24 29 74 40 11 12 11 92 47 44 74 5 71 59 52 94 21 80 12 0 78 41 77 83 56 2 47 28 17 12 21 86 73 35 7 91 41 93 64 80 45 79 57 
64 58 63 82 99 4 45 29 44 22 70 80 74 46 74 52 60 26 11 36 26 69 31 31 93 79 78 0 54 76 60 42 26 3 90 34 3 89 64 71 69 90 73 62 35 81 18 95 60 12 
93 38 31 18 79 60 48 12 24 53 53 62 100 39 75 65 19 16 30 17 90 81 3 58 11 53 41 54 0 8 65 84 69 97 60 85 16 30 1 59 55 47 16 81 6 90 95 39 18 80 
70 85 43 38 65 7 83 56 9 89 9 12 55 21 20 36 15 61 24 57 88 65 20 13 39 69 77 76 8 0 46 99 29 16 67 17 59 79 32 59 12 72 79 58 21 9 40 3 64 17 
82 11 45 44 76 78 6 26 73 62 62 21 28 0 97 7 94 59 37 72 7 26 99 0 95 44 83 60 65 46 0 42 7 67 16 58 70 24 6 36 22 88 11 69 6 53 54 96 49 86 
71 55 28 69 73 68 28 22 64 78 45 44 19 31 53 98 88 65 10 79 94 56 93 23 28 3 56 42 84 99 42 0 21 26 97 97 70 10 3 44 39 19 93 8 75 66 89 34 97 86 
92 95 58 24 24 4 61 82 66 47 1 84 34 81 20 60 76 66 48 81 51 93 58 66 88 84 2 26 69 29 7 21 0 35 54 4 72 80 0 46 82 29 38 77 82 33 55 22 46 53 
86 82 83 85 82 9 23 61 19 84 17 66 43 88 3 67 33 16 76 100 1 23 44 7 35 90 47 3 97 16 67 26 35 0 67 52 6 66 85 39 93 4 38 48 9 77 73 7 13 86 
9 70 3 21 65 12 5 1 55 80 97 85 39 44 88 87 84 6 36 21 55 35 24 21 37 64 28 90 60 67 16 97 54 67 0 14 0 84 61 25 33 12 68 100 97 66 81 64 35 49 
65 8 58 33 33 45 27 38 44 93 21 19 33 13 51 91 84 18 31 53 99 85 96 7 60 47 17 34 85 17 58 97 4 52 14 0 51 90 43 75 80 74 5 64 91 64 20 81 98 66 
85 22 2 22 26 81 29 17 85 51 42 45 71 0 34 41 67 5 82 37 44 78 47 20 18 57 12 3 16 59 70 70 72 6 0 51 0 5 47 39 93 14 52 29 95 62 24 27 22 3 
62 47 47 5 7 38 56 59 76 58 27 23 30 17 69 2 75 56 46 7 85 58 52 5 19 93 21 89 30 79 24 10 80 66 84 90 5 0 93 91 96 8 26 33 86 21 42 87 86 43 
76 99 9 44 71 62 78 98 63 55 49 34 1 9 90 64 21 73 78 44 68 33 44 83 44 6 86 64 1 32 6 3 0 85 61 43 47 93 0 30 6 66 46 70 74 74 96 50 58 93 
13 88 18 62 66 55 20 15 30 58 64 87 11 64 57 81 10 28 9 92 75 30 6 18 74 79 73 71 59 59 36 44 46 39 25 75 39 91 30 0 4 30 34 75 0 16 35 68 71 24 
37 60 5 51 45 14 61 92 97 9 65 20 10 71 83 94 20 29 25 50 0 32 7 47 74 91 35 69 55 12 22 39 82 93 33 80 93 96 6 4 0 20 96 22 60 26 28 83 66 79 
36 50 0 59 17 40 84 4 75 81 86 24 60 75 70 87 29 94 80 53 51 78 51 5 55 71 7 90 47 72 88 19 29 4 12 74 14 8 66 30 20 0 60 46 36 50 94 81 29 6 
5 76 70 84 3 71 44 3 18 77 88 55 56 28 44 84 85 50 71 23 65 13 19 78 48 56 91 73 16 79 11 93 38 38 68 5 52 26 46 34 96 60 0 83 37 7 97 70 78 3 
98 66 66 66 56 94 31 15 58 58 28 10 97 73 72 94 44 26 83 92 73 18 4 40 65 1 41 62 81 58 69 8 77 48 100 64 29 33 70 75 22 46 83 0 30 94 50 24 14 53 
2 20 79 92 65 43 10 4 64 11 63 67 2 10 45 97 44 51 91 30 93 38 86 20 40 19 93 35 6 21 6 75 82 9 97 91 95 86 74 0 60 36 37 30 0 56 51 64 88 71 
95 99 20 49 24 77 31 48 8 67 48 82 76 28 5 21 37 13 32 30 18 79 72 0 33 97 64 81 90 9 53 66 33 77 66 64 62 21 74 16 26 50 7 94 56 0 29 96 5 62 
51 50 14 96 55 20 51 97 32 43 0 46 78 8 24 68 78 100 77 47 40 64 68 74 70 34 80 18 95 40 54 89 55 73 81 20 24 42 96 35 28 94 97 50 51 29 0 30 59 76 
88 13 75 100 79 9 85 13 60 83 49 90 94 11 76 97 43 13 30 1 92 37 8 31 47 31 45 95 39 3 96 34 22 7 64 81 27 87 50 68 83 81 70 24 64 96 30 0 28 6 
59 55 77 72 12 98 29 65 40 68 65 77 38 11 18 67 75 78 64 85 82 33 26 2 12 65 79 60 18 64 49 97 46 13 35 98 22 86 58 71 66 29 78 14 88 5 59 28 0 54 
98 48 43 33 39 37 54 93 45 23 35 36 6 26 9 20 36 39 72 76 53 5 98 79 4 51 57 12 80 17 86 86 53 86 49 66 3 43 93 24 79 6 3 53 71 62 76 6 54 0 
RBRBBBRRRBRBRRRBRRBRBRBBBRBBRBRBRBRRBBRBBBBRRRBBRR
