40
0 32 81 67 20 5 94 72 64 64 24 73 39 89 35 54 24 13 81 14 100 43 12 3 3 31 14 61 14 65 75 86 47 96 26 47 85 69 18 43 
32 0 97 41 65 13 66 70 30 4 78 27 36 87 21 76 79 54 20 42 69 16 59 11 81 89 100 35 27 40 61 94 99 37 66 7 53 82 32 0 
81 97 0 77 24 52 43 52 1 5 27 70 9 32 56 15 48 63 87 93 83 39 42 45 27 51 31 45 78 35 70 1 71 19 1 21 71 68 50 4 
67 41 77 0 30 100 50 19 7 58 24 34 34 38 34 78 47 22 42 70 25 8 88 97 23 90 65 97 29 36 32 3 29 71 15 31 10 75 28 13 
20 65 24 30 0 83 87 92 10 83 5 49 53 67 30 68 26 88 31 66 5 26 32 68 100 57 57 51 20 44 80 60 44 27 15 10 67 1 27 66 
5 13 52 100 83 0 87 14 69 100 78 40 14 83 19 5 83 52 43 38 56 6 60 52 30 32 2 27 3 26 5 20 2 30 92 12 33 95 57 79 
94 66 43 50 87 87 0 3 4 85 87 14 36 64 58 60 27 20 90 70 43 59 38 19 62 17 25 82 46 17 6 2 33 44 45 95 47 37 58 45 
72 70 52 19 92 14 3 0 8 6 24 55 53 82 90 95 54 9 35 6 90 94 75 69 28 84 25 72 23 44 31 30 0 71 34 19 68 45 72 40 
64 30 1 7 10 69 4 8 0 49 34 4 42 88 98 92 36 3 78 48 30 87 46 37 95 9 76 25 45 62 10 56 55 14 100 92 88 25 75 92 
64 4 5 58 83 100 85 6 49 0 65 4 8 44 10 41 5 74 99 19 64 31 77 5 75 6 58 80 69 1 14 21 49 8 50 4 79 31 80 53 
24 78 27 24 5 78 87 24 34 65 0 2 22 85 28 44 23 38 67 99 88 69 40 10 75 71 37 98 56 98 3 85 30 6 72 99 75 36 15 25 
73 27 70 34 49 40 14 55 4 4 2 0 23 54 20 15 79 74 63 19 77 81 68 8 66 90 9 1 85 52 60 53 50 83 49 77 35 71 43 99 
39 36 9 34 53 14 36 53 42 8 22 23 0 34 30 93 83 14 93 78 15 93 56 76 99 79 19 84 48 12 2 61 14 33 42 18 20 19 24 54 
89 87 32 38 67 83 64 82 88 44 85 54 34 0 8 19 70 8 16 90 64 37 62 54 62 38 62 36 34 81 45 1 67 62 86 8 68 80 16 41 
35 21 56 34 30 19 58 90 98 10 28 20 30 8 0 2 93 30 0 48 53 38 82 75 13 37 37 29 23 9 93 1 7 20 60 59 12 73 38 7 
54 76 15 78 68 5 60 95 92 41 44 15 93 19 2 0 38 78 79 29 75 26 59 75 11 4 76 35 34 8 38 27 67 85 68 51 72 24 30 11 
24 79 48 47 26 83 27 54 36 5 23 79 83 70 93 38 0 8 73 76 44 65 48 84 41 61 3 35 68 35 97 75 14 24 11 69 26 67 4 54 
13 54 63 22 88 52 20 9 3 74 38 74 14 8 30 78 8 0 15 19 38 91 19 43 50 31 10 58 24 55 5 53 72 86 37 40 8 6 71 85 
81 20 87 42 31 43 90 35 78 99 67 63 93 16 0 79 73 15 0 87 5 48 100 36 28 85 7 95 24 7 63 9 15 81 85 64 10 15 77 57 
14 42 93 70 66 38 70 6 48 19 99 19 78 90 48 29 76 19 87 0 18 76 67 68 52 92 97 7 39 84 3 50 34 30 88 47 96 98 47 59 
100 69 83 25 5 56 43 90 30 64 88 77 15 64 53 75 44 38 5 18 0 81 29 24 22 93 58 21 80 85 82 96 26 67 13 79 39 56 65 11 
43 16 39 8 26 6 59 94 87 31 69 81 93 37 38 26 65 91 48 76 81 0 35 43 3 82 33 52 34 4 19 77 78 99 72 21 67 14 60 88 
12 59 42 88 32 60 38 75 46 77 40 68 56 62 82 59 48 19 100 67 29 35 0 10 55 7 20 100 78 14 48 94 9 3 72 77 1 40 2 61 
3 11 45 97 68 52 19 69 37 5 10 8 76 54 75 75 84 43 36 68 24 43 10 0 46 3 48 79 12 39 96 74 52 3 81 85 85 72 49 17 
3 81 27 23 100 30 62 28 95 75 75 66 99 62 13 11 41 50 28 52 22 3 55 46 0 50 96 99 20 100 56 43 71 62 85 67 69 58 100 24 
31 89 51 90 57 32 17 84 9 6 71 90 79 38 37 4 61 31 85 92 93 82 7 3 50 0 64 55 57 47 73 10 60 16 1 93 87 17 41 28 
14 100 31 65 57 2 25 25 76 58 37 9 19 62 37 76 3 10 7 97 58 33 20 48 96 64 0 92 23 17 69 71 47 80 79 37 88 35 74 79 
61 35 45 97 51 27 82 72 25 80 98 1 84 36 29 35 35 58 95 7 21 52 100 79 99 55 92 0 89 51 94 86 55 78 82 68 82 15 34 29 
14 27 78 29 20 3 46 23 45 69 56 85 48 34 23 34 68 24 24 39 80 34 78 12 20 57 23 89 0 56 14 68 29 50 45 62 14 100 40 60 
65 40 35 36 44 26 17 44 62 1 98 52 12 81 9 8 35 55 7 84 85 4 14 39 100 47 17 51 56 0 40 41 72 52 20 65 65 6 40 47 
75 61 70 32 80 5 6 31 10 14 3 60 2 45 93 38 97 5 63 3 82 19 48 96 56 73 69 94 14 40 0 13 46 69 79 38 62 53 96 76 
86 94 1 3 60 20 2 30 56 21 85 53 61 1 1 27 75 53 9 50 96 77 94 74 43 10 71 86 68 41 13 0 38 28 90 44 39 73 21 44 
47 99 71 29 44 2 33 0 55 49 30 50 14 67 7 67 14 72 15 34 26 78 9 52 71 60 47 55 29 72 46 38 0 14 31 65 6 30 62 46 
96 37 19 71 27 30 44 71 14 8 6 83 33 62 20 85 24 86 81 30 67 99 3 3 62 16 80 78 50 52 69 28 14 0 2 93 26 47 55 30 
26 66 1 15 15 92 45 34 100 50 72 49 42 86 60 68 11 37 85 88 13 72 72 81 85 1 79 82 45 20 79 90 31 2 0 90 98 18 47 45 
47 7 21 31 10 12 95 19 92 4 99 77 18 8 59 51 69 40 64 47 79 21 77 85 67 93 37 68 62 65 38 44 65 93 90 0 36 78 92 21 
85 53 71 10 67 33 47 68 88 79 75 35 20 68 12 72 26 8 10 96 39 67 1 85 69 87 88 82 14 65 62 39 6 26 98 36 0 50 74 25 
69 82 68 75 1 95 37 45 25 31 36 71 19 80 73 24 67 6 15 98 56 14 40 72 58 17 35 15 100 6 53 73 30 47 18 78 50 0 37 28 
18 32 50 28 27 57 58 72 75 80 15 43 24 16 38 30 4 71 77 47 65 60 2 49 100 41 74 34 40 40 96 21 62 55 47 92 74 37 0 33 
43 0 4 13 66 79 45 40 92 53 25 99 54 41 7 11 54 85 57 59 11 88 61 17 24 28 79 29 60 47 76 44 46 30 45 21 25 28 33 0 
BRRRRRBRBBBRBRRBBBRBRRRRRRRBRBBBBRBBBBBR
