42
0 47 57 32 25 23 68 27 45 17 57 72 76 20 38 40 94 64 76 25 75 20 89 16 35 0 30 54 42 91 49 24 24 43 70 77 22 73 85 77 78 86 
47 0 96 2 39 23 32 66 18 87 36 99 49 23 52 20 84 71 43 83 8 64 10 25 65 46 8 77 76 86 67 6 14 31 53 47 6 75 31 21 30 30 
57 96 0 73 77 76 86 37 84 18 89 6 55 47 16 11 68 78 51 8 95 16 21 3 42 53 36 89 25 53 54 62 93 37 7 77 95 75 84 56 71 37 
32 2 73 0 28 50 58 28 60 76 68 28 38 12 17 65 61 25 93 58 24 12 52 11 64 58 6 95 6 84 69 79 56 19 20 52 39 94 12 79 98 24 
25 39 77 28 0 28 21 57 37 8 41 91 25 42 92 98 29 83 16 54 46 16 38 58 40 29 51 71 21 50 23 10 66 50 73 23 18 86 30 13 60 41 
23 23 76 50 28 0 1 73 29 41 88 7 87 60 60 49 10 94 47 97 1 66 2 99 45 16 98 19 26 77 37 51 57 10 2 97 30 71 60 67 73 79 
68 32 86 58 21 1 0 16 2 67 87 8 32 77 23 46 98 6 27 46 44 38 86 54 83 5 23 18 18 84 1 47 90 16 26 78 49 8 3 94 14 42 
27 66 37 28 57 73 16 0 86 14 14 92 56 97 1 89 64 100 43 65 39 53 59 13 18 59 96 5 63 24 3 3 8 45 1 88 68 4 59 92 1 18 
45 18 84 60 37 29 2 86 0 35 92 61 8 40 78 75 0 3 28 15 79 99 75 36 82 18 94 84 58 57 0 65 23 25 97 100 32 41 84 32 74 80 
17 87 18 76 8 41 67 14 35 0 24 77 41 83 77 17 88 48 59 33 62 2 98 87 47 63 53 12 99 16 66 81 31 90 24 54 20 77 3 49 92 45 
57 36 89 68 41 88 87 14 92 24 0 66 100 68 73 34 67 30 37 31 11 46 43 9 22 0 64 8 1 37 0 49 22 23 42 61 30 91 95 60 57 26 
72 99 6 28 91 7 8 92 61 77 66 0 48 35 10 86 36 34 29 8 18 73 91 95 61 28 91 37 7 19 65 81 8 77 72 93 60 100 82 13 56 36 
76 49 55 38 25 87 32 56 8 41 100 48 0 47 30 22 5 94 76 98 46 2 24 75 66 11 41 11 44 42 53 96 2 10 72 81 38 76 30 17 35 6 
20 23 47 12 42 60 77 97 40 83 68 35 47 0 45 23 2 90 52 89 21 30 84 40 32 85 42 87 20 91 2 23 83 86 19 100 69 35 25 63 16 5 
38 52 16 17 92 60 23 1 78 77 73 10 30 45 0 29 68 71 32 36 33 88 90 13 58 64 41 98 7 35 78 14 90 55 79 36 69 92 83 90 49 58 
40 20 11 65 98 49 46 89 75 17 34 86 22 23 29 0 29 64 83 5 96 28 42 82 72 28 74 32 34 48 30 76 74 34 90 83 42 46 81 74 81 60 
94 84 68 61 29 10 98 64 0 88 67 36 5 2 68 29 0 25 25 93 39 96 91 72 63 65 6 91 3 32 69 8 47 98 28 89 100 90 48 74 30 26 
64 71 78 25 83 94 6 100 3 48 30 34 94 90 71 64 25 0 42 22 77 29 99 46 59 21 74 88 75 69 20 76 57 5 6 18 100 37 95 40 13 89 
76 43 51 93 16 47 27 43 28 59 37 29 76 52 32 83 25 42 0 60 90 65 50 28 35 5 47 48 97 3 19 78 100 3 98 31 63 98 32 6 76 85 
25 83 8 58 54 97 46 65 15 33 31 8 98 89 36 5 93 22 60 0 43 71 43 66 42 35 26 16 28 88 56 23 88 25 98 38 2 93 92 9 26 2 
75 8 95 24 46 1 44 39 79 62 11 18 46 21 33 96 39 77 90 43 0 22 23 42 35 75 56 33 78 41 87 59 10 58 40 71 10 84 27 50 63 14 
20 64 16 12 16 66 38 53 99 2 46 73 2 30 88 28 96 29 65 71 22 0 73 76 48 94 64 78 5 72 17 21 12 1 98 60 39 65 23 92 98 63 
89 10 21 52 38 2 86 59 75 98 43 91 24 84 90 42 91 99 50 43 23 73 0 33 14 8 48 25 49 75 44 85 97 10 21 81 53 98 55 96 41 68 
16 25 3 11 58 99 54 13 36 87 9 95 75 40 13 82 72 46 28 66 42 76 33 0 23 51 66 49 76 46 88 77 5 11 5 60 58 44 57 4 15 78 
35 65 42 64 40 45 83 18 82 47 22 61 66 32 58 72 63 59 35 42 35 48 14 23 0 43 65 0 31 44 64 48 19 10 35 62 29 51 74 91 37 43 
0 46 53 58 29 16 5 59 18 63 0 28 11 85 64 28 65 21 5 35 75 94 8 51 43 0 46 67 64 26 23 60 41 76 94 23 72 5 74 68 37 10 
30 8 36 6 51 98 23 96 94 53 64 91 41 42 41 74 6 74 47 26 56 64 48 66 65 46 0 61 43 71 58 55 78 60 26 67 5 42 87 3 38 14 
54 77 89 95 71 19 18 5 84 12 8 37 11 87 98 32 91 88 48 16 33 78 25 49 0 67 61 0 77 87 25 91 55 81 52 100 73 64 65 95 52 78 
42 76 25 6 21 26 18 63 58 99 1 7 44 20 7 34 3 75 97 28 78 5 49 76 31 64 43 77 0 94 36 99 89 18 97 75 45 57 32 42 2 50 
91 86 53 84 50 77 84 24 57 16 37 19 42 91 35 48 32 69 3 88 41 72 75 46 44 26 71 87 94 0 65 11 99 65 19 9 31 64 7 10 39 46 
49 67 54 69 23 37 1 3 0 66 0 65 53 2 78 30 69 20 19 56 87 17 44 88 64 23 58 25 36 65 0 100 0 54 28 43 28 23 73 11 76 47 
24 6 62 79 10 51 47 3 65 81 49 81 96 23 14 76 8 76 78 23 59 21 85 77 48 60 55 91 99 11 100 0 29 74 84 95 37 46 12 100 86 96 
24 14 93 56 66 57 90 8 23 31 22 8 2 83 90 74 47 57 100 88 10 12 97 5 19 41 78 55 89 99 0 29 0 11 5 69 23 81 81 71 68 44 
43 31 37 19 50 10 16 45 25 90 23 77 10 86 55 34 98 5 3 25 58 1 10 11 10 76 60 81 18 65 54 74 11 0 90 38 37 59 71 31 30 38 
70 53 7 20 73 2 26 1 97 24 42 72 72 19 79 90 28 6 98 98 40 98 21 5 35 94 26 52 97 19 28 84 5 90 0 47 12 76 17 35 11 6 
77 47 77 52 23 97 78 88 100 54 61 93 81 100 36 83 89 18 31 38 71 60 81 60 62 23 67 100 75 9 43 95 69 38 47 0 88 45 12 11 63 47 
22 6 95 39 18 30 49 68 32 20 30 60 38 69 69 42 100 100 63 2 10 39 53 58 29 72 5 73 45 31 28 37 23 37 12 88 0 46 32 81 31 62 
73 75 75 94 86 71 8 4 41 77 91 100 76 35 92 46 90 37 98 93 84 65 98 44 51 5 42 64 57 64 23 46 81 59 76 45 46 0 89 16 7 59 
85 31 84 12 30 60 3 59 84 3 95 82 30 25 83 81 48 95 32 92 27 23 55 57 74 74 87 65 32 7 73 12 81 71 17 12 32 89 0 37 97 4 
77 21 56 79 13 67 94 92 32 49 60 13 17 63 90 74 74 40 6 9 50 92 96 4 91 68 3 95 42 10 11 100 71 31 35 11 81 16 37 0 93 2 
78 30 71 98 60 73 14 1 74 92 57 56 35 16 49 81 30 13 76 26 63 98 41 15 37 37 38 52 2 39 76 86 68 30 11 63 31 7 97 93 0 35 
86 30 37 24 41 79 42 18 80 45 26 36 6 5 58 60 26 89 85 2 14 63 68 78 43 10 14 78 50 46 47 96 44 38 6 47 62 59 4 2 35 0 
BBRBRBRBRBBRBRBBBRRRBRRRBRRRBBRBBBRBBRRRRB
