46
0 34 34 33 86 50 6 25 79 79 14 19 41 44 65 59 33 48 65 43 51 45 21 21 71 56 29 86 96 72 86 35 71 66 100 70 41 27 53 71 29 44 37 31 65 18 
34 0 94 70 24 60 57 54 91 22 70 6 80 70 31 40 74 56 49 44 25 75 11 48 14 86 95 71 16 84 71 29 40 26 21 59 91 85 93 19 29 89 36 52 42 11 
34 94 0 28 69 87 39 54 42 44 53 86 50 64 24 22 6 68 88 12 13 52 28 9 97 99 55 86 0 88 3 13 30 39 50 20 44 14 69 52 92 63 11 36 74 13 
33 70 28 0 100 20 69 44 44 5 98 95 38 59 81 40 95 51 5 26 29 47 5 86 14 52 65 47 8 33 52 81 15 17 74 51 95 1 85 71 54 61 79 57 85 97 
86 24 69 100 0 78 21 76 80 90 1 42 25 22 13 21 11 4 44 16 99 16 6 26 40 7 1 43 89 71 36 77 64 54 76 39 85 75 72 59 76 0 67 18 22 47 
50 60 87 20 78 0 44 69 45 99 8 58 22 69 46 42 48 2 22 30 100 12 47 55 76 20 3 51 57 37 27 80 75 37 0 62 17 19 40 29 64 13 0 9 78 58 
6 57 39 69 21 44 0 51 6 70 68 61 79 69 25 98 36 70 10 38 86 0 77 98 79 60 16 89 52 30 90 69 75 76 60 38 98 91 56 19 76 24 96 81 71 72 
25 54 54 44 76 69 51 0 70 18 25 81 7 57 31 53 71 1 29 9 56 27 7 15 69 7 37 81 53 94 89 81 88 48 95 17 97 99 5 25 25 99 8 26 5 39 
79 91 42 44 80 45 6 70 0 16 56 81 40 17 60 67 90 2 88 40 4 16 80 44 62 37 78 43 99 82 33 60 31 96 16 29 20 34 48 17 51 78 82 74 40 49 
79 22 44 5 90 99 70 18 16 0 57 89 71 79 46 16 56 35 67 94 10 93 73 2 47 87 13 88 99 18 74 9 0 57 72 10 62 91 76 19 100 90 71 43 80 93 
14 70 53 98 1 8 68 25 56 57 0 27 68 95 77 4 4 28 62 86 20 86 38 26 16 8 52 89 11 35 9 37 79 85 56 94 16 84 52 49 71 46 26 45 88 53 
19 6 86 95 42 58 61 81 81 89 27 0 67 21 82 64 77 97 98 50 44 88 63 59 35 76 47 77 13 25 34 55 23 52 81 42 0 89 79 78 84 14 51 0 14 30 
41 80 50 38 25 22 79 7 40 71 68 67 0 39 49 21 66 69 3 44 52 77 60 73 22 78 31 17 44 34 67 17 12 15 89 28 59 32 22 7 42 86 26 89 27 45 
44 70 64 59 22 69 69 57 17 79 95 21 39 0 15 79 31 18 41 40 37 57 23 82 24 64 5 99 89 1 29 74 5 33 29 26 62 82 13 10 22 35 59 97 58 72 
65 31 24 81 13 46 25 31 60 46 77 82 49 15 0 77 63 47 46 93 66 67 63 48 5 96 45 7 67 73 85 70 11 82 26 3 45 65 76 31 33 70 50 13 38 23 
59 40 22 40 21 42 98 53 67 16 4 64 21 79 77 0 26 3 98 6 85 94 98 22 25 9 33 54 18 89 15 2 79 87 1 93 21 28 65 58 21 53 17 74 86 12 
33 74 6 95 11 48 36 71 90 56 4 77 66 31 63 26 0 63 54 15 47 31 28 99 35 44 2 38 26 9 99 42 32 17 49 61 81 54 77 96 72 82 55 73 14 47 
48 56 68 51 4 2 70 1 2 35 28 97 69 18 47 3 63 0 25 17 21 14 76 27 38 0 97 51 36 95 57 79 56 88 8 37 8 35 87 78 33 94 50 73 50 11 
65 49 88 5 44 22 10 29 88 67 62 98 3 41 46 98 54 25 0 23 89 76 24 64 56 60 15 20 47 63 59 16 76 98 64 10 56 72 57 54 21 97 96 37 52 82 
43 44 12 26 16 30 38 9 40 94 86 50 44 40 93 6 15 17 23 0 54 56 45 90 83 60 12 69 55 17 0 24 11 86 5 51 95 67 9 100 96 59 36 11 93 36 
51 25 13 29 99 100 86 56 4 10 20 44 52 37 66 85 47 21 89 54 0 52 79 19 76 34 85 15 52 1 50 11 63 3 82 18 52 10 57 97 78 67 0 98 80 60 
45 75 52 47 16 12 0 27 16 93 86 88 77 57 67 94 31 14 76 56 52 0 72 23 44 41 22 38 72 49 33 100 11 5 40 1 6 91 26 20 18 61 12 63 84 62 
21 11 28 5 6 47 77 7 80 73 38 63 60 23 63 98 28 76 24 45 79 72 0 73 15 41 31 71 5 66 62 26 12 52 48 58 89 87 34 73 75 51 48 27 95 24 
21 48 9 86 26 55 98 15 44 2 26 59 73 82 48 22 99 27 64 90 19 23 73 0 98 90 84 78 54 26 48 8 38 64 89 53 33 88 21 71 17 11 9 88 93 45 
71 14 97 14 40 76 79 69 62 47 16 35 22 24 5 25 35 38 56 83 76 44 15 98 0 99 40 41 3 60 65 61 93 41 78 15 18 63 72 88 34 0 18 67 68 55 
56 86 99 52 7 20 60 7 37 87 8 76 78 64 96 9 44 0 60 60 34 41 41 90 99 0 18 48 29 29 15 29 78 75 77 62 35 15 87 98 8 48 61 12 35 7 
29 95 55 65 1 3 16 37 78 13 52 47 31 5 45 33 2 97 15 12 85 22 31 84 40 18 0 34 25 5 17 4 94 91 95 63 36 12 27 24 46 63 11 48 64 53 
86 71 86 47 43 51 89 81 43 88 89 77 17 99 7 54 38 51 20 69 15 38 71 78 41 48 34 0 4 0 11 13 80 1 8 12 45 71 15 13 71 0 9 68 35 63 
96 16 0 8 89 57 52 53 99 99 11 13 44 89 67 18 26 36 47 55 52 72 5 54 3 29 25 4 0 57 31 57 51 14 40 87 59 23 15 4 51 93 90 13 2 40 
72 84 88 33 71 37 30 94 82 18 35 25 34 1 73 89 9 95 63 17 1 49 66 26 60 29 5 0 57 0 53 67 70 14 38 26 4 51 78 74 7 26 88 28 27 49 
86 71 3 52 36 27 90 89 33 74 9 34 67 29 85 15 99 57 59 0 50 33 62 48 65 15 17 11 31 53 0 20 94 89 7 70 49 21 61 12 95 11 13 75 67 1 
35 29 13 81 77 80 69 81 60 9 37 55 17 74 70 2 42 79 16 24 11 100 26 8 61 29 4 13 57 67 20 0 69 2 26 97 92 40 31 34 71 88 89 19 97 65 
71 40 30 15 64 75 75 88 31 0 79 23 12 5 11 79 32 56 76 11 63 11 12 38 93 78 94 80 51 70 94 69 0 78 92 88 49 0 29 54 75 33 87 47 9 94 
66 26 39 17 54 37 76 48 96 57 85 52 15 33 82 87 17 88 98 86 3 5 52 64 41 75 91 1 14 14 89 2 78 0 32 59 85 73 76 81 99 69 47 28 79 16 
100 21 50 74 76 0 60 95 16 72 56 81 89 29 26 1 49 8 64 5 82 40 48 89 78 77 95 8 40 38 7 26 92 32 0 81 0 5 28 90 63 88 81 55 39 58 
70 59 20 51 39 62 38 17 29 10 94 42 28 26 3 93 61 37 10 51 18 1 58 53 15 62 63 12 87 26 70 97 88 59 81 0 67 57 1 44 76 53 25 75 78 13 
41 91 44 95 85 17 98 97 20 62 16 0 59 62 45 21 81 8 56 95 52 6 89 33 18 35 36 45 59 4 49 92 49 85 0 67 0 14 44 94 85 97 18 80 41 62 
27 85 14 1 75 19 91 99 34 91 84 89 32 82 65 28 54 35 72 67 10 91 87 88 63 15 12 71 23 51 21 40 0 73 5 57 14 0 11 15 58 63 11 77 71 12 
53 93 69 85 72 40 56 5 48 76 52 79 22 13 76 65 77 87 57 9 57 26 34 21 72 87 27 15 15 78 61 31 29 76 28 1 44 11 0 34 39 91 11 61 54 41 
71 19 52 71 59 29 19 25 17 19 49 78 7 10 31 58 96 78 54 100 97 20 73 71 88 98 24 13 4 74 12 34 54 81 90 44 94 15 34 0 9 35 100 29 50 55 
29 29 92 54 76 64 76 25 51 100 71 84 42 22 33 21 72 33 21 96 78 18 75 17 34 8 46 71 51 7 95 71 75 99 63 76 85 58 39 9 0 24 52 48 15 11 
44 89 63 61 0 13 24 99 78 90 46 14 86 35 70 53 82 94 97 59 67 61 51 11 0 48 63 0 93 26 11 88 33 69 88 53 97 63 91 35 24 0 94 41 84 8 
37 36 11 79 67 0 96 8 82 71 26 51 26 59 50 17 55 50 96 36 0 12 48 9 18 61 11 9 90 88 13 89 87 47 81 25 18 11 11 100 52 94 0 87 88 78 
31 52 36 57 18 9 81 26 74 43 45 0 89 97 13 74 73 73 37 11 98 63 27 88 67 12 48 68 13 28 75 19 47 28 55 75 80 77 61 29 48 41 87 0 97 100 
65 42 74 85 22 78 71 5 40 80 88 14 27 58 38 86 14 50 52 93 80 84 95 93 68 35 64 35 2 27 67 97 9 79 39 78 41 71 54 50 15 84 88 97 0 92 
18 11 13 97 47 58 72 39 49 93 53 30 45 72 23 12 47 11 82 36 60 62 24 45 55 7 53 63 40 49 1 65 94 16 58 13 62 12 41 55 11 8 78 100 92 0 
BBRBRRBBRBBRBBRBBBRRRRRRBRBBRRRBRBRBBRRBBRRBRB
