48
0 73 31 19 42 55 36 29 95 32 83 18 24 57 63 86 34 28 0 27 95 34 4 30 12 38 49 20 75 85 37 35 57 84 15 42 74 17 40 69 24 55 99 7 39 89 82 74 
73 0 46 74 19 27 44 73 64 60 27 45 12 21 7 8 53 47 79 27 41 21 65 78 1 16 49 19 51 26 38 9 40 95 5 100 25 98 22 81 63 78 84 62 10 41 89 4 
31 46 0 44 81 94 30 58 42 39 85 40 38 13 18 96 37 69 24 27 80 52 2 37 19 25 23 34 76 6 15 60 43 15 25 22 87 69 49 12 80 19 15 100 50 84 42 6 
19 74 44 0 48 77 21 88 11 71 78 99 52 44 40 52 6 91 78 28 79 14 30 98 14 20 99 100 40 20 40 75 50 98 57 75 74 15 53 73 90 78 15 27 100 82 62 58 
42 19 81 48 0 80 81 25 35 52 23 64 82 4 98 44 74 94 12 96 19 33 38 65 4 66 18 34 72 26 35 25 95 11 74 30 25 2 11 33 13 76 5 65 1 23 57 40 
55 27 94 77 80 0 54 17 81 69 81 99 26 51 91 32 83 59 89 76 50 78 3 26 30 90 4 59 18 24 5 89 58 69 24 18 36 0 60 30 46 61 95 69 96 55 66 57 
36 44 30 21 81 54 0 23 21 86 2 61 44 46 82 63 16 32 43 86 32 45 76 12 86 50 57 1 77 42 18 81 42 77 14 96 27 66 45 71 30 21 92 20 85 28 10 61 
29 73 58 88 25 17 23 0 27 79 45 34 96 76 98 79 70 12 35 86 10 80 37 93 63 77 59 40 32 34 44 90 4 90 12 66 1 19 91 9 74 71 29 2 97 82 48 75 
95 64 42 11 35 81 21 27 0 55 19 16 11 90 6 27 56 98 100 93 3 10 43 75 88 47 25 8 14 65 78 40 62 39 77 89 92 6 15 25 27 41 98 47 61 76 92 53 
32 60 39 71 52 69 86 79 55 0 75 27 35 69 39 83 0 55 32 38 74 51 36 46 56 34 97 24 56 33 30 59 55 16 43 97 87 50 5 95 87 2 64 52 10 5 96 80 
83 27 85 78 23 81 2 45 19 75 0 9 30 14 21 16 14 99 69 94 57 1 63 90 24 41 60 75 41 83 49 24 71 72 30 85 17 36 58 13 22 68 18 30 55 90 13 71 
18 45 40 99 64 99 61 34 16 27 9 0 24 59 44 98 10 73 83 24 4 77 86 44 14 81 46 87 72 69 30 16 94 76 57 22 20 2 86 89 66 96 74 33 56 31 72 5 
24 12 38 52 82 26 44 96 11 35 30 24 0 95 17 29 0 67 86 23 38 84 37 94 64 96 18 75 88 35 71 86 37 41 6 43 58 79 72 90 31 68 41 87 39 37 54 42 
57 21 13 44 4 51 46 76 90 69 14 59 95 0 2 54 37 28 25 75 86 62 80 94 72 12 5 20 50 26 49 71 63 48 66 47 45 5 82 23 90 66 67 51 21 77 42 0 
63 7 18 40 98 91 82 98 6 39 21 44 17 2 0 31 13 46 14 79 60 43 76 3 53 18 47 48 78 70 42 53 72 21 8 93 74 21 38 74 51 69 15 73 62 19 2 59 
86 8 96 52 44 32 63 79 27 83 16 98 29 54 31 0 69 29 41 2 81 98 56 69 25 62 39 48 3 82 43 26 6 50 99 0 43 29 77 85 55 20 65 97 4 31 79 40 
34 53 37 6 74 83 16 70 56 0 14 10 0 37 13 69 0 31 31 49 17 23 60 76 35 78 17 5 9 24 12 85 81 66 28 15 96 29 59 24 95 78 78 5 38 2 79 35 
28 47 69 91 94 59 32 12 98 55 99 73 67 28 46 29 31 0 81 8 54 75 66 63 2 70 10 34 87 36 7 84 34 25 19 15 63 78 29 0 23 54 2 40 12 10 81 58 
0 79 24 78 12 89 43 35 100 32 69 83 86 25 14 41 31 81 0 56 49 73 4 69 98 60 92 85 14 52 68 11 57 46 7 77 2 9 33 69 60 54 37 21 64 91 67 65 
27 27 27 28 96 76 86 86 93 38 94 24 23 75 79 2 49 8 56 0 75 29 27 56 4 49 84 86 9 26 74 45 100 16 48 6 15 2 85 83 8 36 78 34 59 84 73 36 
95 41 80 79 19 50 32 10 3 74 57 4 38 86 60 81 17 54 49 75 0 11 38 40 83 76 61 84 85 94 62 39 45 16 16 12 82 38 11 58 70 58 64 56 19 0 27 32 
34 21 52 14 33 78 45 80 10 51 1 77 84 62 43 98 23 75 73 29 11 0 97 22 37 33 14 61 63 5 67 94 100 93 92 47 82 54 93 28 19 2 1 30 45 17 64 68 
4 65 2 30 38 3 76 37 43 36 63 86 37 80 76 56 60 66 4 27 38 97 0 76 75 92 14 8 82 4 11 63 86 47 60 16 54 36 22 51 41 50 44 31 85 1 0 41 
30 78 37 98 65 26 12 93 75 46 90 44 94 94 3 69 76 63 69 56 40 22 76 0 58 55 38 73 56 95 22 84 38 69 59 8 85 46 21 90 29 100 77 32 69 50 11 53 
12 1 19 14 4 30 86 63 88 56 24 14 64 72 53 25 35 2 98 4 83 37 75 58 0 37 73 71 39 54 28 9 43 53 94 63 75 31 64 46 56 35 24 22 16 21 15 57 
38 16 25 20 66 90 50 77 47 34 41 81 96 12 18 62 78 70 60 49 76 33 92 55 37 0 100 60 79 75 7 2 93 10 23 74 11 93 94 19 49 35 16 8 51 78 5 61 
49 49 23 99 18 4 57 59 25 97 60 46 18 5 47 39 17 10 92 84 61 14 14 38 73 100 0 33 85 67 20 16 8 90 62 71 63 29 43 16 64 71 12 52 21 16 80 71 
20 19 34 100 34 59 1 40 8 24 75 87 75 20 48 48 5 34 85 86 84 61 8 73 71 60 33 0 14 80 23 21 83 36 73 69 70 90 57 62 65 6 6 38 91 68 100 18 
75 51 76 40 72 18 77 32 14 56 41 72 88 50 78 3 9 87 14 9 85 63 82 56 39 79 85 14 0 75 49 78 49 14 8 91 65 97 42 72 30 43 15 62 51 83 67 83 
85 26 6 20 26 24 42 34 65 33 83 69 35 26 70 82 24 36 52 26 94 5 4 95 54 75 67 80 75 0 18 3 77 27 56 96 74 6 20 68 96 23 32 6 57 23 17 97 
37 38 15 40 35 5 18 44 78 30 49 30 71 49 42 43 12 7 68 74 62 67 11 22 28 7 20 23 49 18 0 25 26 57 94 81 71 12 92 90 14 79 45 10 57 23 4 23 
35 9 60 75 25 89 81 90 40 59 24 16 86 71 53 26 85 84 11 45 39 94 63 84 9 2 16 21 78 3 25 0 52 13 85 61 5 32 30 45 48 2 90 96 72 65 80 21 
57 40 43 50 95 58 42 4 62 55 71 94 37 63 72 6 81 34 57 100 45 100 86 38 43 93 8 83 49 77 26 52 0 19 71 93 10 34 8 4 4 53 30 68 85 46 73 76 
84 95 15 98 11 69 77 90 39 16 72 76 41 48 21 50 66 25 46 16 16 93 47 69 53 10 90 36 14 27 57 13 19 0 27 36 64 74 1 67 15 47 57 31 15 38 92 0 
15 5 25 57 74 24 14 12 77 43 30 57 6 66 8 99 28 19 7 48 16 92 60 59 94 23 62 73 8 56 94 85 71 27 0 58 83 53 86 40 31 69 97 76 44 3 4 21 
42 100 22 75 30 18 96 66 89 97 85 22 43 47 93 0 15 15 77 6 12 47 16 8 63 74 71 69 91 96 81 61 93 36 58 0 98 13 11 94 63 42 53 80 49 56 39 68 
74 25 87 74 25 36 27 1 92 87 17 20 58 45 74 43 96 63 2 15 82 82 54 85 75 11 63 70 65 74 71 5 10 64 83 98 0 41 84 51 20 83 31 78 6 43 17 65 
17 98 69 15 2 0 66 19 6 50 36 2 79 5 21 29 29 78 9 2 38 54 36 46 31 93 29 90 97 6 12 32 34 74 53 13 41 0 9 34 8 67 84 25 60 81 1 8 
40 22 49 53 11 60 45 91 15 5 58 86 72 82 38 77 59 29 33 85 11 93 22 21 64 94 43 57 42 20 92 30 8 1 86 11 84 9 0 2 5 40 9 19 93 80 76 96 
69 81 12 73 33 30 71 9 25 95 13 89 90 23 74 85 24 0 69 83 58 28 51 90 46 19 16 62 72 68 90 45 4 67 40 94 51 34 2 0 60 15 16 26 52 76 52 31 
24 63 80 90 13 46 30 74 27 87 22 66 31 90 51 55 95 23 60 8 70 19 41 29 56 49 64 65 30 96 14 48 4 15 31 63 20 8 5 60 0 72 52 24 71 81 68 47 
55 78 19 78 76 61 21 71 41 2 68 96 68 66 69 20 78 54 54 36 58 2 50 100 35 35 71 6 43 23 79 2 53 47 69 42 83 67 40 15 72 0 23 61 25 15 5 7 
99 84 15 15 5 95 92 29 98 64 18 74 41 67 15 65 78 2 37 78 64 1 44 77 24 16 12 6 15 32 45 90 30 57 97 53 31 84 9 16 52 23 0 20 91 5 62 38 
7 62 100 27 65 69 20 2 47 52 30 33 87 51 73 97 5 40 21 34 56 30 31 32 22 8 52 38 62 6 10 96 68 31 76 80 78 25 19 26 24 61 20 0 19 53 64 62 
39 10 50 100 1 96 85 97 61 10 55 56 39 21 62 4 38 12 64 59 19 45 85 69 16 51 21 91 51 57 57 72 85 15 44 49 6 60 93 52 71 25 91 19 0 81 71 59 
89 41 84 82 23 55 28 82 76 5 90 31 37 77 19 31 2 10 91 84 0 17 1 50 21 78 16 68 83 23 23 65 46 38 3 56 43 81 80 76 81 15 5 53 81 0 96 31 
82 89 42 62 57 66 10 48 92 96 13 72 54 42 2 79 79 81 67 73 27 64 0 11 15 5 80 100 67 17 4 80 73 92 4 39 17 1 76 52 68 5 62 64 71 96 0 74 
74 4 6 58 40 57 61 75 53 80 71 5 42 0 59 40 35 58 65 36 32 68 41 53 57 61 71 18 83 97 23 21 76 0 21 68 65 8 96 31 47 7 38 62 59 31 74 0 
BBRRRRBBBBRBBRBRRBRRRBBBBRBBBBRBRBRRRBBRRBRRRBRR
