42
0 0 50 26 21 72 35 21 71 45 0 80 22 11 68 43 68 32 30 46 99 16 20 16 77 77 41 73 82 97 18 6 43 9 75 56 48 42 52 8 45 87 
0 0 100 0 55 5 89 43 55 66 15 43 22 56 96 61 22 76 55 30 88 27 92 13 9 8 38 30 25 15 28 85 76 75 87 67 11 52 7 21 75 90 
50 100 0 62 9 30 37 96 100 8 33 21 6 71 3 12 62 63 72 52 63 77 97 7 63 25 45 84 52 100 86 93 2 51 33 2 72 35 97 95 2 12 
26 0 62 0 91 0 18 22 89 11 36 0 88 51 28 55 79 42 58 94 0 21 6 90 25 73 80 85 44 92 40 62 47 6 79 5 72 26 73 21 50 62 
21 55 9 91 0 98 65 12 36 19 25 12 29 56 10 67 36 81 51 29 9 6 98 97 11 41 38 42 38 3 37 89 26 24 56 35 81 76 56 78 62 5 
72 5 30 0 98 0 51 77 46 16 40 14 90 71 35 52 88 45 45 8 40 48 51 67 52 64 82 36 56 75 79 40 48 24 37 13 16 52 37 46 41 60 
35 89 37 18 65 51 0 51 12 9 86 9 13 63 76 20 29 77 44 94 29 0 22 3 50 36 54 71 37 98 11 73 47 24 44 91 49 34 61 87 40 37 
21 43 96 22 12 77 51 0 49 27 32 48 57 82 16 2 100 15 72 15 83 32 28 68 90 86 17 65 84 51 60 52 30 46 34 11 91 23 35 66 100 47 
71 55 100 89 36 46 12 49 0 30 56 88 1 41 85 82 89 88 62 7 22 82 58 58 39 48 50 33 100 77 34 49 14 26 25 21 83 14 49 44 91 1 
45 66 8 11 19 16 9 27 30 0 51 100 54 24 46 0 94 71 97 97 91 20 91 67 65 40 15 1 77 18 89 65 17 63 68 14 38 84 83 90 83 63 
0 15 33 36 25 40 86 32 56 51 0 23 17 81 56 88 52 18 96 19 75 57 63 1 43 11 54 66 60 66 1 13 4 40 25 74 99 69 16 77 60 83 
80 43 21 0 12 14 9 48 88 100 23 0 73 96 4 23 99 24 92 22 47 85 19 23 68 46 3 100 50 67 33 80 51 49 59 86 25 22 81 95 27 39 
22 22 6 88 29 90 13 57 1 54 17 73 0 36 11 11 18 99 40 70 18 46 48 74 93 15 21 79 4 9 2 45 31 66 23 23 20 56 50 90 100 95 
11 56 71 51 56 71 63 82 41 24 81 96 36 0 70 21 60 77 45 84 7 49 95 29 68 54 0 90 26 40 29 90 90 77 18 1 7 43 20 1 59 16 
68 96 3 28 10 35 76 16 85 46 56 4 11 70 0 13 28 41 20 27 57 29 25 40 93 74 67 12 9 11 83 69 76 77 61 62 40 66 16 61 69 24 
43 61 12 55 67 52 20 2 82 0 88 23 11 21 13 0 51 30 33 74 45 27 82 24 16 60 11 24 9 76 75 76 4 87 15 82 26 100 81 6 86 35 
68 22 62 79 36 88 29 100 89 94 52 99 18 60 28 51 0 5 71 65 25 35 51 79 20 76 27 63 94 62 27 21 48 60 69 38 85 27 36 99 71 63 
32 76 63 42 81 45 77 15 88 71 18 24 99 77 41 30 5 0 68 87 15 8 68 91 90 85 35 47 49 32 54 67 76 40 29 97 40 28 64 5 58 64 
30 55 72 58 51 45 44 72 62 97 96 92 40 45 20 33 71 68 0 32 42 33 31 6 56 28 93 62 5 33 45 69 12 50 85 3 78 53 5 34 22 14 
46 30 52 94 29 8 94 15 7 97 19 22 70 84 27 74 65 87 32 0 26 51 71 24 32 56 0 85 97 55 37 50 46 1 93 22 84 60 2 35 52 29 
99 88 63 0 9 40 29 83 22 91 75 47 18 7 57 45 25 15 42 26 0 16 68 65 7 79 94 17 33 95 86 64 53 16 55 65 21 10 6 40 27 87 
16 27 77 21 6 48 0 32 82 20 57 85 46 49 29 27 35 8 33 51 16 0 89 72 62 21 28 48 70 49 89 3 25 56 66 77 70 5 41 12 100 31 
20 92 97 6 98 51 22 28 58 91 63 19 48 95 25 82 51 68 31 71 68 89 0 61 28 85 25 92 15 80 99 33 93 64 28 77 23 43 32 2 17 28 
16 13 7 90 97 67 3 68 58 67 1 23 74 29 40 24 79 91 6 24 65 72 61 0 25 19 46 74 47 86 34 87 100 33 6 19 66 94 99 29 76 50 
77 9 63 25 11 52 50 90 39 65 43 68 93 68 93 16 20 90 56 32 7 62 28 25 0 53 8 8 2 52 90 16 95 51 28 40 29 70 21 67 72 6 
77 8 25 73 41 64 36 86 48 40 11 46 15 54 74 60 76 85 28 56 79 21 85 19 53 0 60 77 68 91 18 10 73 71 25 20 50 49 83 55 40 63 
41 38 45 80 38 82 54 17 50 15 54 3 21 0 67 11 27 35 93 0 94 28 25 46 8 60 0 65 23 32 87 54 77 56 60 55 30 70 92 46 35 55 
73 30 84 85 42 36 71 65 33 1 66 100 79 90 12 24 63 47 62 85 17 48 92 74 8 77 65 0 73 94 11 21 48 59 85 87 100 89 72 35 57 7 
82 25 52 44 38 56 37 84 100 77 60 50 4 26 9 9 94 49 5 97 33 70 15 47 2 68 23 73 0 65 77 36 18 46 4 19 23 17 19 71 4 57 
97 15 100 92 3 75 98 51 77 18 66 67 9 40 11 76 62 32 33 55 95 49 80 86 52 91 32 94 65 0 80 67 38 53 97 8 30 98 52 22 96 57 
18 28 86 40 37 79 11 60 34 89 1 33 2 29 83 75 27 54 45 37 86 89 99 34 90 18 87 11 77 80 0 45 48 4 98 19 50 68 12 28 1 29 
6 85 93 62 89 40 73 52 49 65 13 80 45 90 69 76 21 67 69 50 64 3 33 87 16 10 54 21 36 67 45 0 65 74 45 63 4 94 86 15 3 3 
43 76 2 47 26 48 47 30 14 17 4 51 31 90 76 4 48 76 12 46 53 25 93 100 95 73 77 48 18 38 48 65 0 39 63 65 32 4 20 26 30 10 
9 75 51 6 24 24 24 46 26 63 40 49 66 77 77 87 60 40 50 1 16 56 64 33 51 71 56 59 46 53 4 74 39 0 22 57 22 6 23 31 21 100 
75 87 33 79 56 37 44 34 25 68 25 59 23 18 61 15 69 29 85 93 55 66 28 6 28 25 60 85 4 97 98 45 63 22 0 74 49 32 73 73 93 6 
56 67 2 5 35 13 91 11 21 14 74 86 23 1 62 82 38 97 3 22 65 77 77 19 40 20 55 87 19 8 19 63 65 57 74 0 16 72 99 16 40 37 
48 11 72 72 81 16 49 91 83 38 99 25 20 7 40 26 85 40 78 84 21 70 23 66 29 50 30 100 23 30 50 4 32 22 49 16 0 36 42 89 96 12 
42 52 35 26 76 52 34 23 14 84 69 22 56 43 66 100 27 28 53 60 10 5 43 94 70 49 70 89 17 98 68 94 4 6 32 72 36 0 83 77 32 91 
52 7 97 73 56 37 61 35 49 83 16 81 50 20 16 81 36 64 5 2 6 41 32 99 21 83 92 72 19 52 12 86 20 23 73 99 42 83 0 75 20 45 
8 21 95 21 78 46 87 66 44 90 77 95 90 1 61 6 99 5 34 35 40 12 2 29 67 55 46 35 71 22 28 15 26 31 73 16 89 77 75 0 91 36 
45 75 2 50 62 41 40 100 91 83 60 27 100 59 69 86 71 58 22 52 27 100 17 76 72 40 35 57 4 96 1 3 30 21 93 40 96 32 20 91 0 92 
87 90 12 62 5 60 37 47 1 63 83 39 95 16 24 35 63 64 14 29 87 31 28 50 6 63 55 7 57 57 29 3 10 100 6 37 12 91 45 36 92 0 
BRRBRRRRBBBBBBRBRRBRBRRBRBRRRBRBRBRRBBBRBB
