36
0 2 86 47 87 73 61 2 52 44 42 21 61 73 68 54 75 95 1 48 56 56 15 54 64 0 36 60 34 8 74 64 100 25 52 93 
2 0 13 2 72 66 63 10 72 46 17 44 7 24 26 5 58 88 82 18 32 34 33 70 29 100 78 57 68 94 31 30 19 55 21 92 
86 13 0 60 93 65 79 87 51 5 94 84 25 95 92 20 94 14 77 39 74 87 68 1 21 87 85 2 16 47 25 85 44 5 26 49 
47 2 60 0 17 18 48 71 47 81 54 2 28 98 85 71 8 69 82 6 17 81 99 82 0 83 43 30 49 50 92 27 29 32 62 58 
87 72 93 17 0 30 52 32 35 61 93 64 34 7 98 87 41 38 69 89 27 15 4 73 100 90 99 7 58 96 9 89 23 28 84 71 
73 66 65 18 30 0 19 12 91 93 76 49 1 67 61 67 72 10 41 30 36 41 9 76 26 89 71 90 48 68 67 38 86 7 19 15 
61 63 79 48 52 19 0 67 44 87 68 75 71 97 29 4 65 28 53 41 97 49 32 50 32 43 1 94 30 42 54 95 97 44 5 48 
2 10 87 71 32 12 67 0 7 44 17 14 70 8 50 66 40 98 86 36 42 60 52 4 58 84 36 93 48 24 23 92 82 80 29 42 
52 72 51 47 35 91 44 7 0 33 92 60 84 93 97 49 76 33 94 51 78 87 37 12 77 44 9 31 25 9 23 29 54 89 67 72 
44 46 5 81 61 93 87 44 33 0 28 94 91 95 89 100 45 23 57 62 8 70 71 37 42 21 76 48 11 7 91 81 67 64 43 60 
42 17 94 54 93 76 68 17 92 28 0 60 63 94 10 92 31 58 45 41 25 77 11 11 4 41 70 93 39 40 68 83 29 93 98 54 
21 44 84 2 64 49 75 14 60 94 60 0 35 26 46 56 57 22 24 26 17 39 32 100 68 95 47 28 64 69 61 79 28 88 42 100 
61 7 25 28 34 1 71 70 84 91 63 35 0 83 67 77 68 77 62 77 83 100 95 3 40 28 10 45 98 27 67 20 59 79 42 31 
73 24 95 98 7 67 97 8 93 95 94 26 83 0 90 31 66 42 6 17 6 55 38 94 28 79 24 44 93 22 13 91 44 23 28 37 
68 26 92 85 98 61 29 50 97 89 10 46 67 90 0 45 65 58 49 57 38 65 2 50 30 39 36 13 15 38 74 60 66 66 59 83 
54 5 20 71 87 67 4 66 49 100 92 56 77 31 45 0 91 57 85 93 63 33 60 98 38 39 80 50 26 30 32 12 60 46 90 10 
75 58 94 8 41 72 65 40 76 45 31 57 68 66 65 91 0 26 68 35 84 34 27 83 37 91 5 15 29 68 95 46 89 34 13 92 
95 88 14 69 38 10 28 98 33 23 58 22 77 42 58 57 26 0 17 34 42 18 40 62 39 60 69 19 21 52 40 94 49 7 26 81 
1 82 77 82 69 41 53 86 94 57 45 24 62 6 49 85 68 17 0 90 28 15 9 23 41 68 17 82 16 21 80 5 28 99 63 78 
48 18 39 6 89 30 41 36 51 62 41 26 77 17 57 93 35 34 90 0 54 7 1 20 56 90 8 30 22 21 60 15 51 80 18 90 
56 32 74 17 27 36 97 42 78 8 25 17 83 6 38 63 84 42 28 54 0 52 39 19 18 75 75 47 54 27 97 76 68 43 84 42 
56 34 87 81 15 41 49 60 87 70 77 39 100 55 65 33 34 18 15 7 52 0 48 34 81 18 80 77 31 98 97 30 98 18 1 12 
15 33 68 99 4 9 32 52 37 71 11 32 95 38 2 60 27 40 9 1 39 48 0 91 40 95 46 8 52 43 51 24 14 35 33 21 
54 70 1 82 73 76 50 4 12 37 11 100 3 94 50 98 83 62 23 20 19 34 91 0 100 35 76 34 99 81 99 41 90 84 57 98 
64 29 21 0 100 26 32 58 77 42 4 68 40 28 30 38 37 39 41 56 18 81 40 100 0 6 62 56 32 21 41 82 2 74 18 86 
0 100 87 83 90 89 43 84 44 21 41 95 28 79 39 39 91 60 68 90 75 18 95 35 6 0 99 63 47 40 65 27 71 9 36 27 
36 78 85 43 99 71 1 36 9 76 70 47 10 24 36 80 5 69 17 8 75 80 46 76 62 99 0 55 57 99 76 68 74 68 64 37 
60 57 2 30 7 90 94 93 31 48 93 28 45 44 13 50 15 19 82 30 47 77 8 34 56 63 55 0 14 92 30 19 45 91 43 86 
34 68 16 49 58 48 30 48 25 11 39 64 98 93 15 26 29 21 16 22 54 31 52 99 32 47 57 14 0 83 73 3 98 64 60 69 
8 94 47 50 96 68 42 24 9 7 40 69 27 22 38 30 68 52 21 21 27 98 43 81 21 40 99 92 83 0 27 100 62 99 54 5 
74 31 25 92 9 67 54 23 23 91 68 61 67 13 74 32 95 40 80 60 97 97 51 99 41 65 76 30 73 27 0 54 50 39 22 58 
64 30 85 27 89 38 95 92 29 81 83 79 20 91 60 12 46 94 5 15 76 30 24 41 82 27 68 19 3 100 54 0 52 94 49 99 
100 19 44 29 23 86 97 82 54 67 29 28 59 44 66 60 89 49 28 51 68 98 14 90 2 71 74 45 98 62 50 52 0 72 83 29 
25 55 5 32 28 7 44 80 89 64 93 88 79 23 66 46 34 7 99 80 43 18 35 84 74 9 68 91 64 99 39 94 72 0 28 49 
52 21 26 62 84 19 5 29 67 43 98 42 42 28 59 90 13 26 63 18 84 1 33 57 18 36 64 43 60 54 22 49 83 28 0 27 
93 92 49 58 71 15 48 42 72 60 54 100 31 37 83 10 92 81 78 90 42 12 21 98 86 27 37 86 69 5 58 99 29 49 27 0 
RBRBBRRRBBBBBRBRRRBRRBRRRBRBBRRBBBRB
