40
0 33 83 83 20 5 21 59 92 44 93 53 23 98 45 3 7 63 16 82 59 100 36 74 11 16 32 66 32 4 33 41 51 17 71 9 69 92 94 40 
33 0 65 39 49 12 47 0 61 89 10 84 90 20 96 55 54 100 80 35 3 19 59 77 91 4 33 42 66 85 62 3 26 100 3 32 72 52 88 69 
83 65 0 34 70 81 91 60 53 16 71 100 36 67 43 93 33 97 96 41 14 98 12 55 24 3 47 21 4 81 40 9 31 67 45 16 97 84 45 19 
83 39 34 0 36 43 67 80 10 34 75 66 98 1 28 27 73 54 46 65 61 69 87 38 99 98 84 10 61 64 1 37 24 55 14 29 82 17 72 18 
20 49 70 36 0 29 2 79 10 21 87 42 32 59 45 77 39 40 97 66 52 92 17 84 15 24 45 76 31 70 64 67 37 13 23 83 29 14 82 9 
5 12 81 43 29 0 94 42 46 68 5 74 66 0 18 81 70 29 0 11 4 15 80 28 10 27 84 60 30 51 64 66 1 67 65 93 55 61 84 68 
21 47 91 67 2 94 0 2 34 29 74 79 14 100 48 48 77 90 91 83 96 52 19 19 20 70 1 86 73 7 67 39 99 8 30 50 45 67 76 36 
59 0 60 80 79 42 2 0 70 24 38 29 27 14 11 68 62 24 9 44 68 73 48 55 14 32 97 88 20 59 59 86 46 97 99 41 50 63 15 24 
92 61 53 10 10 46 34 70 0 92 54 5 17 3 34 45 62 3 46 16 79 23 45 10 4 58 64 63 2 0 18 88 89 60 54 89 44 2 23 8 
44 89 16 34 21 68 29 24 92 0 88 79 39 86 87 95 8 9 29 33 79 43 69 59 100 85 40 17 81 47 12 39 49 61 87 42 63 24 26 0 
93 10 71 75 87 5 74 38 54 88 0 68 7 94 70 72 2 75 95 12 70 61 34 69 45 10 32 42 86 61 44 91 15 58 5 52 18 3 53 83 
53 84 100 66 42 74 79 29 5 79 68 0 83 71 65 81 52 22 39 52 25 7 64 14 46 9 100 75 30 97 64 53 12 7 14 83 78 29 77 96 
23 90 36 98 32 66 14 27 17 39 7 83 0 61 54 73 43 22 89 96 84 86 55 66 66 87 31 64 3 89 39 87 89 22 53 93 44 51 56 8 
98 20 67 1 59 0 100 14 3 86 94 71 61 0 8 38 29 71 68 49 64 12 97 87 1 13 84 21 49 41 66 99 21 78 75 24 77 70 72 94 
45 96 43 28 45 18 48 11 34 87 70 65 54 8 0 41 14 69 56 6 31 52 81 77 74 82 35 58 70 11 55 79 8 96 72 40 7 40 51 7 
3 55 93 27 77 81 48 68 45 95 72 81 73 38 41 0 19 62 73 99 98 30 66 12 52 97 32 18 100 49 100 1 0 38 11 81 4 59 49 63 
7 54 33 73 39 70 77 62 62 8 2 52 43 29 14 19 0 16 58 5 2 74 94 46 74 87 47 86 38 82 95 2 89 6 51 69 96 38 38 43 
63 100 97 54 40 29 90 24 3 9 75 22 22 71 69 62 16 0 66 69 41 95 98 88 68 21 18 24 60 1 11 89 73 50 61 84 6 58 86 8 
16 80 96 46 97 0 91 9 46 29 95 39 89 68 56 73 58 66 0 22 98 6 87 14 87 93 81 65 56 68 20 86 61 8 76 38 5 69 29 39 
82 35 41 65 66 11 83 44 16 33 12 52 96 49 6 99 5 69 22 0 76 57 35 78 18 86 99 6 85 37 67 98 28 10 34 77 62 93 21 57 
59 3 14 61 52 4 96 68 79 79 70 25 84 64 31 98 2 41 98 76 0 76 78 26 38 13 93 81 21 6 20 96 78 29 58 21 18 81 2 36 
100 19 98 69 92 15 52 73 23 43 61 7 86 12 52 30 74 95 6 57 76 0 59 36 65 80 2 93 95 15 70 76 99 54 80 13 71 20 11 40 
36 59 12 87 17 80 19 48 45 69 34 64 55 97 81 66 94 98 87 35 78 59 0 22 2 90 59 99 64 9 60 58 43 72 71 52 8 10 49 10 
74 77 55 38 84 28 19 55 10 59 69 14 66 87 77 12 46 88 14 78 26 36 22 0 42 44 37 57 71 49 23 0 39 91 20 19 88 52 33 83 
11 91 24 99 15 10 20 14 4 100 45 46 66 1 74 52 74 68 87 18 38 65 2 42 0 51 66 49 93 16 55 52 15 16 14 44 28 87 28 85 
16 4 3 98 24 27 70 32 58 85 10 9 87 13 82 97 87 21 93 86 13 80 90 44 51 0 75 41 25 98 17 31 43 82 77 26 75 26 74 46 
32 33 47 84 45 84 1 97 64 40 32 100 31 84 35 32 47 18 81 99 93 2 59 37 66 75 0 97 96 64 73 5 40 19 9 89 76 26 75 20 
66 42 21 10 76 60 86 88 63 17 42 75 64 21 58 18 86 24 65 6 81 93 99 57 49 41 97 0 67 37 17 39 9 7 74 57 42 99 89 43 
32 66 4 61 31 30 73 20 2 81 86 30 3 49 70 100 38 60 56 85 21 95 64 71 93 25 96 67 0 5 22 75 92 73 75 21 10 0 4 21 
4 85 81 64 70 51 7 59 0 47 61 97 89 41 11 49 82 1 68 37 6 15 9 49 16 98 64 37 5 0 40 88 56 35 67 64 69 5 13 9 
33 62 40 1 64 64 67 59 18 12 44 64 39 66 55 100 95 11 20 67 20 70 60 23 55 17 73 17 22 40 0 28 23 84 43 39 14 20 92 57 
41 3 9 37 67 66 39 86 88 39 91 53 87 99 79 1 2 89 86 98 96 76 58 0 52 31 5 39 75 88 28 0 95 78 20 9 5 100 6 58 
51 26 31 24 37 1 99 46 89 49 15 12 89 21 8 0 89 73 61 28 78 99 43 39 15 43 40 9 92 56 23 95 0 46 93 80 3 64 58 21 
17 100 67 55 13 67 8 97 60 61 58 7 22 78 96 38 6 50 8 10 29 54 72 91 16 82 19 7 73 35 84 78 46 0 13 61 11 95 52 45 
71 3 45 14 23 65 30 99 54 87 5 14 53 75 72 11 51 61 76 34 58 80 71 20 14 77 9 74 75 67 43 20 93 13 0 78 52 42 22 4 
9 32 16 29 83 93 50 41 89 42 52 83 93 24 40 81 69 84 38 77 21 13 52 19 44 26 89 57 21 64 39 9 80 61 78 0 3 50 22 66 
69 72 97 82 29 55 45 50 44 63 18 78 44 77 7 4 96 6 5 62 18 71 8 88 28 75 76 42 10 69 14 5 3 11 52 3 0 3 68 78 
92 52 84 17 14 61 67 63 2 24 3 29 51 70 40 59 38 58 69 93 81 20 10 52 87 26 26 99 0 5 20 100 64 95 42 50 3 0 32 71 
94 88 45 72 82 84 76 15 23 26 53 77 56 72 51 49 38 86 29 21 2 11 49 33 28 74 75 89 4 13 92 6 58 52 22 22 68 32 0 28 
40 69 19 18 9 68 36 24 8 0 83 96 8 94 7 63 43 8 39 57 36 40 10 83 85 46 20 43 21 9 57 58 21 45 4 66 78 71 28 0 
RRRBRRBBRRBRBRBBBBRBRBRBBBBRRRRBBRBRRBBR
