44
0 78 23 14 95 23 9 32 23 8 49 61 34 39 69 22 16 71 29 53 64 58 36 53 31 19 63 36 74 98 23 25 50 1 42 97 24 88 54 7 7 3 83 59 
78 0 59 33 29 44 24 14 85 76 78 47 28 65 88 87 17 53 7 17 30 6 51 21 66 56 35 45 0 12 27 9 90 73 78 46 62 30 9 82 36 15 28 64 
23 59 0 43 81 87 8 18 12 4 83 93 10 10 70 49 2 69 9 31 13 36 39 68 56 11 37 80 42 81 72 52 95 80 14 33 51 30 70 50 35 63 99 38 
14 33 43 0 70 43 65 51 85 34 7 0 19 74 34 71 44 66 88 84 49 29 52 54 52 10 57 46 83 92 21 8 50 27 99 54 75 56 36 80 44 57 2 16 
95 29 81 70 0 27 80 20 53 28 60 91 10 72 12 44 9 28 60 82 58 89 35 74 50 32 45 16 86 6 95 28 51 10 28 25 3 15 29 22 59 96 0 92 
23 44 87 43 27 0 35 24 90 14 6 61 95 31 32 94 98 31 78 51 59 79 26 86 76 83 10 95 71 50 30 96 16 20 1 11 25 12 76 5 30 56 69 63 
9 24 8 65 80 35 0 55 59 84 37 82 77 26 22 93 27 78 28 3 8 69 99 35 88 46 62 4 84 1 97 21 47 76 8 31 23 28 46 84 28 59 68 38 
32 14 18 51 20 24 55 0 12 66 16 59 4 12 88 47 79 26 27 13 44 5 78 52 26 40 0 4 62 32 40 39 72 5 25 35 90 95 34 80 87 9 98 27 
23 85 12 85 53 90 59 12 0 88 50 91 95 99 30 8 52 34 5 10 75 73 32 88 43 43 33 49 77 95 25 85 32 46 1 19 93 14 28 99 89 12 21 80 
8 76 4 34 28 14 84 66 88 0 30 29 31 10 73 22 88 68 77 3 71 16 36 20 73 87 55 99 54 89 59 1 38 1 54 10 57 37 35 35 88 35 34 52 
49 78 83 7 60 6 37 16 50 30 0 23 87 83 100 53 55 96 100 62 35 34 73 50 43 44 68 63 78 70 30 54 23 12 100 43 80 31 4 26 25 22 39 67 
61 47 93 0 91 61 82 59 91 29 23 0 82 40 63 64 24 44 97 63 1 10 49 82 64 28 2 42 0 91 99 48 97 39 60 33 82 43 26 88 79 54 22 33 
34 28 10 19 10 95 77 4 95 31 87 82 0 69 22 43 13 23 20 57 16 88 70 40 11 80 47 51 11 70 16 83 10 38 51 33 100 97 27 45 42 22 50 65 
39 65 10 74 72 31 26 12 99 10 83 40 69 0 9 31 0 95 50 35 6 16 44 48 54 61 99 85 27 81 10 99 73 35 19 10 84 35 18 86 63 39 38 89 
69 88 70 34 12 32 22 88 30 73 100 63 22 9 0 18 32 50 9 96 26 72 90 46 30 11 6 68 12 90 65 83 3 59 19 75 57 67 4 14 35 27 76 84 
22 87 49 71 44 94 93 47 8 22 53 64 43 31 18 0 10 39 45 7 70 1 17 63 70 13 40 88 87 74 67 50 34 53 35 40 54 74 24 88 49 18 49 41 
16 17 2 44 9 98 27 79 52 88 55 24 13 0 32 10 0 76 69 38 42 74 43 43 28 6 53 92 68 69 89 0 84 4 43 81 95 64 23 54 43 2 58 84 
71 53 69 66 28 31 78 26 34 68 96 44 23 95 50 39 76 0 63 54 71 85 98 32 18 26 43 91 64 5 63 70 96 89 78 36 76 91 70 15 19 58 35 9 
29 7 9 88 60 78 28 27 5 77 100 97 20 50 9 45 69 63 0 6 65 22 62 73 70 68 23 95 56 48 74 9 41 45 15 45 52 99 43 83 35 8 87 12 
53 17 31 84 82 51 3 13 10 3 62 63 57 35 96 7 38 54 6 0 66 13 20 6 47 13 80 3 29 31 18 61 90 74 23 89 86 21 16 54 35 13 87 14 
64 30 13 49 58 59 8 44 75 71 35 1 16 6 26 70 42 71 65 66 0 20 85 1 86 84 59 61 53 49 41 67 80 92 5 8 86 29 94 54 88 45 59 27 
58 6 36 29 89 79 69 5 73 16 34 10 88 16 72 1 74 85 22 13 20 0 100 15 60 91 86 2 66 47 35 12 52 31 0 52 37 70 20 60 97 71 34 2 
36 51 39 52 35 26 99 78 32 36 73 49 70 44 90 17 43 98 62 20 85 100 0 45 82 99 48 46 78 77 99 86 21 45 9 48 100 36 30 40 66 55 73 75 
53 21 68 54 74 86 35 52 88 20 50 82 40 48 46 63 43 32 73 6 1 15 45 0 83 60 82 26 88 95 26 28 7 72 63 77 12 31 90 90 3 63 97 100 
31 66 56 52 50 76 88 26 43 73 43 64 11 54 30 70 28 18 70 47 86 60 82 83 0 73 2 38 86 45 19 51 4 10 62 91 57 80 29 19 8 32 13 90 
19 56 11 10 32 83 46 40 43 87 44 28 80 61 11 13 6 26 68 13 84 91 99 60 73 0 7 9 45 72 86 94 66 92 95 7 64 6 4 34 52 60 74 80 
63 35 37 57 45 10 62 0 33 55 68 2 47 99 6 40 53 43 23 80 59 86 48 82 2 7 0 3 100 56 83 18 51 22 10 22 14 14 38 17 0 68 75 82 
36 45 80 46 16 95 4 4 49 99 63 42 51 85 68 88 92 91 95 3 61 2 46 26 38 9 3 0 65 76 94 28 77 90 87 99 30 26 29 14 13 58 74 56 
74 0 42 83 86 71 84 62 77 54 78 0 11 27 12 87 68 64 56 29 53 66 78 88 86 45 100 65 0 5 54 49 29 35 11 31 93 17 65 21 22 92 51 48 
98 12 81 92 6 50 1 32 95 89 70 91 70 81 90 74 69 5 48 31 49 47 77 95 45 72 56 76 5 0 73 44 56 90 34 70 68 91 36 12 36 21 63 92 
23 27 72 21 95 30 97 40 25 59 30 99 16 10 65 67 89 63 74 18 41 35 99 26 19 86 83 94 54 73 0 76 81 29 30 93 99 74 39 6 29 24 30 98 
25 9 52 8 28 96 21 39 85 1 54 48 83 99 83 50 0 70 9 61 67 12 86 28 51 94 18 28 49 44 76 0 94 81 89 13 34 30 31 72 12 72 81 64 
50 90 95 50 51 16 47 72 32 38 23 97 10 73 3 34 84 96 41 90 80 52 21 7 4 66 51 77 29 56 81 94 0 97 98 28 86 62 56 36 94 48 22 85 
1 73 80 27 10 20 76 5 46 1 12 39 38 35 59 53 4 89 45 74 92 31 45 72 10 92 22 90 35 90 29 81 97 0 22 84 79 89 87 55 84 76 72 66 
42 78 14 99 28 1 8 25 1 54 100 60 51 19 19 35 43 78 15 23 5 0 9 63 62 95 10 87 11 34 30 89 98 22 0 65 4 80 28 68 69 72 92 5 
97 46 33 54 25 11 31 35 19 10 43 33 33 10 75 40 81 36 45 89 8 52 48 77 91 7 22 99 31 70 93 13 28 84 65 0 66 44 64 5 22 15 77 22 
24 62 51 75 3 25 23 90 93 57 80 82 100 84 57 54 95 76 52 86 86 37 100 12 57 64 14 30 93 68 99 34 86 79 4 66 0 22 61 8 42 45 26 64 
88 30 30 56 15 12 28 95 14 37 31 43 97 35 67 74 64 91 99 21 29 70 36 31 80 6 14 26 17 91 74 30 62 89 80 44 22 0 28 22 69 79 84 78 
54 9 70 36 29 76 46 34 28 35 4 26 27 18 4 24 23 70 43 16 94 20 30 90 29 4 38 29 65 36 39 31 56 87 28 64 61 28 0 70 72 76 14 65 
7 82 50 80 22 5 84 80 99 35 26 88 45 86 14 88 54 15 83 54 54 60 40 90 19 34 17 14 21 12 6 72 36 55 68 5 8 22 70 0 36 68 2 43 
7 36 35 44 59 30 28 87 89 88 25 79 42 63 35 49 43 19 35 35 88 97 66 3 8 52 0 13 22 36 29 12 94 84 69 22 42 69 72 36 0 85 81 14 
3 15 63 57 96 56 59 9 12 35 22 54 22 39 27 18 2 58 8 13 45 71 55 63 32 60 68 58 92 21 24 72 48 76 72 15 45 79 76 68 85 0 19 80 
83 28 99 2 0 69 68 98 21 34 39 22 50 38 76 49 58 35 87 87 59 34 73 97 13 74 75 74 51 63 30 81 22 72 92 77 26 84 14 2 81 19 0 35 
59 64 38 16 92 63 38 27 80 52 67 33 65 89 84 41 84 9 12 14 27 2 75 100 90 80 82 56 48 92 98 64 85 66 5 22 64 78 65 43 14 80 35 0 
RBRBRRBBBRBBBRRRRRRBBRBRBRBBBBRRRBBRRRRBBBBR
