34
0 4 81 38 64 79 18 90 27 62 37 86 50 39 83 37 82 84 80 46 20 35 83 61 63 61 23 94 48 77 80 94 22 43 
4 0 34 73 21 56 33 87 94 31 57 41 26 33 42 71 45 41 78 73 23 40 75 55 57 23 67 5 30 58 30 68 52 58 
81 34 0 30 38 82 63 78 69 72 54 34 13 35 40 12 64 85 15 75 29 37 80 2 75 35 28 18 98 52 26 48 81 38 
38 73 30 0 19 78 28 20 38 100 86 15 2 62 64 36 56 71 27 60 98 96 65 35 66 42 28 5 40 76 90 87 62 7 
64 21 38 19 0 66 9 19 65 28 66 34 13 44 64 79 68 69 75 78 53 65 3 46 66 67 57 41 12 58 7 2 92 51 
79 56 82 78 66 0 60 33 30 94 82 40 89 45 7 59 18 1 94 93 15 11 50 23 7 28 37 99 78 17 99 80 97 85 
18 33 63 28 9 60 0 54 90 61 6 71 45 65 69 34 9 30 33 38 28 27 1 16 2 28 39 95 50 49 91 83 68 8 
90 87 78 20 19 33 54 0 39 95 0 46 2 37 80 85 13 82 94 41 93 75 40 22 13 57 76 83 53 93 74 98 65 73 
27 94 69 38 65 30 90 39 0 11 54 91 64 75 38 4 39 2 7 99 15 82 56 17 77 31 13 26 30 2 74 54 9 57 
62 31 72 100 28 94 61 95 11 0 78 42 51 66 55 13 86 30 58 40 43 85 71 37 29 19 71 54 35 49 84 100 23 65 
37 57 54 86 66 82 6 0 54 78 0 18 87 91 19 77 22 9 89 52 19 32 26 55 70 19 60 80 89 61 37 18 58 68 
86 41 34 15 34 40 71 46 91 42 18 0 50 79 8 72 30 89 0 31 55 98 98 61 9 36 52 77 14 21 17 28 15 49 
50 26 13 2 13 89 45 2 64 51 87 50 0 33 49 81 92 21 66 72 21 64 13 33 58 59 2 45 57 76 80 41 49 93 
39 33 35 62 44 45 65 37 75 66 91 79 33 0 51 11 95 76 30 1 11 51 46 3 78 19 22 50 60 53 65 55 92 96 
83 42 40 64 64 7 69 80 38 55 19 8 49 51 0 48 27 15 58 86 42 91 88 95 82 97 86 17 77 82 6 26 34 88 
37 71 12 36 79 59 34 85 4 13 77 72 81 11 48 0 79 11 1 94 74 57 83 38 52 63 85 59 28 86 38 93 56 62 
82 45 64 56 68 18 9 13 39 86 22 30 92 95 27 79 0 5 2 90 26 16 55 11 74 23 65 70 87 100 74 6 25 79 
84 41 85 71 69 1 30 82 2 30 9 89 21 76 15 11 5 0 25 12 67 21 44 34 37 51 78 89 39 10 56 56 95 34 
80 78 15 27 75 94 33 94 7 58 89 0 66 30 58 1 2 25 0 72 48 84 85 22 89 41 96 66 85 70 100 85 90 62 
46 73 75 60 78 93 38 41 99 40 52 31 72 1 86 94 90 12 72 0 81 12 15 64 7 45 92 26 61 92 60 81 81 11 
20 23 29 98 53 15 28 93 15 43 19 55 21 11 42 74 26 67 48 81 0 57 38 79 90 95 25 66 57 92 1 72 31 93 
35 40 37 96 65 11 27 75 82 85 32 98 64 51 91 57 16 21 84 12 57 0 70 71 26 20 90 51 83 58 59 85 96 80 
83 75 80 65 3 50 1 40 56 71 26 98 13 46 88 83 55 44 85 15 38 70 0 77 67 66 48 70 4 69 98 48 84 100 
61 55 2 35 46 23 16 22 17 37 55 61 33 3 95 38 11 34 22 64 79 71 77 0 21 42 95 76 42 72 10 83 60 58 
63 57 75 66 66 7 2 13 77 29 70 9 58 78 82 52 74 37 89 7 90 26 67 21 0 51 41 34 36 55 16 73 98 77 
61 23 35 42 67 28 28 57 31 19 19 36 59 19 97 63 23 51 41 45 95 20 66 42 51 0 51 94 98 19 9 51 96 68 
23 67 28 28 57 37 39 76 13 71 60 52 2 22 86 85 65 78 96 92 25 90 48 95 41 51 0 48 90 27 89 15 44 84 
94 5 18 5 41 99 95 83 26 54 80 77 45 50 17 59 70 89 66 26 66 51 70 76 34 94 48 0 81 75 32 46 44 81 
48 30 98 40 12 78 50 53 30 35 89 14 57 60 77 28 87 39 85 61 57 83 4 42 36 98 90 81 0 26 58 84 81 18 
77 58 52 76 58 17 49 93 2 49 61 21 76 53 82 86 100 10 70 92 92 58 69 72 55 19 27 75 26 0 20 64 24 17 
80 30 26 90 7 99 91 74 74 84 37 17 80 65 6 38 74 56 100 60 1 59 98 10 16 9 89 32 58 20 0 2 15 35 
94 68 48 87 2 80 83 98 54 100 18 28 41 55 26 93 6 56 85 81 72 85 48 83 73 51 15 46 84 64 2 0 8 95 
22 52 81 62 92 97 68 65 9 23 58 15 49 92 34 56 25 95 90 81 31 96 84 60 98 96 44 44 81 24 15 8 0 32 
43 58 38 7 51 85 8 73 57 65 68 49 93 96 88 62 79 34 62 11 93 80 100 58 77 68 84 81 18 17 35 95 32 0 
RRBRRRRBRBRBBRBBRBRBBRRRRBRBBBBBBR
