46
0 72 85 68 28 35 71 51 45 54 33 62 68 80 76 28 85 93 99 39 17 93 90 37 31 51 63 89 14 70 78 97 92 60 79 33 16 74 21 39 7 35 7 34 30 50 
72 0 14 21 54 81 63 20 82 84 51 59 76 48 62 82 6 94 76 83 74 25 72 20 85 24 41 77 15 44 29 79 46 47 13 17 20 94 19 70 74 49 2 96 53 31 
85 14 0 73 94 28 15 77 74 97 3 33 26 30 24 54 95 4 55 64 33 50 62 7 33 78 20 77 35 26 87 20 8 86 81 45 70 56 88 30 46 29 96 14 39 66 
68 21 73 0 50 5 62 52 14 49 38 28 99 49 91 8 46 35 60 67 4 13 25 4 7 70 66 8 39 42 88 8 53 94 14 69 45 90 44 41 44 61 44 72 54 14 
28 54 94 50 0 27 57 90 69 15 68 89 16 32 13 47 86 67 45 2 38 60 76 82 80 42 40 23 22 78 86 32 17 67 18 50 58 67 99 44 36 56 0 72 17 37 
35 81 28 5 27 0 55 79 73 69 20 97 0 90 50 65 67 20 17 31 72 54 42 4 76 17 54 67 7 61 78 1 2 89 86 25 24 14 98 76 35 64 28 94 26 11 
71 63 15 62 57 55 0 39 97 85 13 46 76 78 28 49 28 84 2 7 91 30 60 63 96 83 66 92 40 44 61 24 100 43 66 5 9 46 24 90 93 38 9 13 3 50 
51 20 77 52 90 79 39 0 68 60 62 58 22 31 25 17 10 75 78 33 74 9 73 51 51 72 29 60 4 99 90 55 51 19 4 53 31 52 60 13 74 72 14 72 8 46 
45 82 74 14 69 73 97 68 0 38 24 7 31 28 100 58 75 51 80 47 70 20 86 91 78 51 13 80 18 75 75 36 41 9 53 8 33 9 68 33 70 92 33 9 53 45 
54 84 97 49 15 69 85 60 38 0 8 9 82 85 84 29 0 56 5 10 61 47 66 26 37 48 79 79 21 82 90 92 8 43 2 54 71 22 1 39 70 10 3 86 19 80 
33 51 3 38 68 20 13 62 24 8 0 50 46 45 12 10 79 23 51 6 28 93 95 72 16 78 26 100 36 50 46 4 40 30 31 44 81 3 83 92 3 93 89 95 47 65 
62 59 33 28 89 97 46 58 7 9 50 0 37 62 2 100 46 93 57 57 35 11 15 84 4 21 100 80 24 17 87 68 55 40 22 77 40 98 75 81 92 63 86 25 34 95 
68 76 26 99 16 0 76 22 31 82 46 37 0 78 15 69 32 28 84 97 82 52 88 78 4 16 0 52 64 56 11 1 87 95 93 65 59 23 94 100 65 51 51 48 93 64 
80 48 30 49 32 90 78 31 28 85 45 62 78 0 12 32 79 48 41 17 82 50 84 4 94 70 62 32 80 73 92 41 63 65 41 67 55 73 1 15 69 30 79 12 48 58 
76 62 24 91 13 50 28 25 100 84 12 2 15 12 0 84 47 44 92 17 18 67 11 54 3 12 68 12 17 53 99 62 71 58 3 85 66 60 47 54 3 4 74 84 70 45 
28 82 54 8 47 65 49 17 58 29 10 100 69 32 84 0 37 28 63 99 71 16 97 90 73 75 57 57 58 22 59 95 11 69 39 16 59 52 88 96 0 86 49 42 2 35 
85 6 95 46 86 67 28 10 75 0 79 46 32 79 47 37 0 47 54 62 55 25 58 56 73 4 17 7 42 6 94 85 11 87 51 45 56 100 4 65 49 40 15 89 54 7 
93 94 4 35 67 20 84 75 51 56 23 93 28 48 44 28 47 0 60 95 95 77 49 78 50 19 43 36 92 59 48 81 61 59 38 35 37 31 25 65 31 58 79 20 64 42 
99 76 55 60 45 17 2 78 80 5 51 57 84 41 92 63 54 60 0 88 100 91 81 76 9 85 97 36 94 20 73 49 1 49 32 87 74 83 34 5 38 16 72 9 100 72 
39 83 64 67 2 31 7 33 47 10 6 57 97 17 17 99 62 95 88 0 97 34 98 65 14 64 39 28 33 85 18 41 59 37 97 93 1 47 20 92 93 59 98 27 77 32 
17 74 33 4 38 72 91 74 70 61 28 35 82 82 18 71 55 95 100 97 0 4 86 1 36 12 14 98 7 83 99 73 18 44 53 17 17 1 97 52 62 28 89 73 82 20 
93 25 50 13 60 54 30 9 20 47 93 11 52 50 67 16 25 77 91 34 4 0 62 45 41 12 97 66 66 23 26 36 44 44 37 40 12 61 58 39 75 37 7 42 22 8 
90 72 62 25 76 42 60 73 86 66 95 15 88 84 11 97 58 49 81 98 86 62 0 42 75 65 5 33 82 94 62 13 31 79 75 58 94 12 30 90 91 48 27 60 94 4 
37 20 7 4 82 4 63 51 91 26 72 84 78 4 54 90 56 78 76 65 1 45 42 0 43 58 80 16 61 10 55 95 48 59 85 86 63 17 41 60 26 72 67 66 88 18 
31 85 33 7 80 76 96 51 78 37 16 4 4 94 3 73 73 50 9 14 36 41 75 43 0 51 29 46 96 9 53 86 44 26 49 0 17 32 20 82 77 38 98 11 13 19 
51 24 78 70 42 17 83 72 51 48 78 21 16 70 12 75 4 19 85 64 12 12 65 58 51 0 75 67 88 66 85 90 25 30 100 35 2 6 60 13 73 30 31 13 98 51 
63 41 20 66 40 54 66 29 13 79 26 100 0 62 68 57 17 43 97 39 14 97 5 80 29 75 0 96 13 41 39 45 37 27 44 54 64 58 35 6 63 54 50 35 93 41 
89 77 77 8 23 67 92 60 80 79 100 80 52 32 12 57 7 36 36 28 98 66 33 16 46 67 96 0 23 66 10 51 53 83 94 79 56 69 97 48 46 50 67 36 40 75 
14 15 35 39 22 7 40 4 18 21 36 24 64 80 17 58 42 92 94 33 7 66 82 61 96 88 13 23 0 1 9 22 51 55 46 12 32 71 18 65 25 80 69 58 65 1 
70 44 26 42 78 61 44 99 75 82 50 17 56 73 53 22 6 59 20 85 83 23 94 10 9 66 41 66 1 0 80 95 19 4 58 61 53 42 13 46 97 82 16 32 64 73 
78 29 87 88 86 78 61 90 75 90 46 87 11 92 99 59 94 48 73 18 99 26 62 55 53 85 39 10 9 80 0 23 17 2 4 44 43 47 72 55 45 12 13 36 56 62 
97 79 20 8 32 1 24 55 36 92 4 68 1 41 62 95 85 81 49 41 73 36 13 95 86 90 45 51 22 95 23 0 84 42 5 8 85 23 27 6 51 88 86 42 89 99 
92 46 8 53 17 2 100 51 41 8 40 55 87 63 71 11 11 61 1 59 18 44 31 48 44 25 37 53 51 19 17 84 0 33 9 74 99 17 69 43 56 86 1 16 57 85 
60 47 86 94 67 89 43 19 9 43 30 40 95 65 58 69 87 59 49 37 44 44 79 59 26 30 27 83 55 4 2 42 33 0 86 81 98 78 67 8 67 57 98 50 32 41 
79 13 81 14 18 86 66 4 53 2 31 22 93 41 3 39 51 38 32 97 53 37 75 85 49 100 44 94 46 58 4 5 9 86 0 30 34 12 100 92 34 4 18 34 11 27 
33 17 45 69 50 25 5 53 8 54 44 77 65 67 85 16 45 35 87 93 17 40 58 86 0 35 54 79 12 61 44 8 74 81 30 0 0 85 66 3 13 21 74 71 20 51 
16 20 70 45 58 24 9 31 33 71 81 40 59 55 66 59 56 37 74 1 17 12 94 63 17 2 64 56 32 53 43 85 99 98 34 0 0 28 69 99 40 44 3 47 64 38 
74 94 56 90 67 14 46 52 9 22 3 98 23 73 60 52 100 31 83 47 1 61 12 17 32 6 58 69 71 42 47 23 17 78 12 85 28 0 0 93 46 76 84 98 28 72 
21 19 88 44 99 98 24 60 68 1 83 75 94 1 47 88 4 25 34 20 97 58 30 41 20 60 35 97 18 13 72 27 69 67 100 66 69 0 0 71 84 58 14 30 59 2 
39 70 30 41 44 76 90 13 33 39 92 81 100 15 54 96 65 65 5 92 52 39 90 60 82 13 6 48 65 46 55 6 43 8 92 3 99 93 71 0 5 42 85 17 29 26 
7 74 46 44 36 35 93 74 70 70 3 92 65 69 3 0 49 31 38 93 62 75 91 26 77 73 63 46 25 97 45 51 56 67 34 13 40 46 84 5 0 40 33 29 10 95 
35 49 29 61 56 64 38 72 92 10 93 63 51 30 4 86 40 58 16 59 28 37 48 72 38 30 54 50 80 82 12 88 86 57 4 21 44 76 58 42 40 0 35 53 78 44 
7 2 96 44 0 28 9 14 33 3 89 86 51 79 74 49 15 79 72 98 89 7 27 67 98 31 50 67 69 16 13 86 1 98 18 74 3 84 14 85 33 35 0 49 92 92 
34 96 14 72 72 94 13 72 9 86 95 25 48 12 84 42 89 20 9 27 73 42 60 66 11 13 35 36 58 32 36 42 16 50 34 71 47 98 30 17 29 53 49 0 81 64 
30 53 39 54 17 26 3 8 53 19 47 34 93 48 70 2 54 64 100 77 82 22 94 88 13 98 93 40 65 64 56 89 57 32 11 20 64 28 59 29 10 78 92 81 0 75 
50 31 66 14 37 11 50 46 45 80 65 95 64 58 45 35 7 42 72 32 20 8 4 18 19 51 41 75 1 73 62 99 85 41 27 51 38 72 2 26 95 44 92 64 75 0 
RRRBBBBRRBRBBBBBBRBRRRRRBRBBRBBRRBBRBRRRRBBRRB
