40
0 98 88 64 73 98 83 75 55 79 59 96 43 72 97 54 17 74 91 62 33 50 96 19 82 28 14 23 18 36 10 46 87 58 9 86 4 68 58 59 
98 0 44 39 48 4 87 81 25 79 24 59 35 19 70 27 80 69 59 33 65 99 42 24 29 64 62 47 87 31 33 72 63 84 37 9 15 68 68 100 
88 44 0 70 7 38 34 54 54 79 84 35 87 98 98 92 12 63 37 85 23 79 14 81 33 96 61 93 95 26 5 78 66 56 13 78 1 9 18 78 
64 39 70 0 28 50 55 64 38 61 17 68 29 57 99 71 70 14 8 70 20 37 87 33 37 87 48 33 48 71 44 50 58 9 33 24 15 6 31 80 
73 48 7 28 0 88 10 74 51 25 8 14 67 28 57 26 92 38 92 14 44 75 36 87 40 7 87 86 33 49 54 72 74 75 98 81 81 1 51 20 
98 4 38 50 88 0 10 54 84 59 84 97 77 45 59 10 81 19 70 0 23 81 97 92 49 64 54 98 83 61 46 8 69 56 34 21 89 3 28 73 
83 87 34 55 10 10 0 23 29 24 70 73 15 45 86 15 8 60 46 13 67 37 45 99 71 39 83 72 78 17 76 18 74 52 84 7 9 0 86 100 
75 81 54 64 74 54 23 0 57 99 50 22 18 92 9 99 48 72 39 62 58 62 100 50 56 14 35 36 13 9 0 66 1 86 66 5 51 35 82 0 
55 25 54 38 51 84 29 57 0 48 13 65 98 73 90 16 55 63 53 20 88 92 92 81 64 63 85 63 26 13 91 34 34 9 94 58 100 75 74 61 
79 79 79 61 25 59 24 99 48 0 87 30 58 58 21 25 91 2 15 29 96 71 50 84 52 9 64 76 43 15 67 85 69 87 27 95 64 31 27 39 
59 24 84 17 8 84 70 50 13 87 0 32 99 29 95 26 42 24 16 96 69 88 45 12 3 52 26 36 9 84 7 12 54 24 18 64 66 45 45 62 
96 59 35 68 14 97 73 22 65 30 32 0 18 1 54 48 62 28 41 49 70 14 50 96 31 97 92 35 48 16 14 46 5 23 60 45 27 10 15 33 
43 35 87 29 67 77 15 18 98 58 99 18 0 60 5 55 68 7 40 15 40 13 30 57 5 91 54 56 54 94 11 18 7 38 65 52 41 57 89 63 
72 19 98 57 28 45 45 92 73 58 29 1 60 0 42 29 72 38 26 96 64 54 26 3 75 28 63 54 46 86 93 48 37 92 14 62 28 41 75 29 
97 70 98 99 57 59 86 9 90 21 95 54 5 42 0 28 1 17 4 4 14 68 67 61 77 81 23 79 69 53 7 46 84 22 11 47 19 92 56 8 
54 27 92 71 26 10 15 99 16 25 26 48 55 29 28 0 83 49 3 34 93 96 37 88 10 44 51 67 38 85 69 6 85 27 28 76 29 85 38 5 
17 80 12 70 92 81 8 48 55 91 42 62 68 72 1 83 0 86 23 78 46 99 26 34 17 89 60 3 16 2 69 96 2 79 89 31 77 51 8 59 
74 69 63 14 38 19 60 72 63 2 24 28 7 38 17 49 86 0 62 29 6 75 60 40 75 44 16 50 36 54 21 36 67 57 30 47 50 61 19 97 
91 59 37 8 92 70 46 39 53 15 16 41 40 26 4 3 23 62 0 76 50 59 7 31 97 66 57 71 16 22 2 42 2 60 13 26 59 5 66 89 
62 33 85 70 14 0 13 62 20 29 96 49 15 96 4 34 78 29 76 0 96 45 46 27 51 13 85 3 17 17 85 12 29 53 43 1 8 63 9 23 
33 65 23 20 44 23 67 58 88 96 69 70 40 64 14 93 46 6 50 96 0 7 33 28 62 16 47 80 5 13 51 99 82 41 54 95 55 8 76 5 
50 99 79 37 75 81 37 62 92 71 88 14 13 54 68 96 99 75 59 45 7 0 7 90 9 18 94 67 84 51 36 21 58 35 84 48 79 23 87 70 
96 42 14 87 36 97 45 100 92 50 45 50 30 26 67 37 26 60 7 46 33 7 0 83 0 13 25 88 11 26 24 36 5 92 61 13 89 97 53 35 
19 24 81 33 87 92 99 50 81 84 12 96 57 3 61 88 34 40 31 27 28 90 83 0 52 86 72 32 21 62 99 88 73 34 76 73 96 77 33 98 
82 29 33 37 40 49 71 56 64 52 3 31 5 75 77 10 17 75 97 51 62 9 0 52 0 48 58 70 100 97 12 59 33 96 29 33 79 75 50 63 
28 64 96 87 7 64 39 14 63 9 52 97 91 28 81 44 89 44 66 13 16 18 13 86 48 0 93 7 58 100 91 90 75 92 65 0 56 70 50 22 
14 62 61 48 87 54 83 35 85 64 26 92 54 63 23 51 60 16 57 85 47 94 25 72 58 93 0 80 93 54 49 83 84 83 16 15 1 23 74 74 
23 47 93 33 86 98 72 36 63 76 36 35 56 54 79 67 3 50 71 3 80 67 88 32 70 7 80 0 96 83 22 75 3 51 18 20 84 94 61 1 
18 87 95 48 33 83 78 13 26 43 9 48 54 46 69 38 16 36 16 17 5 84 11 21 100 58 93 96 0 43 58 32 17 55 2 67 9 9 36 50 
36 31 26 71 49 61 17 9 13 15 84 16 94 86 53 85 2 54 22 17 13 51 26 62 97 100 54 83 43 0 50 50 24 4 54 86 91 17 67 51 
10 33 5 44 54 46 76 0 91 67 7 14 11 93 7 69 69 21 2 85 51 36 24 99 12 91 49 22 58 50 0 91 87 16 26 39 55 21 100 66 
46 72 78 50 72 8 18 66 34 85 12 46 18 48 46 6 96 36 42 12 99 21 36 88 59 90 83 75 32 50 91 0 72 71 97 1 70 55 65 93 
87 63 66 58 74 69 74 1 34 69 54 5 7 37 84 85 2 67 2 29 82 58 5 73 33 75 84 3 17 24 87 72 0 4 92 37 13 51 97 81 
58 84 56 9 75 56 52 86 9 87 24 23 38 92 22 27 79 57 60 53 41 35 92 34 96 92 83 51 55 4 16 71 4 0 82 65 81 39 58 31 
9 37 13 33 98 34 84 66 94 27 18 60 65 14 11 28 89 30 13 43 54 84 61 76 29 65 16 18 2 54 26 97 92 82 0 91 34 77 59 92 
86 9 78 24 81 21 7 5 58 95 64 45 52 62 47 76 31 47 26 1 95 48 13 73 33 0 15 20 67 86 39 1 37 65 91 0 3 46 61 25 
4 15 1 15 81 89 9 51 100 64 66 27 41 28 19 29 77 50 59 8 55 79 89 96 79 56 1 84 9 91 55 70 13 81 34 3 0 53 5 23 
68 68 9 6 1 3 0 35 75 31 45 10 57 41 92 85 51 61 5 63 8 23 97 77 75 70 23 94 9 17 21 55 51 39 77 46 53 0 35 90 
58 68 18 31 51 28 86 82 74 27 45 15 89 75 56 38 8 19 66 9 76 87 53 33 50 50 74 61 36 67 100 65 97 58 59 61 5 35 0 73 
59 100 78 80 20 73 100 0 61 39 62 33 63 29 8 5 59 97 89 23 5 70 35 98 63 22 74 1 50 51 66 93 81 31 92 25 23 90 73 0 
RRBBBBRRRRBBBRBRBRRBBRBRBRRBBBRRBBRRBRBR
