36
0 49 9 97 79 44 26 81 25 81 48 14 36 13 42 6 77 21 54 6 16 63 4 8 11 6 52 96 88 36 7 71 32 34 93 25 
49 0 33 14 25 65 94 11 36 12 67 61 77 72 10 35 4 21 96 39 60 24 10 10 57 65 83 14 97 1 92 34 12 64 7 51 
9 33 0 91 16 100 8 46 22 42 66 26 7 83 59 11 18 12 72 61 57 2 15 64 8 63 87 83 12 92 56 78 86 55 54 12 
97 14 91 0 50 23 78 60 71 19 89 6 5 82 13 8 93 1 86 99 18 54 20 70 16 91 38 61 8 39 76 52 13 4 84 87 
79 25 16 50 0 17 87 78 85 79 20 43 2 75 77 75 67 2 3 14 3 90 69 23 75 72 72 100 41 71 35 61 0 89 20 83 
44 65 100 23 17 0 40 24 36 39 28 6 60 65 31 57 26 81 77 87 27 77 71 37 3 49 89 59 10 79 37 46 14 15 93 34 
26 94 8 78 87 40 0 87 59 77 67 17 24 32 75 62 24 71 57 6 33 50 27 79 29 32 75 20 53 48 41 28 27 52 77 33 
81 11 46 60 78 24 87 0 14 82 0 34 53 33 29 89 45 64 23 72 46 84 37 5 72 96 59 74 10 17 26 20 11 71 68 34 
25 36 22 71 85 36 59 14 0 68 90 53 33 4 8 19 46 93 49 36 57 97 45 12 15 15 16 6 15 30 11 9 6 59 71 12 
81 12 42 19 79 39 77 82 68 0 94 51 0 62 80 60 79 82 60 39 95 71 25 38 84 27 78 90 88 23 55 75 18 65 33 63 
48 67 66 89 20 28 67 0 90 94 0 82 93 24 67 35 98 95 85 65 88 11 83 11 49 85 30 53 91 6 89 10 34 63 4 73 
14 61 26 6 43 6 17 34 53 51 82 0 32 6 40 41 11 91 16 32 93 2 16 6 87 29 3 89 83 13 55 37 97 55 59 93 
36 77 7 5 2 60 24 53 33 0 93 32 0 54 88 92 63 1 90 84 60 33 87 61 36 43 79 70 57 74 2 95 59 85 35 2 
13 72 83 82 75 65 32 33 4 62 24 6 54 0 57 98 57 90 4 24 87 24 88 17 27 59 9 88 23 16 52 76 94 67 39 53 
42 10 59 13 77 31 75 29 8 80 67 40 88 57 0 24 72 20 51 21 61 75 58 66 0 53 77 21 88 58 81 76 25 58 20 79 
6 35 11 8 75 57 62 89 19 60 35 41 92 98 24 0 23 16 4 5 15 17 67 2 100 11 99 65 19 57 76 9 99 76 57 27 
77 4 18 93 67 26 24 45 46 79 98 11 63 57 72 23 0 78 31 69 98 19 51 6 40 21 84 25 65 10 72 74 69 36 78 64 
21 21 12 1 2 81 71 64 93 82 95 91 1 90 20 16 78 0 80 4 42 53 75 13 7 8 79 28 90 42 37 24 2 77 82 19 
54 96 72 86 3 77 57 23 49 60 85 16 90 4 51 4 31 80 0 69 40 23 56 8 15 4 45 42 57 6 16 91 59 13 54 96 
6 39 61 99 14 87 6 72 36 39 65 32 84 24 21 5 69 4 69 0 52 24 89 49 18 47 44 77 23 75 56 4 49 95 62 45 
16 60 57 18 3 27 33 46 57 95 88 93 60 87 61 15 98 42 40 52 0 94 85 86 40 29 98 53 19 39 59 99 13 0 84 97 
63 24 2 54 90 77 50 84 97 71 11 2 33 24 75 17 19 53 23 24 94 0 84 97 88 19 69 72 30 46 54 12 12 89 41 76 
4 10 15 20 69 71 27 37 45 25 83 16 87 88 58 67 51 75 56 89 85 84 0 58 49 3 25 11 72 83 4 56 42 63 95 47 
8 10 64 70 23 37 79 5 12 38 11 6 61 17 66 2 6 13 8 49 86 97 58 0 96 51 37 16 59 72 99 97 17 91 10 39 
11 57 8 16 75 3 29 72 15 84 49 87 36 27 0 100 40 7 15 18 40 88 49 96 0 86 26 32 2 87 71 43 52 36 65 13 
6 65 63 91 72 49 32 96 15 27 85 29 43 59 53 11 21 8 4 47 29 19 3 51 86 0 68 51 37 72 4 43 41 86 75 18 
52 83 87 38 72 89 75 59 16 78 30 3 79 9 77 99 84 79 45 44 98 69 25 37 26 68 0 89 62 2 76 87 1 21 18 71 
96 14 83 61 100 59 20 74 6 90 53 89 70 88 21 65 25 28 42 77 53 72 11 16 32 51 89 0 94 88 51 63 41 2 62 49 
88 97 12 8 41 10 53 10 15 88 91 83 57 23 88 19 65 90 57 23 19 30 72 59 2 37 62 94 0 80 28 16 65 69 24 69 
36 1 92 39 71 79 48 17 30 23 6 13 74 16 58 57 10 42 6 75 39 46 83 72 87 72 2 88 80 0 64 96 11 42 68 36 
7 92 56 76 35 37 41 26 11 55 89 55 2 52 81 76 72 37 16 56 59 54 4 99 71 4 76 51 28 64 0 95 34 7 56 4 
71 34 78 52 61 46 28 20 9 75 10 37 95 76 76 9 74 24 91 4 99 12 56 97 43 43 87 63 16 96 95 0 7 32 72 100 
32 12 86 13 0 14 27 11 6 18 34 97 59 94 25 99 69 2 59 49 13 12 42 17 52 41 1 41 65 11 34 7 0 76 71 34 
34 64 55 4 89 15 52 71 59 65 63 55 85 67 58 76 36 77 13 95 0 89 63 91 36 86 21 2 69 42 7 32 76 0 85 18 
93 7 54 84 20 93 77 68 71 33 4 59 35 39 20 57 78 82 54 62 84 41 95 10 65 75 18 62 24 68 56 72 71 85 0 82 
25 51 12 87 83 34 33 34 12 63 73 93 2 53 79 27 64 19 96 45 97 76 47 39 13 18 71 49 69 36 4 100 34 18 82 0 
RRBBRRBBBRBRBBBRRRRRRRRBBRBBRBRBBRBB
