36
0 39 50 52 2 47 75 48 10 53 88 60 93 70 86 72 5 47 100 98 32 20 4 14 29 92 31 86 100 93 85 85 79 36 57 76 
39 0 68 23 44 47 19 70 57 55 0 44 20 7 21 9 72 99 39 69 22 71 48 7 6 81 33 30 74 59 47 87 41 47 90 0 
50 68 0 63 88 88 39 79 92 91 98 30 50 42 24 90 95 36 97 84 41 77 88 7 46 3 38 57 64 33 87 59 1 33 6 100 
52 23 63 0 64 89 96 55 40 82 18 9 59 18 88 47 23 100 46 48 86 80 26 8 100 8 3 79 43 89 76 99 38 32 57 68 
2 44 88 64 0 18 9 23 82 91 41 79 51 26 26 94 17 32 65 0 46 12 83 98 28 3 22 70 26 84 89 86 51 12 93 76 
47 47 88 89 18 0 79 49 31 60 34 46 28 88 17 42 25 30 95 21 8 33 90 30 4 21 2 2 64 25 1 22 23 78 47 59 
75 19 39 96 9 79 0 35 48 31 85 14 50 41 90 78 87 49 55 21 96 41 55 47 0 50 83 99 40 71 72 17 9 42 35 81 
48 70 79 55 23 49 35 0 10 41 41 34 48 2 11 52 85 68 54 2 12 42 42 38 42 80 69 13 20 86 17 25 87 100 8 81 
10 57 92 40 82 31 48 10 0 3 44 83 57 55 74 98 85 0 27 47 33 58 23 92 8 32 7 8 33 9 29 69 3 2 100 79 
53 55 91 82 91 60 31 41 3 0 0 69 57 6 51 97 65 95 86 21 11 28 85 27 97 26 10 40 88 82 47 3 44 18 42 72 
88 0 98 18 41 34 85 41 44 0 0 95 55 35 38 14 43 33 95 28 51 95 38 43 61 10 49 80 3 94 62 75 23 42 65 94 
60 44 30 9 79 46 14 34 83 69 95 0 11 80 7 97 21 23 94 23 64 76 78 22 52 44 98 3 17 98 13 26 60 50 22 52 
93 20 50 59 51 28 50 48 57 57 55 11 0 41 67 90 32 50 32 23 97 52 41 99 77 55 12 11 8 36 17 15 97 39 26 20 
70 7 42 18 26 88 41 2 55 6 35 80 41 0 72 78 24 73 91 2 46 6 29 40 100 60 68 25 16 98 82 50 96 49 44 10 
86 21 24 88 26 17 90 11 74 51 38 7 67 72 0 30 36 59 30 12 84 89 7 7 72 32 41 62 30 90 85 48 50 93 39 2 
72 9 90 47 94 42 78 52 98 97 14 97 90 78 30 0 44 80 39 25 7 93 33 10 74 90 64 24 77 52 25 100 38 5 37 19 
5 72 95 23 17 25 87 85 85 65 43 21 32 24 36 44 0 55 18 94 94 29 65 68 1 30 81 43 24 94 0 92 16 52 86 16 
47 99 36 100 32 30 49 68 0 95 33 23 50 73 59 80 55 0 52 9 21 39 38 41 32 11 13 39 69 92 61 98 89 58 41 25 
100 39 97 46 65 95 55 54 27 86 95 94 32 91 30 39 18 52 0 71 61 33 67 15 67 45 6 66 6 19 12 88 66 33 72 3 
98 69 84 48 0 21 21 2 47 21 28 23 23 2 12 25 94 9 71 0 22 41 91 23 6 97 88 89 84 7 84 4 49 32 42 53 
32 22 41 86 46 8 96 12 33 11 51 64 97 46 84 7 94 21 61 22 0 92 89 78 65 83 32 61 12 71 0 8 5 47 84 3 
20 71 77 80 12 33 41 42 58 28 95 76 52 6 89 93 29 39 33 41 92 0 71 17 59 11 4 82 23 14 35 7 31 10 38 88 
4 48 88 26 83 90 55 42 23 85 38 78 41 29 7 33 65 38 67 91 89 71 0 62 56 34 49 52 23 60 91 58 61 62 15 78 
14 7 7 8 98 30 47 38 92 27 43 22 99 40 7 10 68 41 15 23 78 17 62 0 39 1 42 65 94 66 3 59 91 20 47 26 
29 6 46 100 28 4 0 42 8 97 61 52 77 100 72 74 1 32 67 6 65 59 56 39 0 46 63 89 4 13 60 97 31 79 95 99 
92 81 3 8 3 21 50 80 32 26 10 44 55 60 32 90 30 11 45 97 83 11 34 1 46 0 79 80 21 39 28 63 96 26 77 100 
31 33 38 3 22 2 83 69 7 10 49 98 12 68 41 64 81 13 6 88 32 4 49 42 63 79 0 7 29 59 50 96 95 22 6 60 
86 30 57 79 70 2 99 13 8 40 80 3 11 25 62 24 43 39 66 89 61 82 52 65 89 80 7 0 83 17 46 63 7 79 24 11 
100 74 64 43 26 64 40 20 33 88 3 17 8 16 30 77 24 69 6 84 12 23 23 94 4 21 29 83 0 54 81 75 71 4 89 25 
93 59 33 89 84 25 71 86 9 82 94 98 36 98 90 52 94 92 19 7 71 14 60 66 13 39 59 17 54 0 81 77 66 2 97 53 
85 47 87 76 89 1 72 17 29 47 62 13 17 82 85 25 0 61 12 84 0 35 91 3 60 28 50 46 81 81 0 2 27 2 74 8 
85 87 59 99 86 22 17 25 69 3 75 26 15 50 48 100 92 98 88 4 8 7 58 59 97 63 96 63 75 77 2 0 68 45 70 18 
79 41 1 38 51 23 9 87 3 44 23 60 97 96 50 38 16 89 66 49 5 31 61 91 31 96 95 7 71 66 27 68 0 80 85 59 
36 47 33 32 12 78 42 100 2 18 42 50 39 49 93 5 52 58 33 32 47 10 62 20 79 26 22 79 4 2 2 45 80 0 6 77 
57 90 6 57 93 47 35 8 100 42 65 22 26 44 39 37 86 41 72 42 84 38 15 47 95 77 6 24 89 97 74 70 85 6 0 44 
76 0 100 68 76 59 81 81 79 72 94 52 20 10 2 19 16 25 3 53 3 88 78 26 99 100 60 11 25 53 8 18 59 77 44 0 
RBBBBRBBRRRBBBBBRRRBRBRBRBBRRRRRRBRB
