42
0 59 27 82 25 84 9 12 10 47 50 39 29 50 2 33 58 90 85 61 71 68 12 34 94 6 69 22 32 20 17 92 23 12 98 13 71 52 0 48 75 4 
59 0 49 91 19 39 97 75 63 52 42 72 51 13 29 7 41 39 94 27 75 31 33 99 47 52 78 43 17 15 5 51 39 21 63 22 94 48 36 57 91 27 
27 49 0 79 62 8 35 50 74 72 45 58 75 48 27 40 38 20 88 33 55 22 3 74 96 16 34 15 94 6 66 60 8 89 88 40 39 16 81 95 15 64 
82 91 79 0 8 70 50 35 93 34 24 46 8 63 79 45 33 65 22 29 6 9 62 58 61 38 96 60 38 18 15 70 70 36 42 93 35 99 24 49 59 35 
25 19 62 8 0 14 56 25 60 0 20 75 89 61 38 39 21 12 13 22 91 36 13 27 11 39 0 28 4 23 38 56 47 45 68 38 11 61 61 37 34 39 
84 39 8 70 14 0 95 27 62 56 30 60 68 12 95 50 2 65 36 35 24 11 95 42 20 64 66 79 91 63 77 7 24 78 49 48 48 89 33 8 85 3 
9 97 35 50 56 95 0 8 55 83 10 83 92 55 57 55 93 12 86 37 26 54 91 100 41 49 43 15 12 85 54 92 27 20 50 3 24 52 79 23 24 85 
12 75 50 35 25 27 8 0 8 25 30 1 82 3 95 79 27 12 72 94 74 94 96 34 77 97 40 51 32 9 82 53 29 97 37 56 13 90 53 59 39 18 
10 63 74 93 60 62 55 8 0 55 96 37 55 50 62 52 13 69 44 20 9 13 56 35 91 48 99 38 73 91 18 63 90 6 50 40 46 42 59 71 3 40 
47 52 72 34 0 56 83 25 55 0 52 6 26 79 9 45 31 62 9 94 50 87 31 20 43 81 0 45 4 71 16 19 7 25 10 42 76 100 46 61 52 20 
50 42 45 24 20 30 10 30 96 52 0 33 50 19 46 15 3 60 22 54 59 38 100 30 63 23 12 87 25 68 31 32 39 88 64 64 27 22 51 87 59 40 
39 72 58 46 75 60 83 1 37 6 33 0 37 21 10 98 1 38 72 28 74 40 25 15 24 0 24 20 62 2 37 66 76 29 61 24 57 1 99 72 13 62 
29 51 75 8 89 68 92 82 55 26 50 37 0 48 9 47 55 5 30 86 36 35 80 57 29 60 53 51 39 63 38 11 22 73 3 61 91 42 27 58 51 50 
50 13 48 63 61 12 55 3 50 79 19 21 48 0 85 38 46 36 55 34 87 62 16 2 61 100 76 54 98 1 2 62 28 69 39 47 39 74 81 26 49 64 
2 29 27 79 38 95 57 95 62 9 46 10 9 85 0 93 65 37 99 35 68 31 79 34 45 11 39 81 59 31 60 36 27 57 69 28 37 50 6 89 30 26 
33 7 40 45 39 50 55 79 52 45 15 98 47 38 93 0 18 71 99 16 23 37 82 87 20 39 27 49 75 51 98 80 47 35 39 96 80 0 44 58 77 43 
58 41 38 33 21 2 93 27 13 31 3 1 55 46 65 18 0 83 65 66 19 99 45 22 51 87 88 67 7 35 84 75 22 1 39 89 1 35 14 88 51 11 
90 39 20 65 12 65 12 12 69 62 60 38 5 36 37 71 83 0 81 71 1 20 33 65 97 73 82 27 31 98 0 19 35 80 25 50 89 21 79 63 32 97 
85 94 88 22 13 36 86 72 44 9 22 72 30 55 99 99 65 81 0 14 5 14 80 19 14 12 14 69 66 25 17 1 22 82 9 41 74 59 0 21 6 72 
61 27 33 29 22 35 37 94 20 94 54 28 86 34 35 16 66 71 14 0 69 20 71 14 53 31 76 83 58 68 90 84 69 68 0 93 26 71 85 77 75 11 
71 75 55 6 91 24 26 74 9 50 59 74 36 87 68 23 19 1 5 69 0 20 24 3 22 37 86 64 8 99 63 41 94 1 30 3 29 30 88 87 12 52 
68 31 22 9 36 11 54 94 13 87 38 40 35 62 31 37 99 20 14 20 20 0 59 12 62 19 44 34 83 88 37 22 86 80 33 66 44 77 45 46 67 29 
12 33 3 62 13 95 91 96 56 31 100 25 80 16 79 82 45 33 80 71 24 59 0 36 3 1 70 10 15 99 14 9 81 24 47 42 73 53 94 26 49 81 
34 99 74 58 27 42 100 34 35 20 30 15 57 2 34 87 22 65 19 14 3 12 36 0 18 10 26 90 1 39 89 22 22 18 65 67 92 51 89 95 54 57 
94 47 96 61 11 20 41 77 91 43 63 24 29 61 45 20 51 97 14 53 22 62 3 18 0 5 80 13 22 3 5 2 11 77 24 47 52 23 88 14 68 11 
6 52 16 38 39 64 49 97 48 81 23 0 60 100 11 39 87 73 12 31 37 19 1 10 5 0 90 45 66 52 10 84 77 95 12 82 9 93 79 16 27 37 
69 78 34 96 0 66 43 40 99 0 12 24 53 76 39 27 88 82 14 76 86 44 70 26 80 90 0 90 13 99 14 31 9 74 7 95 46 97 82 72 23 6 
22 43 15 60 28 79 15 51 38 45 87 20 51 54 81 49 67 27 69 83 64 34 10 90 13 45 90 0 60 17 58 4 16 95 24 89 14 38 52 2 43 37 
32 17 94 38 4 91 12 32 73 4 25 62 39 98 59 75 7 31 66 58 8 83 15 1 22 66 13 60 0 5 42 88 4 46 57 60 75 7 79 39 72 68 
20 15 6 18 23 63 85 9 91 71 68 2 63 1 31 51 35 98 25 68 99 88 99 39 3 52 99 17 5 0 27 30 23 25 91 37 62 92 55 20 89 95 
17 5 66 15 38 77 54 82 18 16 31 37 38 2 60 98 84 0 17 90 63 37 14 89 5 10 14 58 42 27 0 13 83 85 12 27 37 71 30 25 55 53 
92 51 60 70 56 7 92 53 63 19 32 66 11 62 36 80 75 19 1 84 41 22 9 22 2 84 31 4 88 30 13 0 9 100 29 72 75 73 50 68 37 98 
23 39 8 70 47 24 27 29 90 7 39 76 22 28 27 47 22 35 22 69 94 86 81 22 11 77 9 16 4 23 83 9 0 10 39 32 22 96 29 95 68 92 
12 21 89 36 45 78 20 97 6 25 88 29 73 69 57 35 1 80 82 68 1 80 24 18 77 95 74 95 46 25 85 100 10 0 93 10 49 39 53 90 71 86 
98 63 88 42 68 49 50 37 50 10 64 61 3 39 69 39 39 25 9 0 30 33 47 65 24 12 7 24 57 91 12 29 39 93 0 23 5 50 62 13 15 82 
13 22 40 93 38 48 3 56 40 42 64 24 61 47 28 96 89 50 41 93 3 66 42 67 47 82 95 89 60 37 27 72 32 10 23 0 5 75 100 62 36 66 
71 94 39 35 11 48 24 13 46 76 27 57 91 39 37 80 1 89 74 26 29 44 73 92 52 9 46 14 75 62 37 75 22 49 5 5 0 34 37 41 28 57 
52 48 16 99 61 89 52 90 42 100 22 1 42 74 50 0 35 21 59 71 30 77 53 51 23 93 97 38 7 92 71 73 96 39 50 75 34 0 21 82 4 58 
0 36 81 24 61 33 79 53 59 46 51 99 27 81 6 44 14 79 0 85 88 45 94 89 88 79 82 52 79 55 30 50 29 53 62 100 37 21 0 14 17 21 
48 57 95 49 37 8 23 59 71 61 87 72 58 26 89 58 88 63 21 77 87 46 26 95 14 16 72 2 39 20 25 68 95 90 13 62 41 82 14 0 3 74 
75 91 15 59 34 85 24 39 3 52 59 13 51 49 30 77 51 32 6 75 12 67 49 54 68 27 23 43 72 89 55 37 68 71 15 36 28 4 17 3 0 100 
4 27 64 35 39 3 85 18 40 20 40 62 50 64 26 43 11 97 72 11 52 29 81 57 11 37 6 37 68 95 53 98 92 86 82 66 57 58 21 74 100 0 
BRBRRBBRBBRRBBRRRBBRRBRBBRRBRBRRBRBBBBRRRB
