50
0 75 53 89 33 83 14 10 30 8 63 1 6 5 83 88 40 99 16 70 46 72 20 46 62 20 81 75 96 0 0 57 28 4 20 91 21 70 71 80 50 87 86 56 22 26 99 23 20 99 
75 0 33 86 15 88 27 56 83 57 1 10 99 72 57 29 38 14 92 26 59 5 70 27 48 90 85 26 10 52 77 63 25 41 12 73 49 52 72 41 6 94 38 75 36 39 16 62 7 73 
53 33 0 49 45 83 3 67 82 51 3 69 86 95 71 30 9 68 80 79 14 19 33 3 71 68 75 70 67 18 92 13 13 24 36 42 68 93 59 21 55 46 51 20 85 15 21 79 21 7 
89 86 49 0 48 15 68 33 64 27 100 3 58 46 45 37 23 63 7 53 71 93 64 84 22 28 28 1 9 45 67 78 79 92 74 99 29 55 47 36 37 5 89 12 80 82 77 46 31 57 
33 15 45 48 0 91 82 83 28 100 72 31 94 77 82 89 24 59 41 97 16 92 60 94 5 58 7 26 20 86 67 23 17 45 6 72 39 30 37 18 55 54 56 32 14 84 74 54 27 88 
83 88 83 15 91 0 18 34 11 53 54 34 13 15 10 33 0 48 79 52 6 63 72 19 4 13 24 80 77 29 83 26 73 16 19 45 27 8 80 12 64 77 0 70 63 89 36 27 59 15 
14 27 3 68 82 18 0 14 96 37 11 77 92 34 77 8 14 9 3 64 71 86 51 12 83 97 51 45 76 93 82 77 67 84 52 77 23 9 19 86 35 20 18 56 76 62 48 36 28 47 
10 56 67 33 83 34 14 0 69 61 21 0 18 8 39 96 72 58 66 74 81 28 86 15 12 18 56 36 8 65 15 50 66 22 70 28 23 63 64 33 10 75 56 93 97 52 63 65 100 8 
30 83 82 64 28 11 96 69 0 40 91 27 85 45 59 86 52 58 93 11 63 69 81 94 67 40 48 9 43 37 33 93 19 6 66 97 5 20 66 82 81 56 72 22 73 62 69 31 7 32 
8 57 51 27 100 53 37 61 40 0 53 68 27 27 59 70 63 77 33 24 62 64 78 33 0 85 85 95 65 81 1 40 78 84 77 63 31 95 88 50 58 14 91 81 76 55 25 20 97 71 
63 1 3 100 72 54 11 21 91 53 0 6 58 15 70 52 14 65 82 42 40 47 27 32 59 8 46 71 43 44 69 45 49 37 75 86 99 35 35 18 27 24 6 84 54 0 32 40 91 28 
1 10 69 3 31 34 77 0 27 68 6 0 91 88 85 53 84 5 32 69 83 38 84 29 29 77 35 78 17 70 46 80 2 31 2 85 89 15 68 8 37 71 7 85 70 79 72 3 3 55 
6 99 86 58 94 13 92 18 85 27 58 91 0 71 96 17 18 77 99 1 0 30 95 100 68 44 2 89 5 11 32 94 84 42 78 62 42 0 40 72 38 69 26 92 68 8 20 99 83 94 
5 72 95 46 77 15 34 8 45 27 15 88 71 0 88 60 78 87 93 100 8 8 6 96 47 94 39 72 13 43 41 18 8 77 73 25 5 50 19 9 62 45 24 71 38 90 18 67 37 57 
83 57 71 45 82 10 77 39 59 59 70 85 96 88 0 44 76 30 57 13 79 59 16 47 50 76 90 43 92 67 69 86 25 68 92 93 35 6 37 65 34 25 34 59 56 90 32 8 49 37 
88 29 30 37 89 33 8 96 86 70 52 53 17 60 44 0 77 96 32 62 42 45 51 27 65 2 85 79 32 28 45 49 43 84 87 62 98 43 61 45 66 3 92 44 10 77 50 44 56 58 
40 38 9 23 24 0 14 72 52 63 14 84 18 78 76 77 0 16 58 89 4 34 17 71 62 5 31 22 57 49 69 43 11 37 76 91 19 6 43 50 20 20 6 81 22 14 28 35 39 11 
99 14 68 63 59 48 9 58 58 77 65 5 77 87 30 96 16 0 24 4 98 46 80 24 43 93 36 0 69 40 79 41 26 3 46 33 33 13 15 94 4 61 99 41 45 37 8 84 75 13 
16 92 80 7 41 79 3 66 93 33 82 32 99 93 57 32 58 24 0 33 70 92 35 64 21 67 75 77 47 16 63 38 89 11 18 66 24 66 77 24 98 78 7 8 88 5 31 5 28 74 
70 26 79 53 97 52 64 74 11 24 42 69 1 100 13 62 89 4 33 0 86 1 50 14 16 72 58 30 20 9 43 39 26 19 4 35 56 86 38 39 47 53 97 51 93 93 8 62 58 73 
46 59 14 71 16 6 71 81 63 62 40 83 0 8 79 42 4 98 70 86 0 27 5 41 21 0 73 89 56 35 56 10 54 23 19 72 36 29 9 69 94 85 19 92 93 5 9 24 13 31 
72 5 19 93 92 63 86 28 69 64 47 38 30 8 59 45 34 46 92 1 27 0 94 46 14 37 5 2 56 21 5 17 32 28 68 29 42 11 46 63 45 60 98 99 84 27 30 73 93 82 
20 70 33 64 60 72 51 86 81 78 27 84 95 6 16 51 17 80 35 50 5 94 0 69 21 68 45 19 0 69 96 89 42 65 23 53 84 38 55 2 81 49 45 94 85 56 41 40 69 85 
46 27 3 84 94 19 12 15 94 33 32 29 100 96 47 27 71 24 64 14 41 46 69 0 72 53 33 94 17 65 78 40 45 6 62 29 28 61 20 61 69 0 74 21 91 40 7 4 5 63 
62 48 71 22 5 4 83 12 67 0 59 29 68 47 50 65 62 43 21 16 21 14 21 72 0 80 77 97 33 79 74 50 8 36 88 97 74 71 18 80 17 32 37 7 7 22 58 75 34 23 
20 90 68 28 58 13 97 18 40 85 8 77 44 94 76 2 5 93 67 72 0 37 68 53 80 0 1 5 43 13 82 1 23 17 66 85 13 68 30 95 12 19 80 76 43 26 59 97 13 80 
81 85 75 28 7 24 51 56 48 85 46 35 2 39 90 85 31 36 75 58 73 5 45 33 77 1 0 50 17 56 33 83 25 22 58 9 77 9 25 68 52 70 61 35 42 9 23 62 71 69 
75 26 70 1 26 80 45 36 9 95 71 78 89 72 43 79 22 0 77 30 89 2 19 94 97 5 50 0 61 4 87 82 68 38 21 99 50 65 96 95 82 0 20 8 50 96 9 66 74 49 
96 10 67 9 20 77 76 8 43 65 43 17 5 13 92 32 57 69 47 20 56 56 0 17 33 43 17 61 0 78 14 62 50 25 2 16 40 68 4 77 46 48 6 57 86 61 46 9 8 51 
0 52 18 45 86 29 93 65 37 81 44 70 11 43 67 28 49 40 16 9 35 21 69 65 79 13 56 4 78 0 73 31 80 33 24 47 16 77 14 52 94 95 64 85 56 7 77 69 65 60 
0 77 92 67 67 83 82 15 33 1 69 46 32 41 69 45 69 79 63 43 56 5 96 78 74 82 33 87 14 73 0 9 31 10 79 92 9 59 35 68 55 54 87 79 35 78 80 12 74 81 
57 63 13 78 23 26 77 50 93 40 45 80 94 18 86 49 43 41 38 39 10 17 89 40 50 1 83 82 62 31 9 0 19 81 77 30 65 63 74 12 76 38 31 91 38 60 81 27 14 33 
28 25 13 79 17 73 67 66 19 78 49 2 84 8 25 43 11 26 89 26 54 32 42 45 8 23 25 68 50 80 31 19 0 86 55 81 90 97 37 58 100 50 66 17 13 29 75 52 26 18 
4 41 24 92 45 16 84 22 6 84 37 31 42 77 68 84 37 3 11 19 23 28 65 6 36 17 22 38 25 33 10 81 86 0 42 91 64 52 38 56 19 1 70 39 54 97 33 4 43 3 
20 12 36 74 6 19 52 70 66 77 75 2 78 73 92 87 76 46 18 4 19 68 23 62 88 66 58 21 2 24 79 77 55 42 0 95 49 29 15 56 35 28 2 86 65 27 14 31 59 51 
91 73 42 99 72 45 77 28 97 63 86 85 62 25 93 62 91 33 66 35 72 29 53 29 97 85 9 99 16 47 92 30 81 91 95 0 82 2 3 77 28 80 41 88 21 33 68 57 15 80 
21 49 68 29 39 27 23 23 5 31 99 89 42 5 35 98 19 33 24 56 36 42 84 28 74 13 77 50 40 16 9 65 90 64 49 82 0 2 31 93 93 35 25 87 23 43 92 25 71 51 
70 52 93 55 30 8 9 63 20 95 35 15 0 50 6 43 6 13 66 86 29 11 38 61 71 68 9 65 68 77 59 63 97 52 29 2 2 0 12 12 40 74 28 6 37 32 68 47 64 5 
71 72 59 47 37 80 19 64 66 88 35 68 40 19 37 61 43 15 77 38 9 46 55 20 18 30 25 96 4 14 35 74 37 38 15 3 31 12 0 33 59 33 14 43 48 47 50 74 30 85 
80 41 21 36 18 12 86 33 82 50 18 8 72 9 65 45 50 94 24 39 69 63 2 61 80 95 68 95 77 52 68 12 58 56 56 77 93 12 33 0 99 46 15 69 63 47 42 73 37 63 
50 6 55 37 55 64 35 10 81 58 27 37 38 62 34 66 20 4 98 47 94 45 81 69 17 12 52 82 46 94 55 76 100 19 35 28 93 40 59 99 0 52 14 84 73 71 13 80 88 89 
87 94 46 5 54 77 20 75 56 14 24 71 69 45 25 3 20 61 78 53 85 60 49 0 32 19 70 0 48 95 54 38 50 1 28 80 35 74 33 46 52 0 96 35 95 86 99 4 93 57 
86 38 51 89 56 0 18 56 72 91 6 7 26 24 34 92 6 99 7 97 19 98 45 74 37 80 61 20 6 64 87 31 66 70 2 41 25 28 14 15 14 96 0 53 91 18 29 74 80 46 
56 75 20 12 32 70 56 93 22 81 84 85 92 71 59 44 81 41 8 51 92 99 94 21 7 76 35 8 57 85 79 91 17 39 86 88 87 6 43 69 84 35 53 0 6 30 36 23 44 77 
22 36 85 80 14 63 76 97 73 76 54 70 68 38 56 10 22 45 88 93 93 84 85 91 7 43 42 50 86 56 35 38 13 54 65 21 23 37 48 63 73 95 91 6 0 79 78 36 59 24 
26 39 15 82 84 89 62 52 62 55 0 79 8 90 90 77 14 37 5 93 5 27 56 40 22 26 9 96 61 7 78 60 29 97 27 33 43 32 47 47 71 86 18 30 79 0 27 27 22 76 
99 16 21 77 74 36 48 63 69 25 32 72 20 18 32 50 28 8 31 8 9 30 41 7 58 59 23 9 46 77 80 81 75 33 14 68 92 68 50 42 13 99 29 36 78 27 0 68 5 15 
23 62 79 46 54 27 36 65 31 20 40 3 99 67 8 44 35 84 5 62 24 73 40 4 75 97 62 66 9 69 12 27 52 4 31 57 25 47 74 73 80 4 74 23 36 27 68 0 1 5 
20 7 21 31 27 59 28 100 7 97 91 3 83 37 49 56 39 75 28 58 13 93 69 5 34 13 71 74 8 65 74 14 26 43 59 15 71 64 30 37 88 93 80 44 59 22 5 1 0 17 
99 73 7 57 88 15 47 8 32 71 28 55 94 57 37 58 11 13 74 73 31 82 85 63 23 80 69 49 51 60 81 33 18 3 51 80 51 5 85 63 89 57 46 77 24 76 15 5 17 0 
RRBBRRRBBBRBBRRBBRRRRRRBBBBRRBBBRRBBBRRBBBBRRBRRRB
