48
0 5 7 4 71 22 56 70 82 61 84 73 62 0 58 20 76 34 22 10 51 32 25 19 66 30 60 15 98 98 77 13 82 83 34 91 17 79 23 91 0 24 79 0 54 82 33 74 
5 0 93 92 81 74 64 81 46 67 46 34 80 22 38 35 30 41 33 81 19 61 88 15 48 99 29 64 66 69 53 15 14 75 75 3 74 93 3 38 95 53 32 42 60 65 63 46 
7 93 0 42 34 19 79 25 27 14 91 62 88 75 47 35 23 49 19 74 69 59 1 47 63 16 51 34 92 67 60 80 87 92 46 57 42 40 19 77 85 93 52 70 15 11 82 51 
4 92 42 0 25 42 35 63 67 85 51 74 37 74 86 84 83 37 30 25 71 65 65 26 77 17 49 79 25 30 59 71 11 63 9 3 6 25 61 71 26 45 5 53 69 21 10 35 
71 81 34 25 0 21 27 31 90 73 26 19 66 4 58 77 68 88 38 28 37 9 35 49 66 94 78 61 22 90 62 99 87 48 35 67 92 90 93 7 27 84 69 73 90 12 78 100 
22 74 19 42 21 0 43 29 40 64 55 30 31 44 77 10 83 73 54 60 31 61 31 88 13 53 44 21 22 45 45 31 53 5 2 44 51 79 26 65 82 99 49 60 5 43 10 2 
56 64 79 35 27 43 0 16 24 0 18 86 56 53 78 52 2 15 73 85 49 26 42 88 37 68 49 5 94 53 85 6 80 38 15 39 93 15 88 26 98 34 12 32 62 77 98 95 
70 81 25 63 31 29 16 0 6 48 45 32 66 22 94 11 82 11 92 49 44 13 3 95 66 95 47 12 86 24 0 49 29 86 64 85 98 66 74 1 48 23 40 64 65 28 15 39 
82 46 27 67 90 40 24 6 0 58 66 60 76 8 3 65 17 17 25 82 2 11 90 6 4 16 14 71 83 90 17 75 82 60 29 43 50 54 40 69 38 90 1 0 92 36 8 97 
61 67 14 85 73 64 0 48 58 0 83 50 4 37 5 100 67 27 80 59 28 89 43 27 45 22 100 48 73 59 63 64 42 68 54 76 67 44 22 53 81 77 13 87 30 86 87 32 
84 46 91 51 26 55 18 45 66 83 0 59 23 37 16 91 47 86 20 82 72 87 94 28 63 33 91 41 82 2 76 60 69 28 71 48 78 66 56 52 42 29 12 38 60 94 32 96 
73 34 62 74 19 30 86 32 60 50 59 0 59 52 46 95 82 39 17 77 50 55 43 38 87 33 99 3 12 45 25 95 54 62 21 68 73 93 64 63 71 67 46 33 93 98 66 0 
62 80 88 37 66 31 56 66 76 4 23 59 0 97 81 64 33 7 5 93 49 26 63 95 61 87 2 89 25 50 77 19 87 20 59 31 16 19 11 47 64 43 92 21 24 23 6 49 
0 22 75 74 4 44 53 22 8 37 37 52 97 0 34 99 71 93 58 22 75 24 27 37 42 70 76 31 94 97 85 24 88 72 70 32 72 67 92 32 32 56 77 29 95 76 72 84 
58 38 47 86 58 77 78 94 3 5 16 46 81 34 0 68 64 84 32 72 87 43 8 89 90 90 46 17 6 40 17 8 90 78 51 58 2 73 38 42 7 39 55 15 60 24 94 83 
20 35 35 84 77 10 52 11 65 100 91 95 64 99 68 0 3 32 8 58 97 100 8 18 37 61 17 57 85 66 38 13 26 55 72 35 38 53 41 53 57 10 98 57 84 62 77 38 
76 30 23 83 68 83 2 82 17 67 47 82 33 71 64 3 0 84 63 20 59 50 45 9 32 16 82 59 82 47 9 34 10 57 20 82 47 9 96 54 29 93 18 32 28 9 34 78 
34 41 49 37 88 73 15 11 17 27 86 39 7 93 84 32 84 0 82 54 23 69 83 94 35 29 28 94 72 74 96 45 26 25 82 55 13 73 40 38 31 14 8 52 71 90 86 95 
22 33 19 30 38 54 73 92 25 80 20 17 5 58 32 8 63 82 0 75 59 47 52 18 2 92 78 88 69 92 16 32 15 25 71 23 14 85 86 40 90 13 26 24 50 6 76 39 
10 81 74 25 28 60 85 49 82 59 82 77 93 22 72 58 20 54 75 0 65 92 70 68 43 91 81 33 83 9 98 28 14 36 59 51 64 10 11 13 45 80 14 43 36 66 50 12 
51 19 69 71 37 31 49 44 2 28 72 50 49 75 87 97 59 23 59 65 0 10 31 86 98 53 26 60 71 97 52 57 69 34 6 71 93 31 8 82 35 47 4 37 62 97 17 55 
32 61 59 65 9 61 26 13 11 89 87 55 26 24 43 100 50 69 47 92 10 0 92 52 36 0 8 67 59 76 82 64 72 33 32 73 38 2 71 97 1 69 30 22 36 48 45 66 
25 88 1 65 35 31 42 3 90 43 94 43 63 27 8 8 45 83 52 70 31 92 0 79 75 3 99 25 22 41 71 98 24 49 71 16 75 94 74 86 15 56 38 80 1 0 40 33 
19 15 47 26 49 88 88 95 6 27 28 38 95 37 89 18 9 94 18 68 86 52 79 0 70 81 12 57 67 30 82 67 84 68 86 23 77 33 17 16 26 43 57 33 27 56 94 78 
66 48 63 77 66 13 37 66 4 45 63 87 61 42 90 37 32 35 2 43 98 36 75 70 0 42 46 98 42 11 12 27 53 23 7 97 51 4 63 63 76 77 69 12 90 19 45 6 
30 99 16 17 94 53 68 95 16 22 33 33 87 70 90 61 16 29 92 91 53 0 3 81 42 0 20 93 52 91 54 11 21 49 1 100 95 60 61 35 89 41 56 0 98 59 83 87 
60 29 51 49 78 44 49 47 14 100 91 99 2 76 46 17 82 28 78 81 26 8 99 12 46 20 0 95 21 97 94 23 40 13 75 59 64 79 50 72 70 18 10 15 52 80 28 87 
15 64 34 79 61 21 5 12 71 48 41 3 89 31 17 57 59 94 88 33 60 67 25 57 98 93 95 0 80 19 14 62 20 85 36 38 45 12 9 56 54 86 22 27 80 32 70 30 
98 66 92 25 22 22 94 86 83 73 82 12 25 94 6 85 82 72 69 83 71 59 22 67 42 52 21 80 0 97 2 73 44 38 54 7 42 38 99 4 95 64 79 57 42 2 93 23 
98 69 67 30 90 45 53 24 90 59 2 45 50 97 40 66 47 74 92 9 97 76 41 30 11 91 97 19 97 0 59 41 59 94 4 76 33 32 22 67 25 16 95 96 97 16 22 99 
77 53 60 59 62 45 85 0 17 63 76 25 77 85 17 38 9 96 16 98 52 82 71 82 12 54 94 14 2 59 0 58 91 88 33 23 30 53 11 12 7 43 76 41 82 5 19 62 
13 15 80 71 99 31 6 49 75 64 60 95 19 24 8 13 34 45 32 28 57 64 98 67 27 11 23 62 73 41 58 0 25 81 54 63 95 30 4 49 0 63 51 84 96 24 24 35 
82 14 87 11 87 53 80 29 82 42 69 54 87 88 90 26 10 26 15 14 69 72 24 84 53 21 40 20 44 59 91 25 0 2 51 17 65 26 33 14 23 12 25 42 29 14 91 79 
83 75 92 63 48 5 38 86 60 68 28 62 20 72 78 55 57 25 25 36 34 33 49 68 23 49 13 85 38 94 88 81 2 0 13 48 98 24 31 30 28 22 76 91 17 8 1 53 
34 75 46 9 35 2 15 64 29 54 71 21 59 70 51 72 20 82 71 59 6 32 71 86 7 1 75 36 54 4 33 54 51 13 0 4 23 84 66 36 72 69 32 12 31 20 17 80 
91 3 57 3 67 44 39 85 43 76 48 68 31 32 58 35 82 55 23 51 71 73 16 23 97 100 59 38 7 76 23 63 17 48 4 0 19 92 82 54 95 83 16 79 84 59 48 51 
17 74 42 6 92 51 93 98 50 67 78 73 16 72 2 38 47 13 14 64 93 38 75 77 51 95 64 45 42 33 30 95 65 98 23 19 0 31 18 93 55 18 31 8 55 10 10 85 
79 93 40 25 90 79 15 66 54 44 66 93 19 67 73 53 9 73 85 10 31 2 94 33 4 60 79 12 38 32 53 30 26 24 84 92 31 0 71 24 61 67 13 46 11 14 4 49 
23 3 19 61 93 26 88 74 40 22 56 64 11 92 38 41 96 40 86 11 8 71 74 17 63 61 50 9 99 22 11 4 33 31 66 82 18 71 0 91 84 34 13 56 92 70 77 97 
91 38 77 71 7 65 26 1 69 53 52 63 47 32 42 53 54 38 40 13 82 97 86 16 63 35 72 56 4 67 12 49 14 30 36 54 93 24 91 0 50 27 67 6 90 82 71 52 
0 95 85 26 27 82 98 48 38 81 42 71 64 32 7 57 29 31 90 45 35 1 15 26 76 89 70 54 95 25 7 0 23 28 72 95 55 61 84 50 0 79 0 0 71 30 83 64 
24 53 93 45 84 99 34 23 90 77 29 67 43 56 39 10 93 14 13 80 47 69 56 43 77 41 18 86 64 16 43 63 12 22 69 83 18 67 34 27 79 0 26 63 2 95 65 98 
79 32 52 5 69 49 12 40 1 13 12 46 92 77 55 98 18 8 26 14 4 30 38 57 69 56 10 22 79 95 76 51 25 76 32 16 31 13 13 67 0 26 0 52 66 67 84 76 
0 42 70 53 73 60 32 64 0 87 38 33 21 29 15 57 32 52 24 43 37 22 80 33 12 0 15 27 57 96 41 84 42 91 12 79 8 46 56 6 0 63 52 0 20 90 32 6 
54 60 15 69 90 5 62 65 92 30 60 93 24 95 60 84 28 71 50 36 62 36 1 27 90 98 52 80 42 97 82 96 29 17 31 84 55 11 92 90 71 2 66 20 0 98 84 45 
82 65 11 21 12 43 77 28 36 86 94 98 23 76 24 62 9 90 6 66 97 48 0 56 19 59 80 32 2 16 5 24 14 8 20 59 10 14 70 82 30 95 67 90 98 0 4 99 
33 63 82 10 78 10 98 15 8 87 32 66 6 72 94 77 34 86 76 50 17 45 40 94 45 83 28 70 93 22 19 24 91 1 17 48 10 4 77 71 83 65 84 32 84 4 0 97 
74 46 51 35 100 2 95 39 97 32 96 0 49 84 83 38 78 95 39 12 55 66 33 78 6 87 87 30 23 99 62 35 79 53 80 51 85 49 97 52 64 98 76 6 45 99 97 0 
BBBRRRBRRBBRRRBBBRBRBRBRRRBBRBRBRBBRBBRBRBRRBRBR
