38
0 13 93 55 43 87 75 81 53 75 35 13 92 11 70 67 16 78 40 98 76 81 5 96 13 70 61 53 46 24 12 4 5 61 36 79 32 56 
13 0 89 45 87 5 36 29 70 72 18 11 90 7 26 8 62 36 9 81 65 71 0 92 73 77 18 67 36 42 93 4 5 86 73 26 3 10 
93 89 0 32 6 8 47 18 66 49 73 46 88 42 71 57 31 30 66 79 8 90 83 46 32 67 1 1 76 80 82 32 56 47 36 51 29 13 
55 45 32 0 47 40 18 21 94 59 5 48 57 28 26 59 14 76 66 94 69 67 45 2 8 54 18 8 98 91 47 85 16 3 99 64 53 5 
43 87 6 47 0 26 9 66 19 2 21 62 82 62 47 72 50 64 92 8 23 83 3 88 48 22 58 21 40 3 13 89 89 21 23 90 51 2 
87 5 8 40 26 0 47 81 16 95 23 85 30 76 11 20 32 21 28 90 71 16 68 72 13 5 19 22 17 41 19 46 81 81 72 53 55 32 
75 36 47 18 9 47 0 67 73 84 4 16 49 11 58 15 60 50 8 100 2 48 4 97 62 34 98 49 50 1 62 7 89 14 26 42 45 37 
81 29 18 21 66 81 67 0 40 18 42 44 17 69 71 50 40 38 53 2 81 24 84 27 32 89 13 56 7 62 56 98 93 73 88 64 16 95 
53 70 66 94 19 16 73 40 0 60 1 60 42 78 94 83 7 16 49 79 40 26 99 39 86 84 72 85 78 44 92 84 54 57 49 1 8 12 
75 72 49 59 2 95 84 18 60 0 23 9 85 90 14 59 39 21 42 14 9 22 2 37 11 84 29 28 30 65 21 56 21 50 91 41 46 24 
35 18 73 5 21 23 4 42 1 23 0 26 57 73 45 9 14 27 28 93 12 93 85 62 97 97 76 78 28 81 36 6 22 81 49 66 88 81 
13 11 46 48 62 85 16 44 60 9 26 0 64 90 20 89 56 68 15 81 32 88 44 83 87 50 4 24 38 71 76 45 20 5 2 30 59 43 
92 90 88 57 82 30 49 17 42 85 57 64 0 56 80 31 80 31 80 91 62 49 68 73 17 66 58 15 67 31 97 43 17 38 74 22 3 98 
11 7 42 28 62 76 11 69 78 90 73 90 56 0 59 77 90 15 6 22 38 44 47 78 26 62 37 75 28 7 73 12 67 8 89 100 62 100 
70 26 71 26 47 11 58 71 94 14 45 20 80 59 0 15 27 74 65 55 13 67 99 28 15 74 5 0 11 44 21 55 30 91 28 26 80 87 
67 8 57 59 72 20 15 50 83 59 9 89 31 77 15 0 75 64 31 36 47 71 8 76 25 26 46 83 86 54 58 95 87 7 54 98 85 44 
16 62 31 14 50 32 60 40 7 39 14 56 80 90 27 75 0 88 45 87 2 65 6 97 45 11 99 97 37 62 42 0 69 9 53 17 32 15 
78 36 30 76 64 21 50 38 16 21 27 68 31 15 74 64 88 0 63 63 48 31 62 5 92 11 15 24 38 37 47 70 59 78 46 70 27 30 
40 9 66 66 92 28 8 53 49 42 28 15 80 6 65 31 45 63 0 72 79 78 88 31 38 42 99 75 8 68 60 14 68 89 46 5 3 69 
98 81 79 94 8 90 100 2 79 14 93 81 91 22 55 36 87 63 72 0 36 13 36 32 15 94 19 97 58 75 17 1 57 23 22 14 53 83 
76 65 8 69 23 71 2 81 40 9 12 32 62 38 13 47 2 48 79 36 0 98 59 88 43 12 59 12 73 97 26 50 43 97 41 67 3 91 
81 71 90 67 83 16 48 24 26 22 93 88 49 44 67 71 65 31 78 13 98 0 63 62 90 28 13 45 29 3 62 58 71 68 79 9 61 66 
5 0 83 45 3 68 4 84 99 2 85 44 68 47 99 8 6 62 88 36 59 63 0 45 67 98 83 4 29 40 16 92 10 64 5 28 21 84 
96 92 46 2 88 72 97 27 39 37 62 83 73 78 28 76 97 5 31 32 88 62 45 0 60 85 86 6 93 49 77 91 26 66 2 78 84 59 
13 73 32 8 48 13 62 32 86 11 97 87 17 26 15 25 45 92 38 15 43 90 67 60 0 21 33 37 93 63 45 71 91 43 87 54 37 19 
70 77 67 54 22 5 34 89 84 84 97 50 66 62 74 26 11 11 42 94 12 28 98 85 21 0 64 52 49 22 83 86 95 13 69 12 86 0 
61 18 1 18 58 19 98 13 72 29 76 4 58 37 5 46 99 15 99 19 59 13 83 86 33 64 0 72 24 97 35 48 21 42 76 27 90 41 
53 67 1 8 21 22 49 56 85 28 78 24 15 75 0 83 97 24 75 97 12 45 4 6 37 52 72 0 54 16 9 97 20 8 55 36 99 69 
46 36 76 98 40 17 50 7 78 30 28 38 67 28 11 86 37 38 8 58 73 29 29 93 93 49 24 54 0 82 35 74 49 64 27 74 12 49 
24 42 80 91 3 41 1 62 44 65 81 71 31 7 44 54 62 37 68 75 97 3 40 49 63 22 97 16 82 0 74 4 21 77 20 31 8 94 
12 93 82 47 13 19 62 56 92 21 36 76 97 73 21 58 42 47 60 17 26 62 16 77 45 83 35 9 35 74 0 65 57 54 24 24 53 68 
4 4 32 85 89 46 7 98 84 56 6 45 43 12 55 95 0 70 14 1 50 58 92 91 71 86 48 97 74 4 65 0 47 61 40 2 79 14 
5 5 56 16 89 81 89 93 54 21 22 20 17 67 30 87 69 59 68 57 43 71 10 26 91 95 21 20 49 21 57 47 0 44 51 56 15 47 
61 86 47 3 21 81 14 73 57 50 81 5 38 8 91 7 9 78 89 23 97 68 64 66 43 13 42 8 64 77 54 61 44 0 56 84 3 26 
36 73 36 99 23 72 26 88 49 91 49 2 74 89 28 54 53 46 46 22 41 79 5 2 87 69 76 55 27 20 24 40 51 56 0 62 48 97 
79 26 51 64 90 53 42 64 1 41 66 30 22 100 26 98 17 70 5 14 67 9 28 78 54 12 27 36 74 31 24 2 56 84 62 0 84 7 
32 3 29 53 51 55 45 16 8 46 88 59 3 62 80 85 32 27 3 53 3 61 21 84 37 86 90 99 12 8 53 79 15 3 48 84 0 40 
56 10 13 5 2 32 37 95 12 24 81 43 98 100 87 44 15 30 69 83 91 66 84 59 19 0 41 69 49 94 68 14 47 26 97 7 40 0 
RBRBBBRBBRBRBRRRBRRBBRRBBRRRBRBBRRBBBR
