48
0 31 69 58 65 28 8 32 78 13 12 58 68 37 39 31 7 87 76 95 57 49 40 25 68 83 84 8 67 7 23 70 94 71 70 45 93 79 3 0 67 35 62 11 37 60 23 72 
31 0 21 94 19 56 69 49 88 97 97 48 61 54 7 88 52 67 27 77 81 13 25 27 29 17 50 91 70 12 38 54 12 73 57 20 60 40 9 86 38 37 65 2 80 34 31 16 
69 21 0 7 15 4 69 3 61 37 70 41 10 23 66 90 39 97 62 88 91 62 53 28 53 62 30 46 51 16 82 23 26 38 25 14 86 68 76 95 65 12 17 82 9 44 51 93 
58 94 7 0 63 46 31 78 32 1 17 79 13 38 72 5 33 4 23 16 68 37 49 6 82 22 99 14 27 74 6 8 91 16 54 62 41 81 75 78 59 20 81 29 24 22 94 69 
65 19 15 63 0 57 55 18 0 17 30 76 76 3 100 40 79 5 72 19 67 69 80 39 84 88 77 73 94 74 68 60 56 55 69 27 27 65 72 78 37 53 40 15 2 42 76 19 
28 56 4 46 57 0 41 25 17 26 35 42 49 59 42 13 22 49 14 33 97 74 74 94 36 62 72 85 22 20 88 99 47 66 38 53 79 0 19 69 29 88 53 33 13 8 41 48 
8 69 69 31 55 41 0 55 26 1 7 5 17 11 91 52 62 98 3 52 78 10 13 7 28 64 12 40 37 34 60 46 37 94 69 93 88 3 28 32 51 90 9 86 51 53 28 46 
32 49 3 78 18 25 55 0 44 42 36 64 59 85 5 99 5 48 76 34 78 0 83 85 34 69 13 86 14 19 38 50 12 10 98 16 61 30 76 2 15 34 4 14 28 33 48 63 
78 88 61 32 0 17 26 44 0 21 39 69 53 13 63 63 1 56 67 100 30 86 52 35 95 1 66 5 51 14 93 59 66 91 99 47 69 45 77 23 0 62 6 90 16 74 59 93 
13 97 37 1 17 26 1 42 21 0 74 6 59 71 68 98 86 44 57 22 2 87 0 33 38 100 71 38 78 98 46 68 12 0 16 24 10 66 48 17 10 63 98 14 64 93 83 18 
12 97 70 17 30 35 7 36 39 74 0 31 44 56 30 12 54 8 57 61 50 54 57 69 38 43 22 93 18 47 80 92 7 25 2 43 49 28 2 82 39 72 82 76 88 54 19 42 
58 48 41 79 76 42 5 64 69 6 31 0 94 61 24 55 73 40 1 71 73 45 77 67 41 98 45 37 32 54 25 3 55 67 60 59 72 12 88 69 80 4 47 11 14 68 41 82 
68 61 10 13 76 49 17 59 53 59 44 94 0 93 3 46 55 21 35 65 61 58 49 91 41 100 9 53 11 32 97 3 77 90 39 5 61 2 61 1 25 40 99 28 85 43 26 42 
37 54 23 38 3 59 11 85 13 71 56 61 93 0 30 1 96 83 29 100 62 90 37 62 12 80 76 46 98 89 90 16 2 85 50 97 79 20 40 26 84 85 53 98 76 83 77 91 
39 7 66 72 100 42 91 5 63 68 30 24 3 30 0 38 93 92 48 74 72 93 21 81 66 24 94 88 1 95 69 43 33 99 98 67 33 41 100 59 83 76 52 46 76 91 47 27 
31 88 90 5 40 13 52 99 63 98 12 55 46 1 38 0 1 56 53 55 11 0 43 57 11 97 99 97 88 42 28 90 91 27 96 85 54 84 36 22 77 44 90 66 38 14 44 77 
7 52 39 33 79 22 62 5 1 86 54 73 55 96 93 1 0 35 47 72 71 82 97 4 13 59 62 60 24 59 40 99 98 83 61 65 20 36 94 25 1 17 99 86 22 70 45 99 
87 67 97 4 5 49 98 48 56 44 8 40 21 83 92 56 35 0 95 65 6 6 11 91 29 47 17 14 12 74 19 98 61 61 1 90 3 80 63 13 3 75 82 8 37 35 33 47 
76 27 62 23 72 14 3 76 67 57 57 1 35 29 48 53 47 95 0 17 35 61 22 89 47 25 62 18 50 47 0 78 94 60 86 99 100 49 8 71 79 74 95 18 86 42 74 9 
95 77 88 16 19 33 52 34 100 22 61 71 65 100 74 55 72 65 17 0 27 62 39 100 18 7 29 22 1 83 18 98 87 51 96 80 59 18 32 35 75 99 67 79 67 57 71 89 
57 81 91 68 67 97 78 78 30 2 50 73 61 62 72 11 71 6 35 27 0 29 85 40 73 0 92 39 72 4 46 71 54 4 31 19 75 84 35 51 5 72 7 55 56 91 83 48 
49 13 62 37 69 74 10 0 86 87 54 45 58 90 93 0 82 6 61 62 29 0 5 17 74 7 49 84 36 6 39 59 64 42 21 14 15 89 47 79 8 93 92 74 77 14 14 19 
40 25 53 49 80 74 13 83 52 0 57 77 49 37 21 43 97 11 22 39 85 5 0 26 71 93 42 96 49 40 27 100 38 33 47 81 16 44 99 62 28 64 90 38 49 56 62 20 
25 27 28 6 39 94 7 85 35 33 69 67 91 62 81 57 4 91 89 100 40 17 26 0 80 85 39 35 34 95 51 66 29 63 17 50 7 80 76 28 27 91 47 80 73 24 83 33 
68 29 53 82 84 36 28 34 95 38 38 41 41 12 66 11 13 29 47 18 73 74 71 80 0 72 97 30 38 2 10 18 61 53 8 94 60 20 54 18 91 68 0 71 91 54 27 40 
83 17 62 22 88 62 64 69 1 100 43 98 100 80 24 97 59 47 25 7 0 7 93 85 72 0 4 71 73 78 80 90 61 6 23 15 55 17 28 95 42 65 22 28 56 76 28 99 
84 50 30 99 77 72 12 13 66 71 22 45 9 76 94 99 62 17 62 29 92 49 42 39 97 4 0 9 26 38 66 78 88 58 63 67 18 52 47 33 86 9 86 6 48 33 12 52 
8 91 46 14 73 85 40 86 5 38 93 37 53 46 88 97 60 14 18 22 39 84 96 35 30 71 9 0 55 73 58 25 33 22 45 71 71 23 7 0 5 29 75 27 24 100 50 54 
67 70 51 27 94 22 37 14 51 78 18 32 11 98 1 88 24 12 50 1 72 36 49 34 38 73 26 55 0 87 37 27 76 96 70 2 29 65 29 90 32 45 52 89 48 77 34 38 
7 12 16 74 74 20 34 19 14 98 47 54 32 89 95 42 59 74 47 83 4 6 40 95 2 78 38 73 87 0 37 78 18 57 82 83 5 81 32 98 8 4 19 50 42 52 48 29 
23 38 82 6 68 88 60 38 93 46 80 25 97 90 69 28 40 19 0 18 46 39 27 51 10 80 66 58 37 37 0 5 4 33 31 38 35 55 30 53 64 96 63 0 46 43 43 6 
70 54 23 8 60 99 46 50 59 68 92 3 3 16 43 90 99 98 78 98 71 59 100 66 18 90 78 25 27 78 5 0 52 81 63 31 15 78 51 55 69 74 73 24 9 7 77 10 
94 12 26 91 56 47 37 12 66 12 7 55 77 2 33 91 98 61 94 87 54 64 38 29 61 61 88 33 76 18 4 52 0 48 55 70 33 27 66 20 20 67 75 36 29 66 87 8 
71 73 38 16 55 66 94 10 91 0 25 67 90 85 99 27 83 61 60 51 4 42 33 63 53 6 58 22 96 57 33 81 48 0 12 42 66 41 2 43 26 39 39 93 49 29 46 61 
70 57 25 54 69 38 69 98 99 16 2 60 39 50 98 96 61 1 86 96 31 21 47 17 8 23 63 45 70 82 31 63 55 12 0 57 39 91 29 57 98 19 87 34 85 39 20 4 
45 20 14 62 27 53 93 16 47 24 43 59 5 97 67 85 65 90 99 80 19 14 81 50 94 15 67 71 2 83 38 31 70 42 57 0 41 38 23 49 96 70 99 36 73 74 83 22 
93 60 86 41 27 79 88 61 69 10 49 72 61 79 33 54 20 3 100 59 75 15 16 7 60 55 18 71 29 5 35 15 33 66 39 41 0 84 79 66 94 8 4 60 13 53 6 56 
79 40 68 81 65 0 3 30 45 66 28 12 2 20 41 84 36 80 49 18 84 89 44 80 20 17 52 23 65 81 55 78 27 41 91 38 84 0 39 17 9 35 48 40 89 93 79 61 
3 9 76 75 72 19 28 76 77 48 2 88 61 40 100 36 94 63 8 32 35 47 99 76 54 28 47 7 29 32 30 51 66 2 29 23 79 39 0 26 100 26 22 37 30 29 42 47 
0 86 95 78 78 69 32 2 23 17 82 69 1 26 59 22 25 13 71 35 51 79 62 28 18 95 33 0 90 98 53 55 20 43 57 49 66 17 26 0 22 67 91 21 89 67 0 38 
67 38 65 59 37 29 51 15 0 10 39 80 25 84 83 77 1 3 79 75 5 8 28 27 91 42 86 5 32 8 64 69 20 26 98 96 94 9 100 22 0 89 4 68 95 6 0 52 
35 37 12 20 53 88 90 34 62 63 72 4 40 85 76 44 17 75 74 99 72 93 64 91 68 65 9 29 45 4 96 74 67 39 19 70 8 35 26 67 89 0 16 13 96 62 78 55 
62 65 17 81 40 53 9 4 6 98 82 47 99 53 52 90 99 82 95 67 7 92 90 47 0 22 86 75 52 19 63 73 75 39 87 99 4 48 22 91 4 16 0 57 1 36 54 86 
11 2 82 29 15 33 86 14 90 14 76 11 28 98 46 66 86 8 18 79 55 74 38 80 71 28 6 27 89 50 0 24 36 93 34 36 60 40 37 21 68 13 57 0 78 95 24 35 
37 80 9 24 2 13 51 28 16 64 88 14 85 76 76 38 22 37 86 67 56 77 49 73 91 56 48 24 48 42 46 9 29 49 85 73 13 89 30 89 95 96 1 78 0 11 1 63 
60 34 44 22 42 8 53 33 74 93 54 68 43 83 91 14 70 35 42 57 91 14 56 24 54 76 33 100 77 52 43 7 66 29 39 74 53 93 29 67 6 62 36 95 11 0 94 73 
23 31 51 94 76 41 28 48 59 83 19 41 26 77 47 44 45 33 74 71 83 14 62 83 27 28 12 50 34 48 43 77 87 46 20 83 6 79 42 0 0 78 54 24 1 94 0 21 
72 16 93 69 19 48 46 63 93 18 42 82 42 91 27 77 99 47 9 89 48 19 20 33 40 99 52 54 38 29 6 10 8 61 4 22 56 61 47 38 52 55 86 35 63 73 21 0 
RRBRRRBRRBBRRBBRRBRRBRBRBBBBRBRRRBBBBRBRRBRRBBBB
