46
0 8 42 33 45 13 31 74 27 81 56 64 50 21 18 56 21 34 20 51 48 38 80 59 49 11 84 24 62 43 21 93 15 97 69 89 48 86 59 32 52 97 87 50 47 91 
8 0 21 68 11 79 19 11 55 65 10 14 62 75 0 81 40 11 61 79 79 70 46 71 18 9 38 51 46 55 15 98 65 43 35 74 31 55 63 48 54 32 86 62 68 7 
42 21 0 93 83 47 100 36 87 32 70 7 73 19 7 35 10 27 25 95 7 2 99 94 85 13 86 58 48 83 88 71 98 10 40 6 17 84 14 52 39 80 71 27 43 59 
33 68 93 0 37 62 95 83 99 4 76 59 34 73 31 75 40 16 9 57 52 13 79 45 0 14 83 39 26 76 5 77 76 46 100 37 98 87 28 75 31 44 99 11 33 12 
45 11 83 37 0 21 47 54 100 33 40 17 24 92 50 47 66 34 34 22 81 32 78 67 65 18 55 8 60 16 9 22 70 34 55 54 86 4 11 26 65 38 87 22 37 39 
13 79 47 62 21 0 56 82 59 71 63 83 52 92 6 86 21 9 3 60 56 67 86 70 88 18 53 56 99 87 44 2 84 2 33 2 12 92 67 12 86 43 55 13 36 4 
31 19 100 95 47 56 0 0 58 21 93 67 26 54 48 13 88 77 78 85 33 49 87 58 0 38 16 87 19 35 46 93 80 29 34 16 47 45 11 32 99 41 45 24 26 82 
74 11 36 83 54 82 0 0 48 73 19 92 24 83 78 11 54 1 47 30 33 81 13 19 43 58 8 1 88 34 77 77 22 28 45 70 88 47 66 8 29 97 95 87 95 48 
27 55 87 99 100 59 58 48 0 60 23 31 5 26 78 54 32 60 95 38 45 47 38 62 15 62 27 3 27 70 74 53 69 40 64 94 83 1 13 1 13 36 3 39 81 81 
81 65 32 4 33 71 21 73 60 0 13 57 39 36 60 72 77 45 63 40 67 71 16 81 10 45 52 41 50 50 79 12 45 48 83 21 19 32 65 30 89 59 35 89 15 76 
56 10 70 76 40 63 93 19 23 13 0 11 95 38 93 47 39 79 33 11 39 58 83 15 89 73 68 66 46 60 12 41 52 20 17 61 20 91 84 55 24 88 44 91 59 75 
64 14 7 59 17 83 67 92 31 57 11 0 26 68 45 60 74 25 68 49 15 13 94 78 42 6 83 66 75 87 74 21 53 76 92 16 75 45 85 93 76 57 68 8 60 42 
50 62 73 34 24 52 26 24 5 39 95 26 0 95 2 66 79 72 100 31 55 9 76 17 10 62 78 7 63 41 54 17 100 71 35 27 64 99 16 70 52 20 32 99 69 43 
21 75 19 73 92 92 54 83 26 36 38 68 95 0 69 47 92 78 58 69 74 96 44 87 20 13 54 87 59 26 47 17 64 14 78 35 23 82 4 36 4 62 35 83 87 92 
18 0 7 31 50 6 48 78 78 60 93 45 2 69 0 0 91 4 3 77 75 13 73 49 47 29 83 90 63 53 66 79 29 89 41 86 93 61 90 84 26 54 12 91 37 70 
56 81 35 75 47 86 13 11 54 72 47 60 66 47 0 0 39 9 55 83 21 66 30 11 15 0 98 92 76 84 54 66 29 28 0 24 74 45 60 83 4 15 68 66 82 18 
21 40 10 40 66 21 88 54 32 77 39 74 79 92 91 39 0 29 31 66 53 2 41 38 30 63 66 19 87 20 4 28 40 15 23 24 40 96 59 30 29 92 79 21 35 4 
34 11 27 16 34 9 77 1 60 45 79 25 72 78 4 9 29 0 61 83 17 26 37 49 38 99 79 0 47 30 76 85 69 41 60 57 48 82 6 50 78 22 1 14 17 89 
20 61 25 9 34 3 78 47 95 63 33 68 100 58 3 55 31 61 0 65 15 95 81 24 2 81 29 18 28 100 11 9 37 99 52 24 30 12 67 58 42 24 8 14 4 91 
51 79 95 57 22 60 85 30 38 40 11 49 31 69 77 83 66 83 65 0 73 4 42 19 64 59 78 8 36 1 7 29 6 15 16 31 31 43 34 1 49 60 32 37 43 28 
48 79 7 52 81 56 33 33 45 67 39 15 55 74 75 21 53 17 15 73 0 80 25 31 8 38 61 78 71 56 39 72 74 85 29 89 2 15 59 33 100 98 40 12 61 50 
38 70 2 13 32 67 49 81 47 71 58 13 9 96 13 66 2 26 95 4 80 0 8 39 81 64 67 71 61 92 92 27 86 53 77 66 85 84 43 95 16 91 28 60 43 50 
80 46 99 79 78 86 87 13 38 16 83 94 76 44 73 30 41 37 81 42 25 8 0 83 85 100 47 84 49 91 100 44 17 93 66 62 71 52 67 82 54 61 78 67 98 82 
59 71 94 45 67 70 58 19 62 81 15 78 17 87 49 11 38 49 24 19 31 39 83 0 75 1 76 55 51 81 81 86 57 46 88 71 91 45 38 55 91 97 98 19 90 37 
49 18 85 0 65 88 0 43 15 10 89 42 10 20 47 15 30 38 2 64 8 81 85 75 0 34 50 76 95 68 60 48 66 18 14 2 61 26 85 86 7 40 47 80 32 58 
11 9 13 14 18 18 38 58 62 45 73 6 62 13 29 0 63 99 81 59 38 64 100 1 34 0 67 67 52 39 23 15 73 55 82 49 4 11 83 21 60 62 35 0 32 53 
84 38 86 83 55 53 16 8 27 52 68 83 78 54 83 98 66 79 29 78 61 67 47 76 50 67 0 17 79 52 19 33 21 43 31 74 2 95 69 64 5 10 39 5 9 50 
24 51 58 39 8 56 87 1 3 41 66 66 7 87 90 92 19 0 18 8 78 71 84 55 76 67 17 0 19 93 59 93 31 59 52 99 71 96 80 85 91 12 27 70 53 40 
62 46 48 26 60 99 19 88 27 50 46 75 63 59 63 76 87 47 28 36 71 61 49 51 95 52 79 19 0 56 39 1 15 54 16 36 31 92 96 24 45 86 70 76 46 2 
43 55 83 76 16 87 35 34 70 50 60 87 41 26 53 84 20 30 100 1 56 92 91 81 68 39 52 93 56 0 30 24 20 74 24 88 8 15 68 26 41 10 23 79 7 43 
21 15 88 5 9 44 46 77 74 79 12 74 54 47 66 54 4 76 11 7 39 92 100 81 60 23 19 59 39 30 0 26 73 32 54 84 14 25 20 91 100 81 68 11 80 90 
93 98 71 77 22 2 93 77 53 12 41 21 17 17 79 66 28 85 9 29 72 27 44 86 48 15 33 93 1 24 26 0 34 15 53 100 70 76 34 56 53 7 44 64 86 83 
15 65 98 76 70 84 80 22 69 45 52 53 100 64 29 29 40 69 37 6 74 86 17 57 66 73 21 31 15 20 73 34 0 7 38 60 20 32 3 64 82 75 29 74 96 21 
97 43 10 46 34 2 29 28 40 48 20 76 71 14 89 28 15 41 99 15 85 53 93 46 18 55 43 59 54 74 32 15 7 0 23 70 45 49 42 83 48 10 93 95 79 98 
69 35 40 100 55 33 34 45 64 83 17 92 35 78 41 0 23 60 52 16 29 77 66 88 14 82 31 52 16 24 54 53 38 23 0 4 6 58 85 2 61 16 61 44 55 95 
89 74 6 37 54 2 16 70 94 21 61 16 27 35 86 24 24 57 24 31 89 66 62 71 2 49 74 99 36 88 84 100 60 70 4 0 14 21 14 28 94 59 38 59 6 33 
48 31 17 98 86 12 47 88 83 19 20 75 64 23 93 74 40 48 30 31 2 85 71 91 61 4 2 71 31 8 14 70 20 45 6 14 0 81 94 2 23 55 74 36 45 12 
86 55 84 87 4 92 45 47 1 32 91 45 99 82 61 45 96 82 12 43 15 84 52 45 26 11 95 96 92 15 25 76 32 49 58 21 81 0 73 62 92 88 2 77 60 26 
59 63 14 28 11 67 11 66 13 65 84 85 16 4 90 60 59 6 67 34 59 43 67 38 85 83 69 80 96 68 20 34 3 42 85 14 94 73 0 94 27 79 8 67 66 44 
32 48 52 75 26 12 32 8 1 30 55 93 70 36 84 83 30 50 58 1 33 95 82 55 86 21 64 85 24 26 91 56 64 83 2 28 2 62 94 0 53 43 68 53 17 27 
52 54 39 31 65 86 99 29 13 89 24 76 52 4 26 4 29 78 42 49 100 16 54 91 7 60 5 91 45 41 100 53 82 48 61 94 23 92 27 53 0 36 9 3 64 54 
97 32 80 44 38 43 41 97 36 59 88 57 20 62 54 15 92 22 24 60 98 91 61 97 40 62 10 12 86 10 81 7 75 10 16 59 55 88 79 43 36 0 60 3 0 81 
87 86 71 99 87 55 45 95 3 35 44 68 32 35 12 68 79 1 8 32 40 28 78 98 47 35 39 27 70 23 68 44 29 93 61 38 74 2 8 68 9 60 0 42 11 63 
50 62 27 11 22 13 24 87 39 89 91 8 99 83 91 66 21 14 14 37 12 60 67 19 80 0 5 70 76 79 11 64 74 95 44 59 36 77 67 53 3 3 42 0 54 30 
47 68 43 33 37 36 26 95 81 15 59 60 69 87 37 82 35 17 4 43 61 43 98 90 32 32 9 53 46 7 80 86 96 79 55 6 45 60 66 17 64 0 11 54 0 52 
91 7 59 12 39 4 82 48 81 76 75 42 43 92 70 18 4 89 91 28 50 50 82 37 58 53 50 40 2 43 90 83 21 98 95 33 12 26 44 27 54 81 63 30 52 0 
BBRBBRRRRRBBBRBBRRBBRRBBRBBRRRBBRBBBBRRRRRRRBB
