38
0 69 74 44 40 100 11 31 7 14 5 81 100 58 26 73 20 90 76 83 71 79 79 84 45 82 100 13 64 3 73 41 20 1 16 42 76 43 
69 0 44 63 42 62 64 67 11 83 4 29 42 13 16 79 76 58 8 18 6 0 81 38 78 3 42 51 51 68 88 23 70 2 29 97 74 51 
74 44 0 91 4 63 58 98 45 29 77 68 2 38 90 55 67 69 39 92 24 7 53 82 29 50 68 20 32 52 63 21 54 69 60 53 53 20 
44 63 91 0 51 45 79 25 98 74 41 94 16 71 83 34 33 37 18 57 4 91 98 47 56 44 76 59 3 75 91 17 90 14 74 70 74 66 
40 42 4 51 0 2 11 56 90 21 18 99 79 95 31 71 59 31 90 17 6 35 82 86 67 75 1 91 56 72 22 100 90 76 94 99 8 42 
100 62 63 45 2 0 38 79 97 3 79 33 6 56 42 76 39 66 27 6 72 50 43 39 60 8 27 55 72 86 57 50 10 11 51 6 83 22 
11 64 58 79 11 38 0 8 70 33 23 69 35 59 44 46 81 5 12 79 27 68 64 91 78 94 37 57 44 73 90 44 20 14 45 84 37 87 
31 67 98 25 56 79 8 0 56 15 26 23 100 19 6 87 37 35 20 16 89 3 27 98 63 91 31 15 27 41 86 20 34 65 45 28 9 77 
7 11 45 98 90 97 70 56 0 42 84 18 79 90 91 8 60 1 60 22 98 33 45 39 90 47 5 78 81 54 37 42 37 33 92 50 43 7 
14 83 29 74 21 3 33 15 42 0 0 25 36 82 70 77 99 7 86 42 100 81 87 92 80 5 21 0 77 24 64 61 72 81 55 60 14 30 
5 4 77 41 18 79 23 26 84 0 0 23 42 47 87 6 70 99 57 88 20 7 62 4 38 99 67 72 92 88 41 79 65 18 47 74 81 83 
81 29 68 94 99 33 69 23 18 25 23 0 36 66 59 25 36 34 9 47 47 25 66 48 47 42 80 32 10 98 16 57 25 80 29 34 84 29 
100 42 2 16 79 6 35 100 79 36 42 36 0 60 33 74 33 7 28 6 99 15 76 31 36 66 80 76 42 54 25 69 74 55 74 60 13 23 
58 13 38 71 95 56 59 19 90 82 47 66 60 0 69 20 3 63 83 14 78 71 66 44 94 94 26 3 84 90 61 82 40 15 4 84 55 5 
26 16 90 83 31 42 44 6 91 70 87 59 33 69 0 64 80 16 77 75 61 52 83 43 83 54 23 67 22 66 50 46 85 32 52 11 7 40 
73 79 55 34 71 76 46 87 8 77 6 25 74 20 64 0 92 93 59 43 17 77 46 96 27 69 79 86 55 53 97 2 20 74 83 91 7 35 
20 76 67 33 59 39 81 37 60 99 70 36 33 3 80 92 0 64 65 97 17 59 41 65 62 6 77 96 87 7 74 26 66 31 0 70 6 57 
90 58 69 37 31 66 5 35 1 7 99 34 7 63 16 93 64 0 64 39 73 31 28 99 86 37 30 19 17 80 44 39 92 0 13 57 94 69 
76 8 39 18 90 27 12 20 60 86 57 9 28 83 77 59 65 64 0 78 15 27 52 87 74 99 23 92 85 48 94 31 9 53 66 54 88 80 
83 18 92 57 17 6 79 16 22 42 88 47 6 14 75 43 97 39 78 0 82 16 40 99 81 31 5 67 48 51 32 48 36 86 67 76 80 20 
71 6 24 4 6 72 27 89 98 100 20 47 99 78 61 17 17 73 15 82 0 62 72 38 38 50 16 3 2 50 31 68 39 20 43 98 80 4 
79 0 7 91 35 50 68 3 33 81 7 25 15 71 52 77 59 31 27 16 62 0 54 55 30 65 25 13 33 57 21 25 69 52 36 67 61 90 
79 81 53 98 82 43 64 27 45 87 62 66 76 66 83 46 41 28 52 40 72 54 0 47 52 44 57 82 80 72 38 5 7 30 25 23 28 61 
84 38 82 47 86 39 91 98 39 92 4 48 31 44 43 96 65 99 87 99 38 55 47 0 66 67 70 85 67 37 58 79 14 51 98 92 24 58 
45 78 29 56 67 60 78 63 90 80 38 47 36 94 83 27 62 86 74 81 38 30 52 66 0 26 68 92 52 6 40 45 79 70 54 69 100 43 
82 3 50 44 75 8 94 91 47 5 99 42 66 94 54 69 6 37 99 31 50 65 44 67 26 0 70 21 55 32 42 45 13 31 38 47 19 90 
100 42 68 76 1 27 37 31 5 21 67 80 80 26 23 79 77 30 23 5 16 25 57 70 68 70 0 97 55 9 67 19 71 97 36 52 44 84 
13 51 20 59 91 55 57 15 78 0 72 32 76 3 67 86 96 19 92 67 3 13 82 85 92 21 97 0 89 23 17 26 59 60 98 14 40 94 
64 51 32 3 56 72 44 27 81 77 92 10 42 84 22 55 87 17 85 48 2 33 80 67 52 55 55 89 0 51 69 93 93 54 4 53 44 1 
3 68 52 75 72 86 73 41 54 24 88 98 54 90 66 53 7 80 48 51 50 57 72 37 6 32 9 23 51 0 40 2 53 62 90 90 39 15 
73 88 63 91 22 57 90 86 37 64 41 16 25 61 50 97 74 44 94 32 31 21 38 58 40 42 67 17 69 40 0 88 9 70 55 0 46 68 
41 23 21 17 100 50 44 20 42 61 79 57 69 82 46 2 26 39 31 48 68 25 5 79 45 45 19 26 93 2 88 0 15 80 100 42 48 29 
20 70 54 90 90 10 20 34 37 72 65 25 74 40 85 20 66 92 9 36 39 69 7 14 79 13 71 59 93 53 9 15 0 81 37 76 2 31 
1 2 69 14 76 11 14 65 33 81 18 80 55 15 32 74 31 0 53 86 20 52 30 51 70 31 97 60 54 62 70 80 81 0 88 50 44 6 
16 29 60 74 94 51 45 45 92 55 47 29 74 4 52 83 0 13 66 67 43 36 25 98 54 38 36 98 4 90 55 100 37 88 0 23 4 100 
42 97 53 70 99 6 84 28 50 60 74 34 60 84 11 91 70 57 54 76 98 67 23 92 69 47 52 14 53 90 0 42 76 50 23 0 20 20 
76 74 53 74 8 83 37 9 43 14 81 84 13 55 7 7 6 94 88 80 80 61 28 24 100 19 44 40 44 39 46 48 2 44 4 20 0 65 
43 51 20 66 42 22 87 77 7 30 83 29 23 5 40 35 57 69 80 20 4 90 61 58 43 90 84 94 1 15 68 29 31 6 100 20 65 0 
BRBBRBBRRRBBRRRBRRBBRRBBBBBBBRRRRRBRRB
