46
0 8 57 84 39 66 15 16 59 90 70 50 49 45 73 13 73 80 49 95 50 75 96 46 6 89 53 30 15 40 30 91 37 99 90 25 26 22 16 23 63 46 2 17 29 21 
8 0 27 97 16 22 65 80 62 4 13 69 6 4 65 67 8 58 75 56 46 33 23 68 9 51 3 28 52 51 37 21 54 66 17 94 43 92 40 100 56 87 12 80 81 25 
57 27 0 30 46 61 66 64 41 66 70 64 100 77 28 82 68 24 50 16 71 52 89 89 88 24 29 42 89 13 93 29 39 30 26 73 8 76 10 99 14 59 14 7 78 34 
84 97 30 0 54 51 49 38 36 68 38 89 5 24 26 6 0 38 85 1 61 84 63 86 58 70 27 82 46 76 84 89 67 66 4 88 36 36 53 84 80 26 58 66 41 20 
39 16 46 54 0 49 10 42 80 80 72 57 67 32 100 26 16 43 81 5 0 42 20 1 90 7 11 18 72 17 3 76 80 54 75 90 49 17 99 20 43 12 10 89 48 86 
66 22 61 51 49 0 45 56 60 80 90 40 42 99 59 4 80 26 86 96 3 52 40 19 44 17 100 95 2 48 5 2 74 7 96 55 33 27 40 22 3 45 7 63 50 32 
15 65 66 49 10 45 0 44 80 98 81 85 10 2 86 11 100 71 12 38 24 15 13 4 6 47 73 19 14 92 13 80 89 31 82 34 57 48 66 72 57 91 59 21 43 48 
16 80 64 38 42 56 44 0 97 21 10 46 24 55 72 14 63 48 19 62 22 57 86 33 46 82 40 21 48 56 77 40 61 16 71 96 79 39 31 83 48 88 14 63 87 46 
59 62 41 36 80 60 80 97 0 4 4 56 64 12 63 44 29 4 82 32 52 55 86 44 42 48 72 9 16 13 14 37 1 84 61 48 68 94 88 23 34 17 98 20 32 87 
90 4 66 68 80 80 98 21 4 0 92 100 76 15 100 100 66 32 40 50 86 4 25 94 35 65 47 61 68 69 28 55 77 82 69 46 50 21 10 13 85 62 36 15 67 11 
70 13 70 38 72 90 81 10 4 92 0 47 60 51 88 99 91 81 71 64 2 7 16 97 5 8 54 21 62 77 51 37 63 94 28 55 50 42 57 21 29 1 67 16 22 70 
50 69 64 89 57 40 85 46 56 100 47 0 6 58 30 34 77 2 59 47 36 53 57 43 100 13 87 80 66 22 10 11 34 62 98 1 2 93 14 9 76 26 13 48 31 27 
49 6 100 5 67 42 10 24 64 76 60 6 0 98 3 55 16 2 22 50 88 94 20 42 61 28 7 21 39 76 11 18 82 87 99 77 82 30 74 24 19 5 93 18 14 35 
45 4 77 24 32 99 2 55 12 15 51 58 98 0 43 71 54 27 20 53 82 38 57 22 18 89 62 64 61 72 12 47 39 15 98 63 48 26 4 65 26 88 92 26 76 53 
73 65 28 26 100 59 86 72 63 100 88 30 3 43 0 91 41 96 63 15 26 18 38 15 73 35 68 70 7 81 26 52 80 35 25 88 18 46 85 35 88 60 72 96 28 13 
13 67 82 6 26 4 11 14 44 100 99 34 55 71 91 0 85 66 79 24 58 54 76 18 36 19 72 81 27 39 68 54 97 3 76 52 85 29 52 68 85 7 91 86 79 2 
73 8 68 0 16 80 100 63 29 66 91 77 16 54 41 85 0 5 21 97 97 11 90 78 59 52 44 41 21 10 17 44 56 28 55 55 86 20 25 61 75 91 17 30 42 70 
80 58 24 38 43 26 71 48 4 32 81 2 2 27 96 66 5 0 4 73 76 63 52 84 12 83 13 29 59 97 55 7 99 13 87 39 72 25 99 49 91 56 42 42 15 70 
49 75 50 85 81 86 12 19 82 40 71 59 22 20 63 79 21 4 0 98 57 34 72 14 48 81 39 73 74 33 60 30 8 83 42 4 17 21 92 39 50 9 75 48 62 11 
95 56 16 1 5 96 38 62 32 50 64 47 50 53 15 24 97 73 98 0 86 82 77 87 19 46 100 81 17 34 73 75 65 61 15 54 57 85 19 75 90 26 21 39 63 53 
50 46 71 61 0 3 24 22 52 86 2 36 88 82 26 58 97 76 57 86 0 11 35 25 77 31 64 68 51 99 82 15 4 63 16 3 12 35 14 89 2 13 36 84 94 14 
75 33 52 84 42 52 15 57 55 4 7 53 94 38 18 54 11 63 34 82 11 0 55 22 31 71 16 93 53 81 60 21 43 70 83 73 76 41 97 87 97 50 50 66 0 62 
96 23 89 63 20 40 13 86 86 25 16 57 20 57 38 76 90 52 72 77 35 55 0 50 33 34 39 76 44 7 35 23 25 77 0 4 0 67 6 27 67 54 57 97 38 73 
46 68 89 86 1 19 4 33 44 94 97 43 42 22 15 18 78 84 14 87 25 22 50 0 13 38 57 45 75 86 19 96 16 18 67 90 26 41 44 94 49 41 88 47 76 78 
6 9 88 58 90 44 6 46 42 35 5 100 61 18 73 36 59 12 48 19 77 31 33 13 0 50 41 11 19 29 14 17 59 37 15 39 50 69 22 33 68 87 13 91 83 68 
89 51 24 70 7 17 47 82 48 65 8 13 28 89 35 19 52 83 81 46 31 71 34 38 50 0 47 11 26 8 81 24 21 71 0 42 31 88 47 2 87 46 13 97 68 57 
53 3 29 27 11 100 73 40 72 47 54 87 7 62 68 72 44 13 39 100 64 16 39 57 41 47 0 41 34 13 97 89 40 81 19 20 89 77 18 42 41 86 77 27 25 12 
30 28 42 82 18 95 19 21 9 61 21 80 21 64 70 81 41 29 73 81 68 93 76 45 11 11 41 0 98 9 72 14 72 34 43 81 97 17 60 60 42 35 93 37 81 11 
15 52 89 46 72 2 14 48 16 68 62 66 39 61 7 27 21 59 74 17 51 53 44 75 19 26 34 98 0 18 6 20 62 71 54 76 73 53 92 12 75 32 86 84 37 76 
40 51 13 76 17 48 92 56 13 69 77 22 76 72 81 39 10 97 33 34 99 81 7 86 29 8 13 9 18 0 91 95 65 83 38 61 30 34 45 36 2 23 45 10 37 25 
30 37 93 84 3 5 13 77 14 28 51 10 11 12 26 68 17 55 60 73 82 60 35 19 14 81 97 72 6 91 0 33 25 60 42 30 3 60 81 51 94 77 6 51 26 76 
91 21 29 89 76 2 80 40 37 55 37 11 18 47 52 54 44 7 30 75 15 21 23 96 17 24 89 14 20 95 33 0 85 51 4 43 34 43 40 3 20 21 39 56 14 80 
37 54 39 67 80 74 89 61 1 77 63 34 82 39 80 97 56 99 8 65 4 43 25 16 59 21 40 72 62 65 25 85 0 52 38 1 88 91 72 96 74 23 97 32 90 17 
99 66 30 66 54 7 31 16 84 82 94 62 87 15 35 3 28 13 83 61 63 70 77 18 37 71 81 34 71 83 60 51 52 0 24 40 20 2 82 83 57 9 97 86 43 67 
90 17 26 4 75 96 82 71 61 69 28 98 99 98 25 76 55 87 42 15 16 83 0 67 15 0 19 43 54 38 42 4 38 24 0 86 81 69 80 69 90 59 0 0 76 5 
25 94 73 88 90 55 34 96 48 46 55 1 77 63 88 52 55 39 4 54 3 73 4 90 39 42 20 81 76 61 30 43 1 40 86 0 81 35 37 93 23 63 6 12 53 93 
26 43 8 36 49 33 57 79 68 50 50 2 82 48 18 85 86 72 17 57 12 76 0 26 50 31 89 97 73 30 3 34 88 20 81 81 0 70 86 60 79 46 31 22 27 28 
22 92 76 36 17 27 48 39 94 21 42 93 30 26 46 29 20 25 21 85 35 41 67 41 69 88 77 17 53 34 60 43 91 2 69 35 70 0 33 30 54 4 60 46 41 24 
16 40 10 53 99 40 66 31 88 10 57 14 74 4 85 52 25 99 92 19 14 97 6 44 22 47 18 60 92 45 81 40 72 82 80 37 86 33 0 48 91 9 11 10 6 6 
23 100 99 84 20 22 72 83 23 13 21 9 24 65 35 68 61 49 39 75 89 87 27 94 33 2 42 60 12 36 51 3 96 83 69 93 60 30 48 0 73 36 51 38 79 14 
63 56 14 80 43 3 57 48 34 85 29 76 19 26 88 85 75 91 50 90 2 97 67 49 68 87 41 42 75 2 94 20 74 57 90 23 79 54 91 73 0 95 41 100 54 5 
46 87 59 26 12 45 91 88 17 62 1 26 5 88 60 7 91 56 9 26 13 50 54 41 87 46 86 35 32 23 77 21 23 9 59 63 46 4 9 36 95 0 52 81 20 68 
2 12 14 58 10 7 59 14 98 36 67 13 93 92 72 91 17 42 75 21 36 50 57 88 13 13 77 93 86 45 6 39 97 97 0 6 31 60 11 51 41 52 0 33 89 100 
17 80 7 66 89 63 21 63 20 15 16 48 18 26 96 86 30 42 48 39 84 66 97 47 91 97 27 37 84 10 51 56 32 86 0 12 22 46 10 38 100 81 33 0 48 44 
29 81 78 41 48 50 43 87 32 67 22 31 14 76 28 79 42 15 62 63 94 0 38 76 83 68 25 81 37 37 26 14 90 43 76 53 27 41 6 79 54 20 89 48 0 91 
21 25 34 20 86 32 48 46 87 11 70 27 35 53 13 2 70 70 11 53 14 62 73 78 68 57 12 11 76 25 76 80 17 67 5 93 28 24 6 14 5 68 100 44 91 0 
RRBBBRRBRBBBRBBRRRBRBBBRRRBBBBRRBRRRRBBRRRBBRB
