50
0 2 33 76 90 72 17 4 38 15 50 29 69 67 6 59 39 75 57 18 34 60 60 58 82 29 87 96 35 56 61 32 8 25 20 89 95 12 80 96 22 8 37 41 47 100 43 62 26 2 
2 0 9 65 49 93 61 44 73 95 34 72 34 83 73 36 5 38 81 62 51 18 65 68 64 34 32 63 93 31 72 53 82 87 39 56 39 96 88 59 81 32 31 91 77 7 16 48 8 74 
33 9 0 3 66 84 0 23 32 44 89 39 19 3 2 20 54 53 0 99 91 19 89 2 91 67 59 77 7 83 17 96 84 61 31 92 37 47 45 66 34 68 32 47 14 31 100 45 4 44 
76 65 3 0 73 0 83 91 9 87 10 16 88 21 95 16 37 89 20 57 84 21 87 17 74 58 32 22 8 5 52 96 68 7 100 98 12 49 33 53 28 65 94 74 34 94 50 85 33 5 
90 49 66 73 0 85 80 77 62 22 6 1 70 74 87 1 92 44 34 58 63 99 82 66 74 27 98 90 48 95 11 32 56 93 98 16 55 28 18 57 63 90 51 83 3 9 16 46 43 18 
72 93 84 0 85 0 56 16 42 1 87 18 47 26 89 50 16 7 69 44 66 14 65 41 20 12 90 83 30 78 81 17 72 74 96 54 1 43 5 13 11 37 9 7 12 78 24 50 3 22 
17 61 0 83 80 56 0 99 54 80 8 80 11 6 63 60 85 47 97 63 27 61 83 4 82 89 44 25 66 10 100 91 6 52 0 5 11 91 35 26 77 6 23 15 73 13 33 7 51 20 
4 44 23 91 77 16 99 0 72 17 87 63 24 53 65 90 47 44 41 48 22 81 5 41 88 4 58 34 48 83 6 2 94 15 6 26 58 66 55 3 90 90 60 10 64 48 68 80 40 61 
38 73 32 9 62 42 54 72 0 63 80 3 86 55 26 20 61 31 37 35 38 46 91 23 35 81 37 63 9 67 96 22 30 11 16 20 67 23 17 44 72 60 59 75 16 48 27 51 71 31 
15 95 44 87 22 1 80 17 63 0 7 58 49 43 33 60 16 55 30 40 94 72 90 6 68 31 79 98 12 31 37 8 59 15 13 37 91 70 1 39 66 28 4 52 91 48 76 77 90 13 
50 34 89 10 6 87 8 87 80 7 0 14 28 96 58 19 41 53 56 44 12 46 77 60 19 24 91 14 68 73 96 54 94 61 45 43 4 53 21 44 27 91 5 37 13 39 87 90 83 53 
29 72 39 16 1 18 80 63 3 58 14 0 29 11 77 45 77 93 59 54 89 20 56 39 30 94 37 55 27 42 2 39 5 84 37 49 80 68 58 52 18 8 4 15 67 75 20 13 99 63 
69 34 19 88 70 47 11 24 86 49 28 29 0 98 46 55 35 52 69 86 63 5 25 89 80 72 58 73 23 100 34 73 1 83 9 9 45 41 66 76 82 9 82 44 78 95 99 25 71 20 
67 83 3 21 74 26 6 53 55 43 96 11 98 0 86 45 55 57 42 28 89 65 84 4 40 73 82 83 93 87 23 65 31 88 49 44 58 95 74 43 85 1 71 2 24 56 11 27 75 66 
6 73 2 95 87 89 63 65 26 33 58 77 46 86 0 6 15 75 22 16 6 74 45 13 24 26 62 74 84 29 62 75 33 26 16 27 29 94 21 87 46 88 39 75 21 94 36 64 59 34 
59 36 20 16 1 50 60 90 20 60 19 45 55 45 6 0 44 56 37 97 16 30 82 26 67 91 25 19 2 54 87 24 90 63 89 36 51 33 9 32 26 75 15 87 48 48 40 75 37 5 
39 5 54 37 92 16 85 47 61 16 41 77 35 55 15 44 0 7 58 77 39 50 61 67 39 27 37 16 91 43 44 69 75 30 47 85 61 38 5 48 1 17 12 78 85 97 40 98 37 42 
75 38 53 89 44 7 47 44 31 55 53 93 52 57 75 56 7 0 20 24 1 91 36 21 1 94 1 32 77 32 63 5 27 26 28 53 58 78 23 67 41 75 93 84 42 22 68 12 36 16 
57 81 0 20 34 69 97 41 37 30 56 59 69 42 22 37 58 20 0 11 69 51 99 15 75 33 73 35 60 30 9 71 5 91 71 43 6 43 25 54 97 92 68 41 75 14 80 42 96 68 
18 62 99 57 58 44 63 48 35 40 44 54 86 28 16 97 77 24 11 0 3 28 94 65 32 9 7 50 14 97 21 35 4 57 29 59 45 19 80 41 94 87 23 65 30 22 88 15 56 84 
34 51 91 84 63 66 27 22 38 94 12 89 63 89 6 16 39 1 69 3 0 98 40 33 5 66 51 15 27 97 47 46 45 90 3 8 89 82 50 71 45 51 63 80 11 11 58 16 81 3 
60 18 19 21 99 14 61 81 46 72 46 20 5 65 74 30 50 91 51 28 98 0 84 84 5 24 72 55 76 42 17 69 42 18 79 11 35 87 66 49 74 64 39 47 57 86 32 12 48 94 
60 65 89 87 82 65 83 5 91 90 77 56 25 84 45 82 61 36 99 94 40 84 0 7 99 80 77 83 99 64 19 95 86 79 57 59 63 39 1 49 100 74 60 64 14 26 40 25 72 47 
58 68 2 17 66 41 4 41 23 6 60 39 89 4 13 26 67 21 15 65 33 84 7 0 17 0 45 86 57 18 0 31 76 21 52 2 96 57 16 52 12 43 10 37 4 73 71 74 53 71 
82 64 91 74 74 20 82 88 35 68 19 30 80 40 24 67 39 1 75 32 5 5 99 17 0 91 38 93 3 82 72 53 65 76 55 28 6 22 17 40 64 49 78 66 18 93 76 92 13 75 
29 34 67 58 27 12 89 4 81 31 24 94 72 73 26 91 27 94 33 9 66 24 80 0 91 0 70 73 78 19 32 2 75 63 55 52 66 17 37 30 24 53 51 6 45 57 21 45 98 2 
87 32 59 32 98 90 44 58 37 79 91 37 58 82 62 25 37 1 73 7 51 72 77 45 38 70 0 49 0 1 52 19 27 79 11 22 91 88 83 41 39 55 17 46 100 1 17 79 24 79 
96 63 77 22 90 83 25 34 63 98 14 55 73 83 74 19 16 32 35 50 15 55 83 86 93 73 49 0 32 37 18 66 1 93 61 25 39 26 31 93 76 19 25 20 18 97 65 17 76 8 
35 93 7 8 48 30 66 48 9 12 68 27 23 93 84 2 91 77 60 14 27 76 99 57 3 78 0 32 0 57 81 45 6 95 80 36 66 61 10 19 41 72 33 41 60 7 39 95 24 54 
56 31 83 5 95 78 10 83 67 31 73 42 100 87 29 54 43 32 30 97 97 42 64 18 82 19 1 37 57 0 70 51 81 55 34 61 14 3 39 90 76 49 23 80 59 65 50 47 59 25 
61 72 17 52 11 81 100 6 96 37 96 2 34 23 62 87 44 63 9 21 47 17 19 0 72 32 52 18 81 70 0 10 59 65 25 81 37 59 99 54 73 48 36 82 70 77 91 60 70 57 
32 53 96 96 32 17 91 2 22 8 54 39 73 65 75 24 69 5 71 35 46 69 95 31 53 2 19 66 45 51 10 0 92 1 16 17 11 30 45 37 41 26 37 81 56 95 57 10 49 39 
8 82 84 68 56 72 6 94 30 59 94 5 1 31 33 90 75 27 5 4 45 42 86 76 65 75 27 1 6 81 59 92 0 68 78 57 21 50 57 31 77 76 87 82 95 22 94 10 48 8 
25 87 61 7 93 74 52 15 11 15 61 84 83 88 26 63 30 26 91 57 90 18 79 21 76 63 79 93 95 55 65 1 68 0 53 83 80 11 47 26 22 26 87 75 92 14 42 61 61 56 
20 39 31 100 98 96 0 6 16 13 45 37 9 49 16 89 47 28 71 29 3 79 57 52 55 55 11 61 80 34 25 16 78 53 0 33 3 78 1 63 40 40 27 21 43 37 64 81 1 77 
89 56 92 98 16 54 5 26 20 37 43 49 9 44 27 36 85 53 43 59 8 11 59 2 28 52 22 25 36 61 81 17 57 83 33 0 44 69 28 14 59 87 12 40 60 83 55 50 31 79 
95 39 37 12 55 1 11 58 67 91 4 80 45 58 29 51 61 58 6 45 89 35 63 96 6 66 91 39 66 14 37 11 21 80 3 44 0 63 36 11 28 91 99 98 59 31 68 34 3 80 
12 96 47 49 28 43 91 66 23 70 53 68 41 95 94 33 38 78 43 19 82 87 39 57 22 17 88 26 61 3 59 30 50 11 78 69 63 0 97 3 39 98 68 0 100 59 57 22 10 63 
80 88 45 33 18 5 35 55 17 1 21 58 66 74 21 9 5 23 25 80 50 66 1 16 17 37 83 31 10 39 99 45 57 47 1 28 36 97 0 76 37 81 57 83 95 67 73 88 45 61 
96 59 66 53 57 13 26 3 44 39 44 52 76 43 87 32 48 67 54 41 71 49 49 52 40 30 41 93 19 90 54 37 31 26 63 14 11 3 76 0 30 66 70 61 15 76 17 40 57 99 
22 81 34 28 63 11 77 90 72 66 27 18 82 85 46 26 1 41 97 94 45 74 100 12 64 24 39 76 41 76 73 41 77 22 40 59 28 39 37 30 0 75 93 84 37 27 90 50 17 77 
8 32 68 65 90 37 6 90 60 28 91 8 9 1 88 75 17 75 92 87 51 64 74 43 49 53 55 19 72 49 48 26 76 26 40 87 91 98 81 66 75 0 41 89 10 12 14 84 45 77 
37 31 32 94 51 9 23 60 59 4 5 4 82 71 39 15 12 93 68 23 63 39 60 10 78 51 17 25 33 23 36 37 87 87 27 12 99 68 57 70 93 41 0 1 53 67 37 7 19 15 
41 91 47 74 83 7 15 10 75 52 37 15 44 2 75 87 78 84 41 65 80 47 64 37 66 6 46 20 41 80 82 81 82 75 21 40 98 0 83 61 84 89 1 0 11 8 82 55 26 9 
47 77 14 34 3 12 73 64 16 91 13 67 78 24 21 48 85 42 75 30 11 57 14 4 18 45 100 18 60 59 70 56 95 92 43 60 59 100 95 15 37 10 53 11 0 100 91 99 46 78 
100 7 31 94 9 78 13 48 48 48 39 75 95 56 94 48 97 22 14 22 11 86 26 73 93 57 1 97 7 65 77 95 22 14 37 83 31 59 67 76 27 12 67 8 100 0 78 48 86 72 
43 16 100 50 16 24 33 68 27 76 87 20 99 11 36 40 40 68 80 88 58 32 40 71 76 21 17 65 39 50 91 57 94 42 64 55 68 57 73 17 90 14 37 82 91 78 0 36 69 65 
62 48 45 85 46 50 7 80 51 77 90 13 25 27 64 75 98 12 42 15 16 12 25 74 92 45 79 17 95 47 60 10 10 61 81 50 34 22 88 40 50 84 7 55 99 48 36 0 67 39 
26 8 4 33 43 3 51 40 71 90 83 99 71 75 59 37 37 36 96 56 81 48 72 53 13 98 24 76 24 59 70 49 48 61 1 31 3 10 45 57 17 45 19 26 46 86 69 67 0 20 
2 74 44 5 18 22 20 61 31 13 53 63 20 66 34 5 42 16 68 84 3 94 47 71 75 2 79 8 54 25 57 39 8 56 77 79 80 63 61 99 77 77 15 9 78 72 65 39 20 0 
BRBRBRRRRRBRBBRBBRBBBBRRRRRBBRBBRRBRBRBBRBRRRBBBBR
