46
0 96 76 88 76 12 84 23 0 10 34 0 60 27 19 59 71 90 72 5 18 3 89 81 98 6 33 6 45 91 50 41 91 37 2 81 66 61 88 13 46 64 47 39 57 13 
96 0 83 67 20 29 96 64 71 21 48 45 88 3 31 89 66 56 93 38 73 42 69 16 54 74 98 46 62 70 22 67 50 64 37 75 41 10 38 93 5 31 5 36 44 78 
76 83 0 38 5 24 78 6 6 12 97 71 86 100 55 76 90 37 87 39 5 33 98 61 29 99 37 69 83 75 48 68 65 63 13 67 32 63 24 78 80 79 10 69 75 56 
88 67 38 0 10 97 94 62 0 17 56 8 38 22 58 72 56 2 35 15 24 67 22 37 93 72 58 24 87 99 78 15 0 22 12 23 40 9 61 56 90 73 75 18 35 37 
76 20 5 10 0 34 77 1 82 77 37 15 18 76 36 23 2 85 100 24 31 60 70 33 48 51 65 39 100 47 19 82 94 67 17 64 85 86 86 26 80 57 78 48 95 23 
12 29 24 97 34 0 0 40 73 19 41 94 63 11 43 28 60 58 39 11 43 83 19 22 35 3 27 84 61 78 18 86 12 1 17 95 52 92 16 46 88 91 95 3 94 39 
84 96 78 94 77 0 0 35 3 66 8 56 92 74 79 38 94 92 24 15 80 61 24 68 25 99 48 0 80 76 76 52 18 45 4 61 77 17 7 84 16 79 47 53 98 100 
23 64 6 62 1 40 35 0 7 15 5 77 34 64 53 4 54 81 92 28 59 12 77 27 8 65 76 100 1 1 81 72 97 7 74 84 55 69 66 99 59 21 2 9 14 11 
0 71 6 0 82 73 3 7 0 25 96 94 60 97 82 21 35 45 15 74 38 54 17 84 46 59 77 99 12 24 14 9 15 81 61 59 48 16 55 46 17 66 65 66 17 85 
10 21 12 17 77 19 66 15 25 0 88 77 100 59 9 53 85 23 35 64 15 39 91 75 100 76 42 100 67 94 81 15 39 74 15 68 23 28 25 50 11 4 92 73 63 15 
34 48 97 56 37 41 8 5 96 88 0 47 97 8 54 56 87 36 88 93 28 44 91 79 60 35 12 95 33 67 52 36 74 20 94 40 28 97 97 90 38 89 94 57 63 40 
0 45 71 8 15 94 56 77 94 77 47 0 57 41 84 97 18 83 14 25 22 48 69 5 59 41 18 11 96 86 24 25 39 80 34 49 44 77 3 94 31 8 33 92 60 99 
60 88 86 38 18 63 92 34 60 100 97 57 0 80 48 41 5 70 87 73 34 20 1 89 100 3 56 58 8 100 71 40 33 63 28 62 21 40 46 18 70 12 57 81 21 21 
27 3 100 22 76 11 74 64 97 59 8 41 80 0 6 8 52 86 85 62 61 93 82 22 20 46 54 10 39 15 35 0 33 5 40 33 56 40 59 3 9 13 4 33 44 97 
19 31 55 58 36 43 79 53 82 9 54 84 48 6 0 50 20 83 15 10 65 27 76 68 41 44 92 92 87 2 92 43 87 4 27 89 59 82 43 67 0 14 77 42 93 38 
59 89 76 72 23 28 38 4 21 53 56 97 41 8 50 0 67 70 91 63 97 55 32 27 93 67 45 75 22 50 8 52 2 67 84 2 63 96 92 14 82 21 38 66 45 57 
71 66 90 56 2 60 94 54 35 85 87 18 5 52 20 67 0 61 73 81 56 94 88 52 47 83 81 66 70 10 63 64 53 33 31 39 41 31 75 19 84 13 74 27 42 73 
90 56 37 2 85 58 92 81 45 23 36 83 70 86 83 70 61 0 8 18 55 78 22 12 37 93 97 41 73 13 12 48 93 88 24 55 10 13 67 34 0 36 20 12 80 20 
72 93 87 35 100 39 24 92 15 35 88 14 87 85 15 91 73 8 0 8 49 25 59 28 33 37 52 69 76 6 34 11 70 40 10 91 37 29 71 54 27 11 1 68 88 50 
5 38 39 15 24 11 15 28 74 64 93 25 73 62 10 63 81 18 8 0 30 80 90 70 3 61 6 86 46 77 39 56 79 99 31 47 9 32 0 37 100 81 98 95 1 1 
18 73 5 24 31 43 80 59 38 15 28 22 34 61 65 97 56 55 49 30 0 93 8 97 33 54 17 67 57 25 3 50 32 47 50 33 35 95 31 40 90 41 38 27 65 92 
3 42 33 67 60 83 61 12 54 39 44 48 20 93 27 55 94 78 25 80 93 0 35 9 39 71 28 41 59 14 23 81 39 18 14 11 88 59 1 26 43 46 82 79 72 54 
89 69 98 22 70 19 24 77 17 91 91 69 1 82 76 32 88 22 59 90 8 35 0 9 77 4 87 51 4 43 70 87 36 28 14 41 35 10 61 65 93 34 100 52 22 75 
81 16 61 37 33 22 68 27 84 75 79 5 89 22 68 27 52 12 28 70 97 9 9 0 33 72 56 61 62 61 43 1 77 15 57 12 99 93 22 10 28 67 18 62 26 71 
98 54 29 93 48 35 25 8 46 100 60 59 100 20 41 93 47 37 33 3 33 39 77 33 0 32 44 85 19 69 11 62 8 21 71 100 7 48 63 46 12 93 45 5 85 11 
6 74 99 72 51 3 99 65 59 76 35 41 3 46 44 67 83 93 37 61 54 71 4 72 32 0 88 11 68 46 5 88 77 61 96 90 46 49 97 38 49 60 96 66 21 92 
33 98 37 58 65 27 48 76 77 42 12 18 56 54 92 45 81 97 52 6 17 28 87 56 44 88 0 8 57 28 71 31 64 91 60 55 45 71 59 52 53 92 4 41 30 96 
6 46 69 24 39 84 0 100 99 100 95 11 58 10 92 75 66 41 69 86 67 41 51 61 85 11 8 0 16 65 21 97 96 56 30 42 98 10 6 80 100 63 36 60 54 72 
45 62 83 87 100 61 80 1 12 67 33 96 8 39 87 22 70 73 76 46 57 59 4 62 19 68 57 16 0 65 16 68 13 73 34 33 43 1 85 45 17 48 59 77 3 16 
91 70 75 99 47 78 76 1 24 94 67 86 100 15 2 50 10 13 6 77 25 14 43 61 69 46 28 65 65 0 84 93 89 84 2 25 33 92 59 94 8 86 53 49 13 43 
50 22 48 78 19 18 76 81 14 81 52 24 71 35 92 8 63 12 34 39 3 23 70 43 11 5 71 21 16 84 0 90 100 51 88 100 51 24 56 89 11 38 20 43 43 98 
41 67 68 15 82 86 52 72 9 15 36 25 40 0 43 52 64 48 11 56 50 81 87 1 62 88 31 97 68 93 90 0 58 6 47 24 74 89 96 60 31 43 9 3 82 52 
91 50 65 0 94 12 18 97 15 39 74 39 33 33 87 2 53 93 70 79 32 39 36 77 8 77 64 96 13 89 100 58 0 2 0 92 43 50 18 71 99 85 65 67 92 57 
37 64 63 22 67 1 45 7 81 74 20 80 63 5 4 67 33 88 40 99 47 18 28 15 21 61 91 56 73 84 51 6 2 0 44 92 7 88 55 67 9 62 36 11 8 49 
2 37 13 12 17 17 4 74 61 15 94 34 28 40 27 84 31 24 10 31 50 14 14 57 71 96 60 30 34 2 88 47 0 44 0 24 65 9 38 77 43 49 33 45 7 8 
81 75 67 23 64 95 61 84 59 68 40 49 62 33 89 2 39 55 91 47 33 11 41 12 100 90 55 42 33 25 100 24 92 92 24 0 69 45 90 5 48 76 93 96 55 94 
66 41 32 40 85 52 77 55 48 23 28 44 21 56 59 63 41 10 37 9 35 88 35 99 7 46 45 98 43 33 51 74 43 7 65 69 0 57 53 7 63 77 75 33 25 92 
61 10 63 9 86 92 17 69 16 28 97 77 40 40 82 96 31 13 29 32 95 59 10 93 48 49 71 10 1 92 24 89 50 88 9 45 57 0 86 33 52 27 21 82 13 79 
88 38 24 61 86 16 7 66 55 25 97 3 46 59 43 92 75 67 71 0 31 1 61 22 63 97 59 6 85 59 56 96 18 55 38 90 53 86 0 88 79 74 4 61 5 7 
13 93 78 56 26 46 84 99 46 50 90 94 18 3 67 14 19 34 54 37 40 26 65 10 46 38 52 80 45 94 89 60 71 67 77 5 7 33 88 0 31 31 66 36 13 49 
46 5 80 90 80 88 16 59 17 11 38 31 70 9 0 82 84 0 27 100 90 43 93 28 12 49 53 100 17 8 11 31 99 9 43 48 63 52 79 31 0 53 68 8 39 35 
64 31 79 73 57 91 79 21 66 4 89 8 12 13 14 21 13 36 11 81 41 46 34 67 93 60 92 63 48 86 38 43 85 62 49 76 77 27 74 31 53 0 89 4 16 28 
47 5 10 75 78 95 47 2 65 92 94 33 57 4 77 38 74 20 1 98 38 82 100 18 45 96 4 36 59 53 20 9 65 36 33 93 75 21 4 66 68 89 0 79 55 72 
39 36 69 18 48 3 53 9 66 73 57 92 81 33 42 66 27 12 68 95 27 79 52 62 5 66 41 60 77 49 43 3 67 11 45 96 33 82 61 36 8 4 79 0 0 46 
57 44 75 35 95 94 98 14 17 63 63 60 21 44 93 45 42 80 88 1 65 72 22 26 85 21 30 54 3 13 43 82 92 8 7 55 25 13 5 13 39 16 55 0 0 87 
13 78 56 37 23 39 100 11 85 15 40 99 21 97 38 57 73 20 50 1 92 54 75 71 11 92 96 72 16 43 98 52 57 49 8 94 92 79 7 49 35 28 72 46 87 0 
BBRRBRBBBRBBBBRRRBRBRRBBBRBBBRRRRRBRRBRRBRBRBR
