38
0 92 79 49 35 75 17 82 75 74 34 46 87 83 78 92 5 30 83 98 52 9 64 3 38 80 41 75 40 41 8 96 6 51 33 31 11 82 
92 0 33 73 69 50 87 79 75 11 75 95 5 79 43 88 14 53 75 66 62 89 34 77 30 18 13 8 10 48 70 56 1 11 11 95 1 82 
79 33 0 78 3 84 60 12 30 23 9 65 83 78 72 66 29 90 9 89 83 100 18 51 46 65 70 6 17 21 81 44 82 58 58 49 79 10 
49 73 78 0 44 26 5 55 25 55 84 53 62 30 73 76 46 42 67 69 84 58 28 3 12 58 89 48 37 20 91 88 32 47 34 65 40 98 
35 69 3 44 0 30 7 91 50 22 18 70 13 6 11 69 73 6 88 11 37 7 50 10 7 34 51 86 75 85 13 13 9 17 59 80 7 43 
75 50 84 26 30 0 94 94 99 70 32 97 26 5 54 14 38 43 15 96 18 43 56 13 12 96 58 46 97 19 56 30 45 60 71 32 69 98 
17 87 60 5 7 94 0 17 87 74 41 97 44 7 35 13 69 12 39 75 72 79 43 70 27 5 62 52 13 0 29 97 49 59 89 45 37 62 
82 79 12 55 91 94 17 0 8 56 19 70 47 18 68 18 91 31 49 3 0 15 14 82 11 12 79 75 16 94 98 79 28 89 5 59 71 72 
75 75 30 25 50 99 87 8 0 62 50 62 32 56 32 49 65 58 90 22 1 96 32 69 34 75 27 5 11 99 49 19 7 97 99 3 46 11 
74 11 23 55 22 70 74 56 62 0 64 24 5 21 56 50 37 40 27 54 75 27 68 62 68 42 16 50 18 31 69 32 93 48 69 8 35 94 
34 75 9 84 18 32 41 19 50 64 0 94 90 26 14 80 57 96 55 62 73 13 46 9 84 67 79 6 10 92 46 21 75 10 57 69 12 70 
46 95 65 53 70 97 97 70 62 24 94 0 76 71 52 96 17 37 59 46 21 1 41 65 27 26 67 31 51 65 82 90 56 49 28 82 19 12 
87 5 83 62 13 26 44 47 32 5 90 76 0 34 35 85 46 85 52 71 48 24 76 50 10 6 72 13 17 56 26 37 71 56 98 52 36 69 
83 79 78 30 6 5 7 18 56 21 26 71 34 0 30 61 38 81 63 68 68 97 94 8 6 59 45 98 65 17 1 59 71 97 43 2 10 27 
78 43 72 73 11 54 35 68 32 56 14 52 35 30 0 15 17 70 82 23 100 7 10 94 6 76 0 56 31 10 41 18 19 19 89 4 54 100 
92 88 66 76 69 14 13 18 49 50 80 96 85 61 15 0 56 54 56 98 72 46 85 34 33 52 13 96 54 93 31 79 31 76 78 57 31 91 
5 14 29 46 73 38 69 91 65 37 57 17 46 38 17 56 0 59 37 60 93 54 10 51 92 75 44 1 52 60 41 27 88 48 84 83 22 69 
30 53 90 42 6 43 12 31 58 40 96 37 85 81 70 54 59 0 42 2 1 55 93 83 18 24 21 29 82 28 98 80 18 77 11 5 61 0 
83 75 9 67 88 15 39 49 90 27 55 59 52 63 82 56 37 42 0 7 13 34 45 28 32 19 50 14 48 34 24 38 85 28 29 70 57 88 
98 66 89 69 11 96 75 3 22 54 62 46 71 68 23 98 60 2 7 0 14 72 22 32 47 96 13 61 31 49 14 87 54 82 97 89 92 90 
52 62 83 84 37 18 72 0 1 75 73 21 48 68 100 72 93 1 13 14 0 6 83 52 16 23 49 64 58 2 100 69 51 5 56 71 78 41 
9 89 100 58 7 43 79 15 96 27 13 1 24 97 7 46 54 55 34 72 6 0 3 47 92 53 51 37 8 23 3 44 7 16 88 46 78 55 
64 34 18 28 50 56 43 14 32 68 46 41 76 94 10 85 10 93 45 22 83 3 0 80 59 57 18 96 57 61 64 15 41 37 58 21 33 27 
3 77 51 3 10 13 70 82 69 62 9 65 50 8 94 34 51 83 28 32 52 47 80 0 81 16 86 48 53 91 16 68 60 13 64 21 21 9 
38 30 46 12 7 12 27 11 34 68 84 27 10 6 6 33 92 18 32 47 16 92 59 81 0 56 68 99 100 56 90 12 20 80 40 0 31 10 
80 18 65 58 34 96 5 12 75 42 67 26 6 59 76 52 75 24 19 96 23 53 57 16 56 0 83 52 49 94 4 72 38 65 32 32 43 89 
41 13 70 89 51 58 62 79 27 16 79 67 72 45 0 13 44 21 50 13 49 51 18 86 68 83 0 91 42 16 10 92 63 49 75 11 17 36 
75 8 6 48 86 46 52 75 5 50 6 31 13 98 56 96 1 29 14 61 64 37 96 48 99 52 91 0 5 82 48 83 74 82 62 46 60 85 
40 10 17 37 75 97 13 16 11 18 10 51 17 65 31 54 52 82 48 31 58 8 57 53 100 49 42 5 0 37 69 66 32 92 81 31 86 44 
41 48 21 20 85 19 0 94 99 31 92 65 56 17 10 93 60 28 34 49 2 23 61 91 56 94 16 82 37 0 70 78 97 29 16 12 100 16 
8 70 81 91 13 56 29 98 49 69 46 82 26 1 41 31 41 98 24 14 100 3 64 16 90 4 10 48 69 70 0 15 27 16 81 8 24 22 
96 56 44 88 13 30 97 79 19 32 21 90 37 59 18 79 27 80 38 87 69 44 15 68 12 72 92 83 66 78 15 0 18 49 37 12 45 34 
6 1 82 32 9 45 49 28 7 93 75 56 71 71 19 31 88 18 85 54 51 7 41 60 20 38 63 74 32 97 27 18 0 48 33 60 56 70 
51 11 58 47 17 60 59 89 97 48 10 49 56 97 19 76 48 77 28 82 5 16 37 13 80 65 49 82 92 29 16 49 48 0 23 11 9 83 
33 11 58 34 59 71 89 5 99 69 57 28 98 43 89 78 84 11 29 97 56 88 58 64 40 32 75 62 81 16 81 37 33 23 0 56 39 77 
31 95 49 65 80 32 45 59 3 8 69 82 52 2 4 57 83 5 70 89 71 46 21 21 0 32 11 46 31 12 8 12 60 11 56 0 16 43 
11 1 79 40 7 69 37 71 46 35 12 19 36 10 54 31 22 61 57 92 78 78 33 21 31 43 17 60 86 100 24 45 56 9 39 16 0 83 
82 82 10 98 43 98 62 72 11 94 70 12 69 27 100 91 69 0 88 90 41 55 27 9 10 89 36 85 44 16 22 34 70 83 77 43 83 0 
RRBRBBBRRRBBBBRBRBRRBRBRBBBBBBRRRRRRBR
