50
0 73 58 100 58 67 85 63 89 94 37 86 67 95 41 64 49 35 80 89 22 4 44 96 55 88 22 44 40 100 100 91 70 62 13 13 79 28 14 90 78 49 0 31 23 19 93 100 55 60 
73 0 76 67 42 49 32 62 12 23 92 81 67 3 58 72 11 0 38 71 73 2 39 65 23 37 10 33 5 75 52 35 98 9 64 51 88 73 58 33 30 10 39 82 82 100 44 37 94 55 
58 76 0 79 58 85 77 97 32 70 34 81 43 90 87 75 25 92 23 35 2 99 21 33 62 27 53 8 83 39 58 16 23 54 15 34 84 27 49 25 76 91 29 45 86 26 18 49 68 50 
100 67 79 0 66 43 81 95 12 20 53 89 14 1 5 38 10 59 70 86 76 53 100 59 80 85 78 41 72 45 21 49 17 78 36 4 35 44 74 28 54 45 31 99 81 90 44 87 15 88 
58 42 58 66 0 83 15 24 11 64 24 62 65 42 0 53 68 77 65 71 92 25 68 73 32 25 97 87 15 73 43 6 89 84 64 85 42 71 64 88 6 95 79 86 98 63 71 84 79 48 
67 49 85 43 83 0 76 20 45 26 30 29 52 34 70 74 74 72 87 3 62 21 99 58 2 82 46 79 51 1 7 73 31 62 69 14 11 8 64 0 0 87 20 4 7 86 79 91 19 87 
85 32 77 81 15 76 0 7 29 0 11 73 56 82 24 35 96 100 87 91 97 72 7 59 52 96 45 73 36 69 52 98 77 36 7 88 38 1 82 60 17 36 55 34 73 85 57 17 100 6 
63 62 97 95 24 20 7 0 22 91 1 51 22 68 85 36 28 77 50 49 19 68 57 85 7 100 12 25 88 95 73 81 88 43 6 38 98 5 41 96 81 99 56 38 16 81 68 98 32 59 
89 12 32 12 11 45 29 22 0 43 78 53 97 0 16 8 1 86 18 3 63 95 52 39 97 20 78 5 1 13 79 33 91 20 81 32 33 9 23 63 17 77 46 79 41 80 36 36 71 94 
94 23 70 20 64 26 0 91 43 0 22 27 40 0 97 73 80 98 58 89 14 50 38 21 49 63 72 73 97 31 83 91 88 65 44 34 64 83 68 25 64 21 57 48 38 21 56 84 87 47 
37 92 34 53 24 30 11 1 78 22 0 55 83 15 67 19 34 36 67 26 9 19 41 69 86 33 35 33 64 33 97 75 16 9 20 28 45 82 98 8 92 90 5 88 93 96 99 86 40 93 
86 81 81 89 62 29 73 51 53 27 55 0 87 48 8 97 78 78 93 26 17 59 36 38 91 40 94 43 47 21 7 35 77 34 74 6 15 31 36 53 43 39 97 72 18 76 36 29 73 69 
67 67 43 14 65 52 56 22 97 40 83 87 0 73 84 37 77 24 53 10 7 60 57 38 19 68 59 95 89 93 83 56 16 14 22 94 10 15 44 78 16 61 87 81 58 41 79 82 52 6 
95 3 90 1 42 34 82 68 0 0 15 48 73 0 87 67 92 69 20 43 11 35 99 23 40 85 53 63 35 18 45 13 93 40 48 11 42 80 37 70 26 31 0 31 75 76 89 47 89 33 
41 58 87 5 0 70 24 85 16 97 67 8 84 87 0 49 63 73 78 99 78 1 4 73 59 8 7 40 67 33 64 72 33 11 20 83 64 89 66 0 25 16 14 79 94 63 32 47 53 59 
64 72 75 38 53 74 35 36 8 73 19 97 37 67 49 0 6 4 21 19 99 41 57 83 24 72 79 91 100 41 32 91 13 31 98 94 23 40 48 49 77 24 53 18 87 24 57 94 13 93 
49 11 25 10 68 74 96 28 1 80 34 78 77 92 63 6 0 75 0 98 79 75 81 31 56 73 60 34 42 16 71 40 61 9 80 26 12 54 29 5 100 45 11 38 12 47 93 65 78 39 
35 0 92 59 77 72 100 77 86 98 36 78 24 69 73 4 75 0 11 97 41 96 13 46 100 67 24 35 85 19 69 47 64 57 14 1 63 80 88 5 96 85 79 82 69 1 65 23 33 3 
80 38 23 70 65 87 87 50 18 58 67 93 53 20 78 21 0 11 0 21 72 15 56 36 45 27 25 91 50 47 18 32 86 0 13 100 47 79 88 98 47 61 1 23 60 38 23 56 38 63 
89 71 35 86 71 3 91 49 3 89 26 26 10 43 99 19 98 97 21 0 55 31 75 38 31 35 50 70 5 99 18 16 30 79 100 42 7 89 32 66 33 50 35 92 30 38 20 55 75 46 
22 73 2 76 92 62 97 19 63 14 9 17 7 11 78 99 79 41 72 55 0 7 92 48 15 92 65 9 87 62 53 47 4 20 0 43 12 13 58 17 58 45 70 98 74 82 43 86 59 49 
4 2 99 53 25 21 72 68 95 50 19 59 60 35 1 41 75 96 15 31 7 0 25 33 86 41 0 67 7 82 89 60 39 36 5 23 47 63 43 86 27 74 20 32 87 80 11 29 54 72 
44 39 21 100 68 99 7 57 52 38 41 36 57 99 4 57 81 13 56 75 92 25 0 49 54 82 88 75 0 91 11 30 17 73 11 6 57 46 71 71 5 73 100 11 7 65 36 32 67 41 
96 65 33 59 73 58 59 85 39 21 69 38 38 23 73 83 31 46 36 38 48 33 49 0 16 66 72 76 7 39 17 31 33 88 44 92 11 12 18 53 35 31 96 83 81 17 77 46 96 80 
55 23 62 80 32 2 52 7 97 49 86 91 19 40 59 24 56 100 45 31 15 86 54 16 0 98 93 64 78 58 30 45 74 7 28 38 7 72 3 13 4 80 69 69 87 59 81 27 42 53 
88 37 27 85 25 82 96 100 20 63 33 40 68 85 8 72 73 67 27 35 92 41 82 66 98 0 31 91 99 41 42 29 56 53 61 98 83 18 87 14 75 24 71 58 55 87 32 83 85 98 
22 10 53 78 97 46 45 12 78 72 35 94 59 53 7 79 60 24 25 50 65 0 88 72 93 31 0 18 59 95 0 31 18 75 55 6 17 39 95 18 9 86 91 4 75 63 94 19 18 38 
44 33 8 41 87 79 73 25 5 73 33 43 95 63 40 91 34 35 91 70 9 67 75 76 64 91 18 0 94 21 79 76 32 22 36 24 68 4 48 23 7 89 17 0 87 67 27 35 68 89 
40 5 83 72 15 51 36 88 1 97 64 47 89 35 67 100 42 85 50 5 87 7 0 7 78 99 59 94 0 48 82 46 67 74 80 24 92 1 96 94 6 45 74 85 69 26 28 78 90 39 
100 75 39 45 73 1 69 95 13 31 33 21 93 18 33 41 16 19 47 99 62 82 91 39 58 41 95 21 48 0 88 57 21 50 100 41 60 66 4 80 40 7 87 20 59 84 82 12 94 24 
100 52 58 21 43 7 52 73 79 83 97 7 83 45 64 32 71 69 18 18 53 89 11 17 30 42 0 79 82 88 0 81 79 22 54 28 59 51 92 25 39 39 49 33 68 2 59 92 18 27 
91 35 16 49 6 73 98 81 33 91 75 35 56 13 72 91 40 47 32 16 47 60 30 31 45 29 31 76 46 57 81 0 20 93 64 22 37 12 79 59 99 39 88 34 99 47 48 64 94 42 
70 98 23 17 89 31 77 88 91 88 16 77 16 93 33 13 61 64 86 30 4 39 17 33 74 56 18 32 67 21 79 20 0 12 52 65 55 63 79 18 52 72 0 50 65 70 52 68 48 43 
62 9 54 78 84 62 36 43 20 65 9 34 14 40 11 31 9 57 0 79 20 36 73 88 7 53 75 22 74 50 22 93 12 0 18 42 94 92 86 76 22 29 74 46 1 4 34 53 19 67 
13 64 15 36 64 69 7 6 81 44 20 74 22 48 20 98 80 14 13 100 0 5 11 44 28 61 55 36 80 100 54 64 52 18 0 29 91 41 33 37 99 1 71 13 32 41 3 80 13 24 
13 51 34 4 85 14 88 38 32 34 28 6 94 11 83 94 26 1 100 42 43 23 6 92 38 98 6 24 24 41 28 22 65 42 29 0 47 98 34 12 40 17 55 94 96 61 39 41 55 96 
79 88 84 35 42 11 38 98 33 64 45 15 10 42 64 23 12 63 47 7 12 47 57 11 7 83 17 68 92 60 59 37 55 94 91 47 0 72 47 21 74 93 38 5 9 35 40 90 79 6 
28 73 27 44 71 8 1 5 9 83 82 31 15 80 89 40 54 80 79 89 13 63 46 12 72 18 39 4 1 66 51 12 63 92 41 98 72 0 62 10 44 87 39 26 12 27 89 77 25 65 
14 58 49 74 64 64 82 41 23 68 98 36 44 37 66 48 29 88 88 32 58 43 71 18 3 87 95 48 96 4 92 79 79 86 33 34 47 62 0 8 19 13 40 52 15 39 53 77 44 74 
90 33 25 28 88 0 60 96 63 25 8 53 78 70 0 49 5 5 98 66 17 86 71 53 13 14 18 23 94 80 25 59 18 76 37 12 21 10 8 0 43 70 64 62 45 83 49 81 13 44 
78 30 76 54 6 0 17 81 17 64 92 43 16 26 25 77 100 96 47 33 58 27 5 35 4 75 9 7 6 40 39 99 52 22 99 40 74 44 19 43 0 39 77 76 34 28 100 7 10 99 
49 10 91 45 95 87 36 99 77 21 90 39 61 31 16 24 45 85 61 50 45 74 73 31 80 24 86 89 45 7 39 39 72 29 1 17 93 87 13 70 39 0 14 59 21 63 93 6 5 97 
0 39 29 31 79 20 55 56 46 57 5 97 87 0 14 53 11 79 1 35 70 20 100 96 69 71 91 17 74 87 49 88 0 74 71 55 38 39 40 64 77 14 0 89 89 69 57 13 5 48 
31 82 45 99 86 4 34 38 79 48 88 72 81 31 79 18 38 82 23 92 98 32 11 83 69 58 4 0 85 20 33 34 50 46 13 94 5 26 52 62 76 59 89 0 48 9 35 55 56 8 
23 82 86 81 98 7 73 16 41 38 93 18 58 75 94 87 12 69 60 30 74 87 7 81 87 55 75 87 69 59 68 99 65 1 32 96 9 12 15 45 34 21 89 48 0 24 40 91 92 45 
19 100 26 90 63 86 85 81 80 21 96 76 41 76 63 24 47 1 38 38 82 80 65 17 59 87 63 67 26 84 2 47 70 4 41 61 35 27 39 83 28 63 69 9 24 0 6 78 31 21 
93 44 18 44 71 79 57 68 36 56 99 36 79 89 32 57 93 65 23 20 43 11 36 77 81 32 94 27 28 82 59 48 52 34 3 39 40 89 53 49 100 93 57 35 40 6 0 64 88 23 
100 37 49 87 84 91 17 98 36 84 86 29 82 47 47 94 65 23 56 55 86 29 32 46 27 83 19 35 78 12 92 64 68 53 80 41 90 77 77 81 7 6 13 55 91 78 64 0 20 49 
55 94 68 15 79 19 100 32 71 87 40 73 52 89 53 13 78 33 38 75 59 54 67 96 42 85 18 68 90 94 18 94 48 19 13 55 79 25 44 13 10 5 5 56 92 31 88 20 0 9 
60 55 50 88 48 87 6 59 94 47 93 69 6 33 59 93 39 3 63 46 49 72 41 80 53 98 38 89 39 24 27 42 43 67 24 96 6 65 74 44 99 97 48 8 45 21 23 49 9 0 
RRRBRRBRBRBRRBRRBBBBBBRRBRRBBRBRBRRRBRRBBRBRBBBBBR
