42
0 42 39 3 20 89 34 46 53 35 88 81 96 71 21 51 1 99 17 58 44 40 23 19 44 10 51 56 88 19 5 43 62 9 60 71 99 27 76 64 54 92 
42 0 100 49 68 47 50 35 18 52 88 56 47 87 97 64 20 43 57 3 32 31 100 54 68 3 71 83 48 71 62 53 15 3 2 96 32 31 70 98 60 38 
39 100 0 98 12 85 36 83 48 41 54 15 63 6 61 52 75 88 27 33 79 66 57 69 99 87 26 93 49 46 56 5 89 56 61 78 83 76 40 45 99 88 
3 49 98 0 24 11 78 99 91 57 54 0 18 37 39 42 72 64 68 89 63 79 64 2 15 56 1 46 97 10 55 92 98 86 56 57 19 84 17 51 52 86 
20 68 12 24 0 98 83 82 76 17 50 67 57 49 12 86 84 91 5 18 44 16 9 1 10 57 73 63 78 60 16 83 63 73 65 55 71 19 69 19 58 11 
89 47 85 11 98 0 71 93 13 33 47 16 24 93 4 28 53 65 53 7 39 29 39 95 8 20 73 62 81 9 24 12 75 94 26 6 69 69 51 95 97 20 
34 50 36 78 83 71 0 16 75 18 58 89 69 2 82 46 49 43 66 52 79 38 60 30 1 18 98 51 24 34 2 77 55 85 18 91 7 97 67 35 59 56 
46 35 83 99 82 93 16 0 0 71 71 49 94 90 21 24 2 7 33 30 88 72 59 34 84 44 96 66 69 73 83 64 68 91 77 45 16 87 20 93 13 11 
53 18 48 91 76 13 75 0 0 87 3 31 0 67 40 29 83 81 85 10 29 26 90 57 53 11 15 67 11 48 28 64 48 52 34 19 14 81 19 49 82 12 
35 52 41 57 17 33 18 71 87 0 51 78 65 67 96 27 26 69 48 48 0 70 14 26 53 18 66 41 47 95 40 49 6 16 62 8 99 51 96 69 43 71 
88 88 54 54 50 47 58 71 3 51 0 56 74 14 3 44 92 95 0 41 70 52 28 71 46 57 16 69 88 51 74 67 67 46 97 71 43 64 24 86 3 98 
81 56 15 0 67 16 89 49 31 78 56 0 95 19 64 58 26 0 62 32 6 85 32 35 2 75 24 86 37 81 22 46 27 11 4 51 29 92 82 72 47 52 
96 47 63 18 57 24 69 94 0 65 74 95 0 92 9 6 21 91 71 60 3 17 30 40 56 72 78 28 47 43 64 93 66 52 14 25 76 100 40 75 99 74 
71 87 6 37 49 93 2 90 67 67 14 19 92 0 29 60 52 36 5 73 88 42 46 22 74 98 96 56 41 68 66 97 62 51 49 60 21 78 14 75 38 69 
21 97 61 39 12 4 82 21 40 96 3 64 9 29 0 39 12 91 32 40 45 63 91 34 76 84 74 47 51 54 15 97 34 52 27 72 33 94 76 100 90 18 
51 64 52 42 86 28 46 24 29 27 44 58 6 60 39 0 64 28 69 6 19 26 71 46 81 13 92 24 6 48 74 70 98 39 1 29 20 11 89 57 79 63 
1 20 75 72 84 53 49 2 83 26 92 26 21 52 12 64 0 78 64 31 68 59 63 82 17 0 40 46 16 97 76 65 74 40 8 38 45 65 73 22 92 38 
99 43 88 64 91 65 43 7 81 69 95 0 91 36 91 28 78 0 21 84 75 46 34 0 96 31 35 27 50 5 22 39 17 16 81 76 29 70 88 48 44 31 
17 57 27 68 5 53 66 33 85 48 0 62 71 5 32 69 64 21 0 15 13 71 46 49 67 2 13 22 26 47 71 14 43 83 75 35 86 2 10 29 49 59 
58 3 33 89 18 7 52 30 10 48 41 32 60 73 40 6 31 84 15 0 67 2 63 53 0 4 66 20 14 55 67 11 72 80 100 79 27 98 32 74 57 15 
44 32 79 63 44 39 79 88 29 0 70 6 3 88 45 19 68 75 13 67 0 85 18 3 52 91 54 94 90 39 14 91 34 27 61 19 44 53 78 39 52 24 
40 31 66 79 16 29 38 72 26 70 52 85 17 42 63 26 59 46 71 2 85 0 34 96 77 38 34 64 71 92 45 6 15 100 1 86 11 57 27 9 49 68 
23 100 57 64 9 39 60 59 90 14 28 32 30 46 91 71 63 34 46 63 18 34 0 13 4 90 9 33 13 14 24 68 25 62 26 50 7 12 100 71 63 70 
19 54 69 2 1 95 30 34 57 26 71 35 40 22 34 46 82 0 49 53 3 96 13 0 20 6 73 26 3 89 19 77 74 13 11 48 85 53 49 1 26 10 
44 68 99 15 10 8 1 84 53 53 46 2 56 74 76 81 17 96 67 0 52 77 4 20 0 59 59 46 82 98 41 5 43 26 19 53 24 32 56 99 44 97 
10 3 87 56 57 20 18 44 11 18 57 75 72 98 84 13 0 31 2 4 91 38 90 6 59 0 42 57 62 21 88 40 62 91 51 70 72 9 87 10 37 97 
51 71 26 1 73 73 98 96 15 66 16 24 78 96 74 92 40 35 13 66 54 34 9 73 59 42 0 62 39 97 10 86 13 29 51 2 16 16 55 83 11 52 
56 83 93 46 63 62 51 66 67 41 69 86 28 56 47 24 46 27 22 20 94 64 33 26 46 57 62 0 51 8 65 78 58 10 40 74 66 86 79 42 68 88 
88 48 49 97 78 81 24 69 11 47 88 37 47 41 51 6 16 50 26 14 90 71 13 3 82 62 39 51 0 3 34 68 20 27 9 17 37 87 97 68 56 49 
19 71 46 10 60 9 34 73 48 95 51 81 43 68 54 48 97 5 47 55 39 92 14 89 98 21 97 8 3 0 86 73 70 26 48 15 92 74 24 62 26 36 
5 62 56 55 16 24 2 83 28 40 74 22 64 66 15 74 76 22 71 67 14 45 24 19 41 88 10 65 34 86 0 91 28 33 92 45 8 74 51 55 53 46 
43 53 5 92 83 12 77 64 64 49 67 46 93 97 97 70 65 39 14 11 91 6 68 77 5 40 86 78 68 73 91 0 33 79 37 20 34 10 21 63 23 74 
62 15 89 98 63 75 55 68 48 6 67 27 66 62 34 98 74 17 43 72 34 15 25 74 43 62 13 58 20 70 28 33 0 26 41 99 49 0 57 12 54 94 
9 3 56 86 73 94 85 91 52 16 46 11 52 51 52 39 40 16 83 80 27 100 62 13 26 91 29 10 27 26 33 79 26 0 94 12 99 41 41 41 42 29 
60 2 61 56 65 26 18 77 34 62 97 4 14 49 27 1 8 81 75 100 61 1 26 11 19 51 51 40 9 48 92 37 41 94 0 60 68 19 35 66 73 58 
71 96 78 57 55 6 91 45 19 8 71 51 25 60 72 29 38 76 35 79 19 86 50 48 53 70 2 74 17 15 45 20 99 12 60 0 14 25 98 35 94 55 
99 32 83 19 71 69 7 16 14 99 43 29 76 21 33 20 45 29 86 27 44 11 7 85 24 72 16 66 37 92 8 34 49 99 68 14 0 93 43 65 46 41 
27 31 76 84 19 69 97 87 81 51 64 92 100 78 94 11 65 70 2 98 53 57 12 53 32 9 16 86 87 74 74 10 0 41 19 25 93 0 82 17 89 41 
76 70 40 17 69 51 67 20 19 96 24 82 40 14 76 89 73 88 10 32 78 27 100 49 56 87 55 79 97 24 51 21 57 41 35 98 43 82 0 60 47 10 
64 98 45 51 19 95 35 93 49 69 86 72 75 75 100 57 22 48 29 74 39 9 71 1 99 10 83 42 68 62 55 63 12 41 66 35 65 17 60 0 33 33 
54 60 99 52 58 97 59 13 82 43 3 47 99 38 90 79 92 44 49 57 52 49 63 26 44 37 11 68 56 26 53 23 54 42 73 94 46 89 47 33 0 46 
92 38 88 86 11 20 56 11 12 71 98 52 74 69 18 63 38 31 59 15 24 68 70 10 97 97 52 88 49 36 46 74 94 29 58 55 41 41 10 33 46 0 
RRRBRRRRBBRRBBRRBRRRBRBBRRBRRBBRBBBRBBBBBB
