34
0 8 16 95 87 49 88 28 53 54 78 79 9 24 22 19 50 57 55 8 26 56 66 18 93 84 54 52 1 86 36 6 68 73 
8 0 51 2 37 78 2 67 94 38 94 77 80 22 32 44 32 57 48 66 76 32 65 48 19 33 59 63 83 9 74 94 97 31 
16 51 0 51 99 67 22 22 47 71 62 34 96 11 71 58 33 50 25 57 33 69 91 12 58 44 9 65 61 73 10 99 22 28 
95 2 51 0 78 70 92 58 55 54 93 17 97 43 72 21 96 100 40 38 51 73 50 43 12 6 77 83 77 78 76 55 43 5 
87 37 99 78 0 43 28 43 32 88 53 73 16 5 34 63 57 42 28 74 45 84 84 29 64 20 9 86 42 81 6 75 75 18 
49 78 67 70 43 0 56 83 25 90 44 52 74 5 55 87 61 1 92 69 17 34 74 43 63 2 71 95 25 12 10 70 0 56 
88 2 22 92 28 56 0 34 80 51 69 11 88 37 6 78 32 67 42 59 1 38 8 91 29 25 81 58 19 0 24 22 7 16 
28 67 22 58 43 83 34 0 89 47 23 64 46 54 71 96 36 62 68 12 5 92 69 8 11 83 30 100 12 98 6 61 43 6 
53 94 47 55 32 25 80 89 0 1 94 23 39 24 78 50 41 97 77 96 5 49 43 0 11 8 5 9 8 64 81 63 81 75 
54 38 71 54 88 90 51 47 1 0 34 76 57 99 30 6 19 83 61 12 13 33 98 38 55 32 45 60 41 34 92 14 5 82 
78 94 62 93 53 44 69 23 94 34 0 53 63 50 55 61 3 94 82 83 41 29 20 79 31 29 84 59 83 81 47 54 20 99 
79 77 34 17 73 52 11 64 23 76 53 0 80 49 89 78 29 58 82 49 39 55 78 50 73 63 73 27 98 69 78 42 69 82 
9 80 96 97 16 74 88 46 39 57 63 80 0 38 5 14 14 70 30 51 87 44 0 60 66 43 46 37 33 67 24 32 26 1 
24 22 11 43 5 5 37 54 24 99 50 49 38 0 94 36 7 94 16 86 54 93 80 77 6 10 17 83 76 41 8 29 55 51 
22 32 71 72 34 55 6 71 78 30 55 89 5 94 0 85 79 50 90 61 69 16 38 75 36 39 14 7 24 60 1 37 16 64 
19 44 58 21 63 87 78 96 50 6 61 78 14 36 85 0 30 71 68 73 41 81 68 39 36 63 100 62 72 67 18 79 60 63 
50 32 33 96 57 61 32 36 41 19 3 29 14 7 79 30 0 32 70 11 70 89 68 57 21 95 8 13 11 48 20 13 30 74 
57 57 50 100 42 1 67 62 97 83 94 58 70 94 50 71 32 0 4 67 51 7 67 71 20 17 84 97 14 12 4 98 74 84 
55 48 25 40 28 92 42 68 77 61 82 82 30 16 90 68 70 4 0 88 60 44 9 6 14 6 42 5 43 10 53 40 80 20 
8 66 57 38 74 69 59 12 96 12 83 49 51 86 61 73 11 67 88 0 76 3 67 82 80 29 61 71 57 52 98 58 88 76 
26 76 33 51 45 17 1 5 5 13 41 39 87 54 69 41 70 51 60 76 0 92 47 100 4 15 75 98 80 32 55 71 36 64 
56 32 69 73 84 34 38 92 49 33 29 55 44 93 16 81 89 7 44 3 92 0 47 5 48 12 3 64 18 2 85 62 71 89 
66 65 91 50 84 74 8 69 43 98 20 78 0 80 38 68 68 67 9 67 47 47 0 40 69 83 93 44 56 56 63 68 53 37 
18 48 12 43 29 43 91 8 0 38 79 50 60 77 75 39 57 71 6 82 100 5 40 0 30 18 53 58 98 88 36 67 37 61 
93 19 58 12 64 63 29 11 11 55 31 73 66 6 36 36 21 20 14 80 4 48 69 30 0 13 69 56 49 58 99 85 55 24 
84 33 44 6 20 2 25 83 8 32 29 63 43 10 39 63 95 17 6 29 15 12 83 18 13 0 66 3 34 69 44 8 0 13 
54 59 9 77 9 71 81 30 5 45 84 73 46 17 14 100 8 84 42 61 75 3 93 53 69 66 0 8 71 6 26 9 86 6 
52 63 65 83 86 95 58 100 9 60 59 27 37 83 7 62 13 97 5 71 98 64 44 58 56 3 8 0 24 57 0 81 67 62 
1 83 61 77 42 25 19 12 8 41 83 98 33 76 24 72 11 14 43 57 80 18 56 98 49 34 71 24 0 22 22 89 52 63 
86 9 73 78 81 12 0 98 64 34 81 69 67 41 60 67 48 12 10 52 32 2 56 88 58 69 6 57 22 0 81 37 68 10 
36 74 10 76 6 10 24 6 81 92 47 78 24 8 1 18 20 4 53 98 55 85 63 36 99 44 26 0 22 81 0 26 96 45 
6 94 99 55 75 70 22 61 63 14 54 42 32 29 37 79 13 98 40 58 71 62 68 67 85 8 9 81 89 37 26 0 25 67 
68 97 22 43 75 0 7 43 81 5 20 69 26 55 16 60 30 74 80 88 36 71 53 37 55 0 86 67 52 68 96 25 0 25 
73 31 28 5 18 56 16 6 75 82 99 82 1 51 64 63 74 84 20 76 64 89 37 61 24 13 6 62 63 10 45 67 25 0 
RRBBRRBBBBRRRRBBRBRBBRBBRRBRBBBRRR
