46
0 25 5 22 59 61 20 80 82 18 36 21 89 44 10 16 75 64 45 29 60 51 66 26 3 99 73 97 41 21 50 53 66 20 29 17 5 17 63 26 70 72 67 11 89 59 
25 0 87 88 36 26 24 32 45 14 53 8 91 28 86 68 30 7 0 70 16 84 49 26 7 39 39 84 67 0 20 54 53 32 13 39 94 29 11 78 21 78 54 2 6 8 
5 87 0 74 21 2 10 50 95 27 64 14 1 79 47 36 2 50 58 20 29 72 24 67 74 74 85 0 41 83 39 43 24 31 0 45 53 88 77 94 41 53 23 2 2 3 
22 88 74 0 39 56 1 6 52 85 100 6 92 83 97 34 68 89 98 65 86 15 79 12 15 54 21 41 34 9 28 26 66 12 35 4 78 84 20 1 54 79 29 95 80 97 
59 36 21 39 0 26 99 1 45 14 33 50 79 35 97 13 56 86 88 51 93 66 79 41 78 91 90 23 13 40 54 52 43 19 1 13 52 79 10 76 0 51 97 32 37 23 
61 26 2 56 26 0 97 7 34 13 14 16 3 30 22 60 61 93 71 38 57 31 44 78 94 0 56 89 8 53 2 31 82 25 0 86 56 7 21 100 4 8 76 91 85 61 
20 24 10 1 99 97 0 19 36 3 74 17 14 16 100 0 74 97 26 28 7 99 64 20 96 79 35 20 21 78 39 38 3 99 22 82 33 24 75 87 4 78 40 49 13 20 
80 32 50 6 1 7 19 0 7 88 81 95 7 61 54 34 12 68 94 27 47 76 47 5 72 96 30 29 74 80 8 99 76 38 84 95 57 99 84 12 12 78 88 96 93 30 
82 45 95 52 45 34 36 7 0 4 83 1 31 8 3 84 85 4 71 81 51 38 96 33 98 12 89 69 0 44 3 86 35 39 96 29 14 30 11 33 91 39 76 3 60 21 
18 14 27 85 14 13 3 88 4 0 18 95 88 59 81 34 92 95 23 52 40 71 43 26 45 18 90 15 79 64 84 55 12 43 51 3 63 42 48 18 71 65 46 71 89 91 
36 53 64 100 33 14 74 81 83 18 0 20 55 40 50 32 71 24 77 51 10 86 45 33 29 23 70 32 93 75 49 82 64 73 27 62 68 44 82 76 36 27 55 87 91 67 
21 8 14 6 50 16 17 95 1 95 20 0 1 51 58 96 36 3 25 71 25 11 49 54 91 74 38 4 43 47 69 67 48 90 77 21 87 37 67 11 100 12 61 12 19 30 
89 91 1 92 79 3 14 7 31 88 55 1 0 21 70 98 13 25 29 43 26 41 65 60 18 99 12 94 11 56 10 67 56 49 50 15 61 10 54 29 31 46 90 70 87 24 
44 28 79 83 35 30 16 61 8 59 40 51 21 0 61 94 59 9 23 4 65 39 96 49 57 14 81 73 43 86 56 67 41 75 73 68 53 3 71 25 89 96 82 4 98 13 
10 86 47 97 97 22 100 54 3 81 50 58 70 61 0 58 29 0 34 14 4 46 28 24 3 85 78 81 12 87 51 14 44 40 72 99 12 24 92 60 1 97 78 70 18 43 
16 68 36 34 13 60 0 34 84 34 32 96 98 94 58 0 63 65 2 61 25 31 83 2 93 15 27 91 85 52 20 71 57 37 8 8 75 75 1 92 67 82 47 13 19 28 
75 30 2 68 56 61 74 12 85 92 71 36 13 59 29 63 0 66 95 32 5 18 22 17 66 4 99 98 6 1 4 61 13 27 39 72 61 53 38 64 11 79 40 86 40 50 
64 7 50 89 86 93 97 68 4 95 24 3 25 9 0 65 66 0 2 62 92 55 90 36 66 0 78 10 45 37 20 76 60 56 100 20 73 46 79 20 61 37 7 36 10 67 
45 0 58 98 88 71 26 94 71 23 77 25 29 23 34 2 95 2 0 21 85 16 14 19 16 4 40 69 95 98 89 42 97 25 91 55 27 46 47 48 4 53 79 35 12 53 
29 70 20 65 51 38 28 27 81 52 51 71 43 4 14 61 32 62 21 0 81 22 0 44 26 66 81 79 82 14 89 28 30 9 24 89 99 86 64 75 61 18 42 7 21 46 
60 16 29 86 93 57 7 47 51 40 10 25 26 65 4 25 5 92 85 81 0 51 74 16 78 90 55 73 12 17 41 28 15 90 8 0 66 81 88 51 40 92 46 66 74 45 
51 84 72 15 66 31 99 76 38 71 86 11 41 39 46 31 18 55 16 22 51 0 98 45 79 38 55 34 63 46 74 7 25 46 10 44 27 72 5 65 83 67 57 29 73 62 
66 49 24 79 79 44 64 47 96 43 45 49 65 96 28 83 22 90 14 0 74 98 0 80 18 16 31 36 62 11 49 2 24 66 86 58 75 42 62 85 96 15 73 30 53 5 
26 26 67 12 41 78 20 5 33 26 33 54 60 49 24 2 17 36 19 44 16 45 80 0 78 49 29 72 50 83 73 97 21 83 25 43 73 30 74 23 15 11 22 33 8 80 
3 7 74 15 78 94 96 72 98 45 29 91 18 57 3 93 66 66 16 26 78 79 18 78 0 37 65 98 53 94 41 39 48 65 22 58 33 74 68 64 89 73 37 75 56 79 
99 39 74 54 91 0 79 96 12 18 23 74 99 14 85 15 4 0 4 66 90 38 16 49 37 0 57 41 29 35 97 11 47 42 72 99 14 40 96 55 85 77 74 74 55 7 
73 39 85 21 90 56 35 30 89 90 70 38 12 81 78 27 99 78 40 81 55 55 31 29 65 57 0 24 1 95 92 14 66 45 80 39 5 77 60 84 52 16 58 34 26 82 
97 84 0 41 23 89 20 29 69 15 32 4 94 73 81 91 98 10 69 79 73 34 36 72 98 41 24 0 93 97 97 66 86 6 20 50 88 10 94 69 33 77 96 38 4 77 
41 67 41 34 13 8 21 74 0 79 93 43 11 43 12 85 6 45 95 82 12 63 62 50 53 29 1 93 0 6 95 47 36 44 89 27 94 2 81 54 64 23 36 62 65 39 
21 0 83 9 40 53 78 80 44 64 75 47 56 86 87 52 1 37 98 14 17 46 11 83 94 35 95 97 6 0 24 12 83 98 58 26 83 81 69 45 20 87 67 13 68 86 
50 20 39 28 54 2 39 8 3 84 49 69 10 56 51 20 4 20 89 89 41 74 49 73 41 97 92 97 95 24 0 12 69 40 46 99 47 95 35 49 87 95 7 67 74 86 
53 54 43 26 52 31 38 99 86 55 82 67 67 67 14 71 61 76 42 28 28 7 2 97 39 11 14 66 47 12 12 0 62 20 78 67 48 55 65 32 74 93 7 83 57 98 
66 53 24 66 43 82 3 76 35 12 64 48 56 41 44 57 13 60 97 30 15 25 24 21 48 47 66 86 36 83 69 62 0 46 14 6 55 72 35 17 49 63 57 53 51 98 
20 32 31 12 19 25 99 38 39 43 73 90 49 75 40 37 27 56 25 9 90 46 66 83 65 42 45 6 44 98 40 20 46 0 0 52 13 94 63 61 84 99 62 63 67 90 
29 13 0 35 1 0 22 84 96 51 27 77 50 73 72 8 39 100 91 24 8 10 86 25 22 72 80 20 89 58 46 78 14 0 0 12 6 18 36 54 41 76 84 55 43 51 
17 39 45 4 13 86 82 95 29 3 62 21 15 68 99 8 72 20 55 89 0 44 58 43 58 99 39 50 27 26 99 67 6 52 12 0 18 89 83 84 17 33 90 63 98 37 
5 94 53 78 52 56 33 57 14 63 68 87 61 53 12 75 61 73 27 99 66 27 75 73 33 14 5 88 94 83 47 48 55 13 6 18 0 20 59 38 20 69 49 93 45 31 
17 29 88 84 79 7 24 99 30 42 44 37 10 3 24 75 53 46 46 86 81 72 42 30 74 40 77 10 2 81 95 55 72 94 18 89 20 0 9 90 49 6 20 48 10 86 
63 11 77 20 10 21 75 84 11 48 82 67 54 71 92 1 38 79 47 64 88 5 62 74 68 96 60 94 81 69 35 65 35 63 36 83 59 9 0 8 18 58 88 66 70 10 
26 78 94 1 76 100 87 12 33 18 76 11 29 25 60 92 64 20 48 75 51 65 85 23 64 55 84 69 54 45 49 32 17 61 54 84 38 90 8 0 51 96 56 7 1 48 
70 21 41 54 0 4 4 12 91 71 36 100 31 89 1 67 11 61 4 61 40 83 96 15 89 85 52 33 64 20 87 74 49 84 41 17 20 49 18 51 0 81 61 91 66 37 
72 78 53 79 51 8 78 78 39 65 27 12 46 96 97 82 79 37 53 18 92 67 15 11 73 77 16 77 23 87 95 93 63 99 76 33 69 6 58 96 81 0 50 69 31 39 
67 54 23 29 97 76 40 88 76 46 55 61 90 82 78 47 40 7 79 42 46 57 73 22 37 74 58 96 36 67 7 7 57 62 84 90 49 20 88 56 61 50 0 35 82 76 
11 2 2 95 32 91 49 96 3 71 87 12 70 4 70 13 86 36 35 7 66 29 30 33 75 74 34 38 62 13 67 83 53 63 55 63 93 48 66 7 91 69 35 0 27 21 
89 6 2 80 37 85 13 93 60 89 91 19 87 98 18 19 40 10 12 21 74 73 53 8 56 55 26 4 65 68 74 57 51 67 43 98 45 10 70 1 66 31 82 27 0 28 
59 8 3 97 23 61 20 30 21 91 67 30 24 13 43 28 50 67 53 46 45 62 5 80 79 7 82 77 39 86 86 98 98 90 51 37 31 86 10 48 37 39 76 21 28 0 
BRBRBRRBBBBRRRRBRRBBRRBBBBRRRBRBBBBBBRRRRBBRRR
