34
0 24 51 43 72 64 71 33 88 31 51 94 57 44 56 40 7 73 42 31 31 24 73 31 44 86 62 81 99 65 74 98 14 10 
24 0 52 45 16 5 99 48 77 52 36 3 74 88 19 3 73 5 73 23 99 1 4 76 43 24 25 58 91 59 93 96 66 89 
51 52 0 27 91 48 97 57 56 14 83 78 90 90 11 71 100 9 9 17 0 43 70 42 63 88 69 9 29 20 95 92 98 98 
43 45 27 0 45 100 34 87 18 52 63 55 48 44 54 58 90 49 62 0 25 73 1 74 99 79 3 76 67 66 86 71 95 23 
72 16 91 45 0 11 58 2 80 38 50 64 58 95 23 28 19 87 10 98 58 21 58 83 16 14 40 88 86 98 56 14 4 75 
64 5 48 100 11 0 78 35 2 43 78 17 71 67 11 16 11 80 18 31 68 1 61 76 60 28 75 33 62 38 80 65 83 64 
71 99 97 34 58 78 0 30 39 54 30 83 88 34 15 22 27 90 21 50 78 82 74 13 60 81 57 24 37 63 74 44 73 30 
33 48 57 87 2 35 30 0 16 48 50 6 0 99 36 73 32 46 19 79 46 60 98 61 43 25 62 14 44 21 5 8 19 55 
88 77 56 18 80 2 39 16 0 47 91 76 8 22 61 43 20 92 5 89 52 14 96 15 34 35 87 41 100 15 77 36 82 38 
31 52 14 52 38 43 54 48 47 0 45 76 27 15 49 19 2 83 66 99 39 14 81 90 14 28 42 21 89 21 2 96 83 67 
51 36 83 63 50 78 30 50 91 45 0 24 9 92 87 64 16 18 19 64 34 95 43 99 10 97 43 50 49 47 28 81 0 64 
94 3 78 55 64 17 83 6 76 76 24 0 87 7 10 26 98 35 87 16 41 67 42 78 62 50 9 68 20 33 78 54 34 44 
57 74 90 48 58 71 88 0 8 27 9 87 0 64 15 22 53 25 23 69 98 69 61 72 75 33 34 38 23 31 24 51 0 87 
44 88 90 44 95 67 34 99 22 15 92 7 64 0 32 65 18 49 21 14 43 2 69 38 89 33 88 11 3 19 13 2 62 82 
56 19 11 54 23 11 15 36 61 49 87 10 15 32 0 32 53 22 35 58 8 80 85 57 67 80 27 40 69 70 20 61 73 69 
40 3 71 58 28 16 22 73 43 19 64 26 22 65 32 0 10 52 40 50 47 35 49 6 85 80 57 16 42 48 51 56 58 66 
7 73 100 90 19 11 27 32 20 2 16 98 53 18 53 10 0 95 66 96 9 86 0 91 33 92 30 57 53 41 18 51 22 98 
73 5 9 49 87 80 90 46 92 83 18 35 25 49 22 52 95 0 18 61 18 48 64 66 45 28 14 66 58 19 23 29 21 74 
42 73 9 62 10 18 21 19 5 66 19 87 23 21 35 40 66 18 0 0 88 79 7 69 5 59 89 100 76 43 91 42 93 90 
31 23 17 0 98 31 50 79 89 99 64 16 69 14 58 50 96 61 0 0 74 44 76 100 97 33 96 96 14 13 44 65 4 58 
31 99 0 25 58 68 78 46 52 39 34 41 98 43 8 47 9 18 88 74 0 57 21 8 12 71 0 61 67 95 17 34 47 47 
24 1 43 73 21 1 82 60 14 14 95 67 69 2 80 35 86 48 79 44 57 0 34 5 16 82 64 12 79 6 78 86 25 77 
73 4 70 1 58 61 74 98 96 81 43 42 61 69 85 49 0 64 7 76 21 34 0 35 85 36 21 15 92 45 60 12 65 43 
31 76 42 74 83 76 13 61 15 90 99 78 72 38 57 6 91 66 69 100 8 5 35 0 69 95 57 77 47 85 72 64 33 30 
44 43 63 99 16 60 60 43 34 14 10 62 75 89 67 85 33 45 5 97 12 16 85 69 0 34 45 20 23 15 25 12 77 44 
86 24 88 79 14 28 81 25 35 28 97 50 33 33 80 80 92 28 59 33 71 82 36 95 34 0 63 17 20 61 15 71 76 14 
62 25 69 3 40 75 57 62 87 42 43 9 34 88 27 57 30 14 89 96 0 64 21 57 45 63 0 93 35 60 52 51 69 17 
81 58 9 76 88 33 24 14 41 21 50 68 38 11 40 16 57 66 100 96 61 12 15 77 20 17 93 0 55 73 5 35 66 54 
99 91 29 67 86 62 37 44 100 89 49 20 23 3 69 42 53 58 76 14 67 79 92 47 23 20 35 55 0 49 21 41 20 49 
65 59 20 66 98 38 63 21 15 21 47 33 31 19 70 48 41 19 43 13 95 6 45 85 15 61 60 73 49 0 88 57 44 86 
74 93 95 86 56 80 74 5 77 2 28 78 24 13 20 51 18 23 91 44 17 78 60 72 25 15 52 5 21 88 0 32 39 28 
98 96 92 71 14 65 44 8 36 96 81 54 51 2 61 56 51 29 42 65 34 86 12 64 12 71 51 35 41 57 32 0 69 35 
14 66 98 95 4 83 73 19 82 83 0 34 0 62 73 58 22 21 93 4 47 25 65 33 77 76 69 66 20 44 39 69 0 42 
10 89 98 23 75 64 30 55 38 67 64 44 87 82 69 66 98 74 90 58 47 77 43 30 44 14 17 54 49 86 28 35 42 0 
BRRBBBRRBBBRBRRBBRRRRRRRBBRRBRBBBB
