40
0 10 43 93 72 39 92 21 95 37 7 91 48 28 42 47 53 12 6 58 29 10 31 95 47 84 98 28 76 13 89 61 66 4 59 15 99 35 85 3 
10 0 62 87 86 42 12 83 37 97 70 70 88 87 12 27 77 65 7 98 54 48 60 60 91 40 65 75 11 19 79 7 88 22 14 73 67 63 3 67 
43 62 0 23 100 43 38 90 97 86 53 5 66 69 39 3 15 81 1 84 44 54 21 76 61 72 2 63 46 47 32 65 38 77 59 66 76 11 94 100 
93 87 23 0 88 65 96 3 17 52 49 1 70 100 39 82 59 27 9 5 72 78 41 14 50 61 28 3 14 46 86 56 46 98 13 76 99 73 94 97 
72 86 100 88 0 13 43 96 56 31 69 74 5 42 7 72 79 49 21 59 100 17 40 91 70 24 26 91 51 30 88 92 61 68 45 41 69 47 3 23 
39 42 43 65 13 0 49 9 40 55 90 11 89 35 100 72 40 98 48 54 54 11 17 8 94 0 70 41 79 26 21 43 42 13 11 19 30 62 68 92 
92 12 38 96 43 49 0 34 25 88 48 77 34 76 46 76 67 82 32 81 53 25 51 56 62 83 56 66 58 36 98 67 29 63 31 43 3 18 13 87 
21 83 90 3 96 9 34 0 62 71 87 45 13 84 74 31 21 38 94 76 64 46 57 61 83 54 80 0 66 43 13 62 32 70 100 44 8 57 86 88 
95 37 97 17 56 40 25 62 0 4 56 82 60 40 79 57 30 41 49 64 78 54 83 99 17 82 88 80 51 34 55 63 35 73 83 70 87 84 3 30 
37 97 86 52 31 55 88 71 4 0 99 28 54 79 40 81 16 38 30 81 59 96 80 62 43 96 69 32 1 18 7 57 51 16 81 21 58 30 36 59 
7 70 53 49 69 90 48 87 56 99 0 34 75 16 81 22 52 39 47 80 65 22 59 44 100 50 41 60 0 10 94 94 85 95 55 70 45 56 30 9 
91 70 5 1 74 11 77 45 82 28 34 0 31 65 24 97 48 66 33 53 7 88 8 91 0 10 71 97 80 3 93 21 60 49 47 36 89 40 51 32 
48 88 66 70 5 89 34 13 60 54 75 31 0 42 95 19 3 80 79 23 9 32 23 2 22 30 62 74 1 32 53 98 78 40 86 74 58 100 93 81 
28 87 69 100 42 35 76 84 40 79 16 65 42 0 60 52 15 52 96 52 33 6 13 57 69 70 20 39 9 72 99 34 2 58 54 83 44 4 78 65 
42 12 39 39 7 100 46 74 79 40 81 24 95 60 0 86 52 69 31 26 48 92 71 37 13 75 3 16 87 15 77 76 3 22 17 43 99 83 17 3 
47 27 3 82 72 72 76 31 57 81 22 97 19 52 86 0 62 42 52 43 90 45 26 96 81 52 39 84 70 62 12 66 12 34 84 12 69 97 11 9 
53 77 15 59 79 40 67 21 30 16 52 48 3 15 52 62 0 14 99 27 20 54 18 19 23 36 8 13 37 60 42 34 80 86 70 62 63 88 57 2 
12 65 81 27 49 98 82 38 41 38 39 66 80 52 69 42 14 0 69 25 24 89 13 57 18 54 10 71 53 86 74 45 56 62 91 92 12 80 91 2 
6 7 1 9 21 48 32 94 49 30 47 33 79 96 31 52 99 69 0 7 67 92 85 18 78 18 7 7 22 67 93 60 61 17 82 46 83 90 19 60 
58 98 84 5 59 54 81 76 64 81 80 53 23 52 26 43 27 25 7 0 87 5 99 33 76 74 99 57 65 84 47 63 84 21 58 57 9 66 53 25 
29 54 44 72 100 54 53 64 78 59 65 7 9 33 48 90 20 24 67 87 0 49 87 41 59 61 8 11 93 83 25 80 95 32 37 88 69 43 54 28 
10 48 54 78 17 11 25 46 54 96 22 88 32 6 92 45 54 89 92 5 49 0 81 28 33 9 73 23 81 54 93 2 14 2 25 100 84 54 30 1 
31 60 21 41 40 17 51 57 83 80 59 8 23 13 71 26 18 13 85 99 87 81 0 33 15 56 51 23 42 31 61 81 80 47 53 89 29 96 96 47 
95 60 76 14 91 8 56 61 99 62 44 91 2 57 37 96 19 57 18 33 41 28 33 0 50 11 2 57 54 34 35 14 64 37 42 27 27 46 92 6 
47 91 61 50 70 94 62 83 17 43 100 0 22 69 13 81 23 18 78 76 59 33 15 50 0 97 90 26 35 15 62 87 28 30 33 62 87 43 34 5 
84 40 72 61 24 0 83 54 82 96 50 10 30 70 75 52 36 54 18 74 61 9 56 11 97 0 72 46 88 11 6 21 75 67 63 22 1 64 29 70 
98 65 2 28 26 70 56 80 88 69 41 71 62 20 3 39 8 10 7 99 8 73 51 2 90 72 0 26 65 67 48 95 37 49 50 9 58 17 20 33 
28 75 63 3 91 41 66 0 80 32 60 97 74 39 16 84 13 71 7 57 11 23 23 57 26 46 26 0 6 3 22 13 68 77 10 11 85 32 27 7 
76 11 46 14 51 79 58 66 51 1 0 80 1 9 87 70 37 53 22 65 93 81 42 54 35 88 65 6 0 92 14 40 32 46 87 16 65 59 61 37 
13 19 47 46 30 26 36 43 34 18 10 3 32 72 15 62 60 86 67 84 83 54 31 34 15 11 67 3 92 0 68 21 91 76 17 29 58 52 28 8 
89 79 32 86 88 21 98 13 55 7 94 93 53 99 77 12 42 74 93 47 25 93 61 35 62 6 48 22 14 68 0 83 83 17 31 37 54 21 76 78 
61 7 65 56 92 43 67 62 63 57 94 21 98 34 76 66 34 45 60 63 80 2 81 14 87 21 95 13 40 21 83 0 43 76 60 2 29 7 78 36 
66 88 38 46 61 42 29 32 35 51 85 60 78 2 3 12 80 56 61 84 95 14 80 64 28 75 37 68 32 91 83 43 0 61 55 5 44 10 32 55 
4 22 77 98 68 13 63 70 73 16 95 49 40 58 22 34 86 62 17 21 32 2 47 37 30 67 49 77 46 76 17 76 61 0 6 56 71 98 96 37 
59 14 59 13 45 11 31 100 83 81 55 47 86 54 17 84 70 91 82 58 37 25 53 42 33 63 50 10 87 17 31 60 55 6 0 80 8 17 86 50 
15 73 66 76 41 19 43 44 70 21 70 36 74 83 43 12 62 92 46 57 88 100 89 27 62 22 9 11 16 29 37 2 5 56 80 0 94 88 16 81 
99 67 76 99 69 30 3 8 87 58 45 89 58 44 99 69 63 12 83 9 69 84 29 27 87 1 58 85 65 58 54 29 44 71 8 94 0 47 77 74 
35 63 11 73 47 62 18 57 84 30 56 40 100 4 83 97 88 80 90 66 43 54 96 46 43 64 17 32 59 52 21 7 10 98 17 88 47 0 32 50 
85 3 94 94 3 68 13 86 3 36 30 51 93 78 17 11 57 91 19 53 54 30 96 92 34 29 20 27 61 28 76 78 32 96 86 16 77 32 0 36 
3 67 100 97 23 92 87 88 30 59 9 32 81 65 3 9 2 2 60 25 28 1 47 6 5 70 33 7 37 8 78 36 55 37 50 81 74 50 36 0 
BBBRBRRBBBBBBBRRRBRRRBRRRBRRRBRRBRBRRBBB
