50
0 68 23 3 25 60 99 82 72 100 1 70 64 34 97 16 2 41 8 66 36 25 18 39 19 65 15 70 14 44 55 16 62 56 24 32 0 10 43 46 2 67 93 49 40 19 85 18 29 83 
68 0 67 26 76 20 85 26 45 22 23 20 83 68 23 80 1 3 29 53 10 93 90 31 70 41 66 33 11 13 1 5 28 49 29 97 99 40 15 17 86 42 64 95 4 91 85 91 80 59 
23 67 0 97 33 71 96 65 91 43 42 7 30 89 82 65 62 17 69 26 32 96 16 86 68 19 82 74 70 14 98 91 0 5 33 16 47 86 72 61 80 94 39 96 34 91 15 18 16 23 
3 26 97 0 35 43 7 8 5 10 40 33 93 74 55 59 80 39 88 16 0 95 44 50 47 26 90 65 22 76 3 73 3 52 90 68 34 26 35 42 18 82 24 88 47 5 39 10 65 93 
25 76 33 35 0 18 42 7 30 39 49 60 15 84 86 32 99 22 75 51 24 90 83 94 21 60 93 30 69 0 58 88 35 14 76 41 9 25 71 57 34 50 55 20 100 2 29 58 47 6 
60 20 71 43 18 0 18 52 46 10 18 78 30 88 27 83 65 83 71 82 75 25 84 82 67 70 34 79 15 42 30 83 23 33 33 28 65 3 56 61 15 35 96 75 8 79 99 16 3 34 
99 85 96 7 42 18 0 84 80 34 35 53 55 12 93 65 82 99 58 86 33 35 39 72 75 29 66 24 29 40 60 50 83 99 92 75 1 81 51 22 25 16 99 6 90 74 45 89 71 21 
82 26 65 8 7 52 84 0 98 59 70 87 89 5 76 37 66 69 58 96 4 67 71 100 74 95 40 76 90 91 100 60 17 40 44 18 83 23 95 67 33 16 85 79 46 59 68 61 95 70 
72 45 91 5 30 46 80 98 0 54 17 52 44 19 78 43 10 18 97 94 0 23 43 26 0 7 10 15 11 87 92 65 92 5 68 53 67 93 12 87 25 15 84 46 72 57 1 20 86 22 
100 22 43 10 39 10 34 59 54 0 48 99 1 14 94 29 92 61 84 92 31 18 77 46 60 28 61 92 9 78 52 42 23 24 69 85 92 27 99 75 5 26 53 64 79 5 11 69 13 75 
1 23 42 40 49 18 35 70 17 48 0 48 64 78 56 83 93 80 63 21 6 11 67 53 35 21 11 98 87 33 15 37 34 65 3 63 35 25 32 19 60 1 85 85 78 34 88 57 76 81 
70 20 7 33 60 78 53 87 52 99 48 0 23 22 50 58 62 37 77 12 39 16 98 91 28 79 77 99 47 69 0 9 75 9 37 100 95 81 22 47 10 55 76 63 86 3 85 10 75 61 
64 83 30 93 15 30 55 89 44 1 64 23 0 42 10 19 70 30 58 50 60 51 39 0 83 11 42 92 67 85 21 27 84 53 13 51 19 59 84 86 33 89 46 28 46 75 74 42 6 2 
34 68 89 74 84 88 12 5 19 14 78 22 42 0 81 37 2 24 94 61 45 51 100 93 37 44 29 28 98 58 49 0 53 26 74 70 63 94 98 76 70 51 99 51 37 69 33 29 54 16 
97 23 82 55 86 27 93 76 78 94 56 50 10 81 0 84 90 88 22 48 13 82 69 57 47 83 100 48 38 96 37 46 21 36 21 15 36 21 66 16 56 97 43 45 88 58 65 14 48 51 
16 80 65 59 32 83 65 37 43 29 83 58 19 37 84 0 43 23 28 58 38 50 25 47 93 2 19 67 95 66 57 3 92 8 56 18 20 7 97 33 65 32 8 40 98 6 6 50 40 98 
2 1 62 80 99 65 82 66 10 92 93 62 70 2 90 43 0 98 73 10 80 66 1 26 98 32 79 32 81 95 26 2 90 40 43 1 92 14 75 68 26 22 11 36 17 90 16 69 77 13 
41 3 17 39 22 83 99 69 18 61 80 37 30 24 88 23 98 0 60 6 74 66 31 87 51 30 92 91 32 41 90 25 91 95 76 34 61 28 27 8 36 97 90 69 59 64 26 23 22 37 
8 29 69 88 75 71 58 58 97 84 63 77 58 94 22 28 73 60 0 39 75 52 46 12 52 37 33 84 12 81 34 23 68 26 0 5 16 50 44 63 56 46 86 14 90 53 15 60 40 24 
66 53 26 16 51 82 86 96 94 92 21 12 50 61 48 58 10 6 39 0 7 17 10 99 89 39 81 12 36 76 83 60 84 47 0 12 34 46 34 34 47 70 18 85 56 22 75 82 4 57 
36 10 32 0 24 75 33 4 0 31 6 39 60 45 13 38 80 74 75 7 0 18 11 61 80 44 21 100 58 5 14 82 27 98 62 76 54 100 35 26 82 97 64 30 40 31 91 5 8 40 
25 93 96 95 90 25 35 67 23 18 11 16 51 51 82 50 66 66 52 17 18 0 52 29 74 86 11 49 60 29 92 9 68 4 49 75 77 28 86 49 17 85 65 11 57 25 57 2 47 6 
18 90 16 44 83 84 39 71 43 77 67 98 39 100 69 25 1 31 46 10 11 52 0 31 76 80 19 17 40 38 42 25 98 77 76 13 0 77 21 1 19 2 56 94 31 97 26 23 31 70 
39 31 86 50 94 82 72 100 26 46 53 91 0 93 57 47 26 87 12 99 61 29 31 0 79 62 100 31 85 27 70 98 70 4 15 30 77 40 96 7 53 54 76 10 5 62 44 56 3 49 
19 70 68 47 21 67 75 74 0 60 35 28 83 37 47 93 98 51 52 89 80 74 76 79 0 30 80 81 73 33 44 16 35 32 61 32 64 8 34 11 44 1 28 23 46 57 10 75 84 1 
65 41 19 26 60 70 29 95 7 28 21 79 11 44 83 2 32 30 37 39 44 86 80 62 30 0 60 27 88 96 8 64 94 85 37 57 8 70 7 29 31 7 89 31 28 50 40 1 31 26 
15 66 82 90 93 34 66 40 10 61 11 77 42 29 100 19 79 92 33 81 21 11 19 100 80 60 0 63 32 94 17 90 31 89 93 6 96 30 66 98 46 2 36 100 72 64 0 96 85 86 
70 33 74 65 30 79 24 76 15 92 98 99 92 28 48 67 32 91 84 12 100 49 17 31 81 27 63 0 47 74 74 9 84 23 17 80 48 15 60 48 23 64 28 22 52 90 6 10 18 72 
14 11 70 22 69 15 29 90 11 9 87 47 67 98 38 95 81 32 12 36 58 60 40 85 73 88 32 47 0 26 40 73 16 63 96 58 35 53 15 58 73 47 63 49 78 59 100 55 93 62 
44 13 14 76 0 42 40 91 87 78 33 69 85 58 96 66 95 41 81 76 5 29 38 27 33 96 94 74 26 0 63 18 91 56 31 30 68 69 74 85 7 60 71 86 58 42 61 71 77 94 
55 1 98 3 58 30 60 100 92 52 15 0 21 49 37 57 26 90 34 83 14 92 42 70 44 8 17 74 40 63 0 65 28 3 18 21 21 95 71 46 62 96 82 35 30 97 22 97 54 24 
16 5 91 73 88 83 50 60 65 42 37 9 27 0 46 3 2 25 23 60 82 9 25 98 16 64 90 9 73 18 65 0 48 70 87 70 90 11 43 88 70 87 75 57 91 71 56 72 7 32 
62 28 0 3 35 23 83 17 92 23 34 75 84 53 21 92 90 91 68 84 27 68 98 70 35 94 31 84 16 91 28 48 0 43 95 55 78 60 43 80 54 51 43 62 87 93 40 0 61 49 
56 49 5 52 14 33 99 40 5 24 65 9 53 26 36 8 40 95 26 47 98 4 77 4 32 85 89 23 63 56 3 70 43 0 22 75 43 63 70 61 54 87 18 81 22 29 1 15 14 73 
24 29 33 90 76 33 92 44 68 69 3 37 13 74 21 56 43 76 0 0 62 49 76 15 61 37 93 17 96 31 18 87 95 22 0 95 46 38 63 85 99 67 50 39 83 92 36 41 7 65 
32 97 16 68 41 28 75 18 53 85 63 100 51 70 15 18 1 34 5 12 76 75 13 30 32 57 6 80 58 30 21 70 55 75 95 0 53 3 98 87 89 50 79 6 93 86 11 37 7 93 
0 99 47 34 9 65 1 83 67 92 35 95 19 63 36 20 92 61 16 34 54 77 0 77 64 8 96 48 35 68 21 90 78 43 46 53 0 62 4 33 28 81 48 63 67 97 39 54 23 31 
10 40 86 26 25 3 81 23 93 27 25 81 59 94 21 7 14 28 50 46 100 28 77 40 8 70 30 15 53 69 95 11 60 63 38 3 62 0 89 24 75 14 33 35 0 28 47 66 31 82 
43 15 72 35 71 56 51 95 12 99 32 22 84 98 66 97 75 27 44 34 35 86 21 96 34 7 66 60 15 74 71 43 43 70 63 98 4 89 0 9 61 9 47 96 88 62 38 64 40 90 
46 17 61 42 57 61 22 67 87 75 19 47 86 76 16 33 68 8 63 34 26 49 1 7 11 29 98 48 58 85 46 88 80 61 85 87 33 24 9 0 26 37 3 34 89 61 2 73 66 44 
2 86 80 18 34 15 25 33 25 5 60 10 33 70 56 65 26 36 56 47 82 17 19 53 44 31 46 23 73 7 62 70 54 54 99 89 28 75 61 26 0 9 90 22 31 46 13 80 80 0 
67 42 94 82 50 35 16 16 15 26 1 55 89 51 97 32 22 97 46 70 97 85 2 54 1 7 2 64 47 60 96 87 51 87 67 50 81 14 9 37 9 0 45 81 67 30 71 75 90 32 
93 64 39 24 55 96 99 85 84 53 85 76 46 99 43 8 11 90 86 18 64 65 56 76 28 89 36 28 63 71 82 75 43 18 50 79 48 33 47 3 90 45 0 76 79 14 20 18 22 84 
49 95 96 88 20 75 6 79 46 64 85 63 28 51 45 40 36 69 14 85 30 11 94 10 23 31 100 22 49 86 35 57 62 81 39 6 63 35 96 34 22 81 76 0 15 42 73 74 60 87 
40 4 34 47 100 8 90 46 72 79 78 86 46 37 88 98 17 59 90 56 40 57 31 5 46 28 72 52 78 58 30 91 87 22 83 93 67 0 88 89 31 67 79 15 0 80 46 1 61 64 
19 91 91 5 2 79 74 59 57 5 34 3 75 69 58 6 90 64 53 22 31 25 97 62 57 50 64 90 59 42 97 71 93 29 92 86 97 28 62 61 46 30 14 42 80 0 19 53 3 55 
85 85 15 39 29 99 45 68 1 11 88 85 74 33 65 6 16 26 15 75 91 57 26 44 10 40 0 6 100 61 22 56 40 1 36 11 39 47 38 2 13 71 20 73 46 19 0 59 54 46 
18 91 18 10 58 16 89 61 20 69 57 10 42 29 14 50 69 23 60 82 5 2 23 56 75 1 96 10 55 71 97 72 0 15 41 37 54 66 64 73 80 75 18 74 1 53 59 0 71 85 
29 80 16 65 47 3 71 95 86 13 76 75 6 54 48 40 77 22 40 4 8 47 31 3 84 31 85 18 93 77 54 7 61 14 7 7 23 31 40 66 80 90 22 60 61 3 54 71 0 67 
83 59 23 93 6 34 21 70 22 75 81 61 2 16 51 98 13 37 24 57 40 6 70 49 1 26 86 72 62 94 24 32 49 73 65 93 31 82 90 44 0 32 84 87 64 55 46 85 67 0 
BBBBBRRBBRRRRRBBRBBRBBBBRRBRBBRRRRBBBRRBRRRBBBRRRR
