30
0 67 77 60 61 50 22 46 29 45 16 76 62 66 76 36 16 87 97 96 95 64 72 88 66 5 73 64 82 100 
67 0 87 31 11 20 75 1 38 40 34 58 24 93 16 37 91 62 80 46 42 65 43 94 17 19 38 27 72 25 
77 87 0 31 55 34 85 3 76 39 29 56 53 8 75 91 2 32 99 18 23 69 41 1 36 71 60 56 36 25 
60 31 31 0 39 8 16 59 1 92 41 56 70 88 81 16 80 56 89 25 68 88 63 23 1 18 25 69 78 98 
61 11 55 39 0 91 60 16 4 100 94 25 31 21 34 9 79 75 0 74 3 32 57 77 27 66 97 95 36 36 
50 20 34 8 91 0 46 59 53 5 5 25 13 90 62 3 38 100 3 86 15 89 21 49 21 21 55 17 40 40 
22 75 85 16 60 46 0 57 68 71 44 21 93 90 63 78 57 78 50 88 39 51 67 41 16 88 52 8 41 61 
46 1 3 59 16 59 57 0 50 16 57 34 100 37 52 24 33 11 46 21 83 56 11 96 79 76 47 54 42 3 
29 38 76 1 4 53 68 50 0 22 20 98 0 96 7 86 53 24 35 27 52 75 51 66 94 83 51 61 12 22 
45 40 39 92 100 5 71 16 22 0 23 92 19 57 75 100 76 39 81 11 25 74 15 84 88 74 18 25 89 88 
16 34 29 41 94 5 44 57 20 23 0 13 40 49 33 83 92 1 19 62 93 19 41 32 72 50 58 21 25 60 
76 58 56 56 25 25 21 34 98 92 13 0 25 63 9 32 6 97 3 13 53 8 83 90 35 52 51 47 37 55 
62 24 53 70 31 13 93 100 0 19 40 25 0 96 86 11 20 53 77 23 95 98 47 2 9 18 48 93 91 100 
66 93 8 88 21 90 90 37 96 57 49 63 96 0 90 28 57 16 42 11 8 69 57 74 18 70 18 60 39 58 
76 16 75 81 34 62 63 52 7 75 33 9 86 90 0 35 62 5 15 93 94 38 67 44 98 30 36 18 67 41 
36 37 91 16 9 3 78 24 86 100 83 32 11 28 35 0 70 59 28 7 90 28 86 41 71 35 78 35 96 31 
16 91 2 80 79 38 57 33 53 76 92 6 20 57 62 70 0 28 85 25 82 83 29 74 8 56 49 44 42 42 
87 62 32 56 75 100 78 11 24 39 1 97 53 16 5 59 28 0 46 15 4 75 23 22 11 36 55 7 96 87 
97 80 99 89 0 3 50 46 35 81 19 3 77 42 15 28 85 46 0 85 20 2 71 99 40 30 40 73 30 77 
96 46 18 25 74 86 88 21 27 11 62 13 23 11 93 7 25 15 85 0 94 66 100 21 23 86 2 42 16 87 
95 42 23 68 3 15 39 83 52 25 93 53 95 8 94 90 82 4 20 94 0 42 18 85 12 44 58 41 73 70 
64 65 69 88 32 89 51 56 75 74 19 8 98 69 38 28 83 75 2 66 42 0 32 44 42 23 12 55 23 49 
72 43 41 63 57 21 67 11 51 15 41 83 47 57 67 86 29 23 71 100 18 32 0 82 8 25 34 89 13 15 
88 94 1 23 77 49 41 96 66 84 32 90 2 74 44 41 74 22 99 21 85 44 82 0 81 6 34 81 54 54 
66 17 36 1 27 21 16 79 94 88 72 35 9 18 98 71 8 11 40 23 12 42 8 81 0 83 36 8 5 26 
5 19 71 18 66 21 88 76 83 74 50 52 18 70 30 35 56 36 30 86 44 23 25 6 83 0 58 29 21 47 
73 38 60 25 97 55 52 47 51 18 58 51 48 18 36 78 49 55 40 2 58 12 34 34 36 58 0 65 49 98 
64 27 56 69 95 17 8 54 61 25 21 47 93 60 18 35 44 7 73 42 41 55 89 81 8 29 65 0 68 23 
82 72 36 78 36 40 41 42 12 89 25 37 91 39 67 96 42 96 30 16 73 23 13 54 5 21 49 68 0 48 
100 25 25 98 36 40 61 3 22 88 60 55 100 58 41 31 42 87 77 87 70 49 15 54 26 47 98 23 48 0 
BBRRRRBBRBBRBRRBRBBRRBRBRBBBRR
