32
0 22 58 16 53 25 27 26 78 94 0 67 94 23 36 35 92 98 98 22 50 28 68 10 89 69 68 3 13 95 37 19 
22 0 60 97 65 25 62 65 84 39 98 83 79 93 77 32 42 28 10 23 32 24 56 16 93 70 48 73 94 62 36 1 
58 60 0 37 86 41 55 65 60 77 29 80 53 75 59 65 30 81 65 21 42 76 60 75 72 8 67 60 41 49 70 31 
16 97 37 0 69 45 39 42 28 98 96 45 89 45 39 80 94 15 13 39 63 100 52 55 16 83 42 97 71 51 98 73 
53 65 86 69 0 63 44 10 77 31 1 59 67 25 49 2 15 28 28 46 18 68 52 36 92 16 59 46 51 74 15 15 
25 25 41 45 63 0 20 4 26 30 72 54 49 63 77 55 47 41 74 76 67 23 7 89 54 59 66 64 29 48 20 76 
27 62 55 39 44 20 0 38 3 5 34 6 82 52 4 62 75 86 22 70 74 45 71 61 66 100 49 95 76 0 0 64 
26 65 65 42 10 4 38 0 35 68 82 50 26 47 29 60 70 67 31 43 88 33 53 38 39 37 43 87 66 31 54 68 
78 84 60 28 77 26 3 35 0 5 49 70 0 14 30 3 18 15 77 95 69 46 0 28 28 52 28 17 77 100 82 60 
94 39 77 98 31 30 5 68 5 0 58 12 67 49 46 21 84 74 36 68 68 1 82 80 90 40 49 16 100 55 42 35 
0 98 29 96 1 72 34 82 49 58 0 54 69 46 6 67 55 72 29 3 98 45 76 20 59 61 58 76 91 65 83 8 
67 83 80 45 59 54 6 50 70 12 54 0 24 62 29 34 23 91 16 47 61 44 35 1 86 83 59 92 56 29 21 10 
94 79 53 89 67 49 82 26 0 67 69 24 0 62 79 31 84 59 61 41 20 19 73 75 44 63 81 87 77 69 81 68 
23 93 75 45 25 63 52 47 14 49 46 62 62 0 62 29 60 51 32 94 18 72 17 24 98 47 42 2 67 22 92 18 
36 77 59 39 49 77 4 29 30 46 6 29 79 62 0 85 41 21 9 52 24 87 72 62 26 78 30 18 72 71 32 67 
35 32 65 80 2 55 62 60 3 21 67 34 31 29 85 0 45 64 54 38 44 91 36 47 38 48 1 49 93 91 98 41 
92 42 30 94 15 47 75 70 18 84 55 23 84 60 41 45 0 37 1 73 60 8 79 1 50 83 23 30 11 38 4 60 
98 28 81 15 28 41 86 67 15 74 72 91 59 51 21 64 37 0 20 56 30 11 44 29 52 43 47 10 13 13 13 86 
98 10 65 13 28 74 22 31 77 36 29 16 61 32 9 54 1 20 0 18 62 59 30 94 76 7 29 98 33 26 91 7 
22 23 21 39 46 76 70 43 95 68 3 47 41 94 52 38 73 56 18 0 39 7 87 68 76 12 24 18 90 57 35 72 
50 32 42 63 18 67 74 88 69 68 98 61 20 18 24 44 60 30 62 39 0 62 35 11 30 9 69 17 5 87 97 21 
28 24 76 100 68 23 45 33 46 1 45 44 19 72 87 91 8 11 59 7 62 0 14 82 83 83 8 80 97 63 74 69 
68 56 60 52 52 7 71 53 0 82 76 35 73 17 72 36 79 44 30 87 35 14 0 77 62 64 3 0 88 63 34 62 
10 16 75 55 36 89 61 38 28 80 20 1 75 24 62 47 1 29 94 68 11 82 77 0 30 92 73 61 68 11 55 24 
89 93 72 16 92 54 66 39 28 90 59 86 44 98 26 38 50 52 76 76 30 83 62 30 0 91 23 86 35 40 47 60 
69 70 8 83 16 59 100 37 52 40 61 83 63 47 78 48 83 43 7 12 9 83 64 92 91 0 60 52 23 80 59 36 
68 48 67 42 59 66 49 43 28 49 58 59 81 42 30 1 23 47 29 24 69 8 3 73 23 60 0 2 55 47 44 86 
3 73 60 97 46 64 95 87 17 16 76 92 87 2 18 49 30 10 98 18 17 80 0 61 86 52 2 0 84 77 65 21 
13 94 41 71 51 29 76 66 77 100 91 56 77 67 72 93 11 13 33 90 5 97 88 68 35 23 55 84 0 33 99 67 
95 62 49 51 74 48 0 31 100 55 65 29 69 22 71 91 38 13 26 57 87 63 63 11 40 80 47 77 33 0 76 81 
37 36 70 98 15 20 0 54 82 42 83 21 81 92 32 98 4 13 91 35 97 74 34 55 47 59 44 65 99 76 0 49 
19 1 31 73 15 76 64 68 60 35 8 10 68 18 67 41 60 86 7 72 21 69 62 24 60 36 86 21 67 81 49 0 
RRBRRRBRBBRRBBRBRBRRRBRBBBRBRBBB
