28
0 17 65 56 85 44 7 46 27 8 42 91 73 48 16 71 8 0 48 13 80 85 18 36 54 37 30 25 
17 0 0 25 58 50 53 54 61 32 43 53 84 41 43 11 31 84 62 82 86 60 30 48 83 7 47 82 
65 0 0 59 86 70 46 13 14 40 3 90 71 98 33 59 91 74 49 8 56 9 42 56 68 15 19 95 
56 25 59 0 36 22 5 13 49 31 23 100 70 39 14 72 85 38 75 61 81 99 21 7 45 28 99 95 
85 58 86 36 0 33 85 1 45 75 37 60 63 33 5 56 96 65 59 62 70 27 59 74 71 37 100 39 
44 50 70 22 33 0 63 71 87 32 66 86 99 46 30 37 24 71 73 88 98 6 17 43 4 100 84 41 
7 53 46 5 85 63 0 17 35 76 43 54 55 63 83 44 15 55 24 90 63 21 15 19 87 72 30 97 
46 54 13 13 1 71 17 0 59 18 61 19 29 30 15 39 49 73 2 1 23 80 12 44 6 89 34 76 
27 61 14 49 45 87 35 59 0 46 84 99 69 29 78 96 36 5 9 99 15 40 52 12 46 51 25 58 
8 32 40 31 75 32 76 18 46 0 21 87 48 44 82 16 18 8 31 31 29 23 65 11 53 68 5 5 
42 43 3 23 37 66 43 61 84 21 0 78 67 6 10 47 45 72 20 72 62 47 33 100 69 84 21 76 
91 53 90 100 60 86 54 19 99 87 78 0 49 92 72 80 0 92 53 66 37 57 34 57 64 7 49 1 
73 84 71 70 63 99 55 29 69 48 67 49 0 24 7 51 56 88 62 96 33 39 59 34 51 18 23 31 
48 41 98 39 33 46 63 30 29 44 6 92 24 0 0 42 98 71 14 1 45 12 14 38 76 54 1 36 
16 43 33 14 5 30 83 15 78 82 10 72 7 0 0 83 84 33 91 59 53 28 67 83 28 46 4 65 
71 11 59 72 56 37 44 39 96 16 47 80 51 42 83 0 65 36 24 28 82 71 83 11 68 57 79 73 
8 31 91 85 96 24 15 49 36 18 45 0 56 98 84 65 0 100 54 97 24 59 67 43 84 71 68 18 
0 84 74 38 65 71 55 73 5 8 72 92 88 71 33 36 100 0 79 30 84 87 65 83 69 55 4 100 
48 62 49 75 59 73 24 2 9 31 20 53 62 14 91 24 54 79 0 51 73 31 71 96 90 62 24 48 
13 82 8 61 62 88 90 1 99 31 72 66 96 1 59 28 97 30 51 0 95 39 54 71 93 73 41 90 
80 86 56 81 70 98 63 23 15 29 62 37 33 45 53 82 24 84 73 95 0 62 5 47 94 45 100 1 
85 60 9 99 27 6 21 80 40 23 47 57 39 12 28 71 59 87 31 39 62 0 93 98 85 83 32 71 
18 30 42 21 59 17 15 12 52 65 33 34 59 14 67 83 67 65 71 54 5 93 0 62 95 67 28 2 
36 48 56 7 74 43 19 44 12 11 100 57 34 38 83 11 43 83 96 71 47 98 62 0 74 78 6 83 
54 83 68 45 71 4 87 6 46 53 69 64 51 76 28 68 84 69 90 93 94 85 95 74 0 3 50 6 
37 7 15 28 37 100 72 89 51 68 84 7 18 54 46 57 71 55 62 73 45 83 67 78 3 0 7 81 
30 47 19 99 100 84 30 34 25 5 21 49 23 1 4 79 68 4 24 41 100 32 28 6 50 7 0 36 
25 82 95 95 39 41 97 76 58 5 76 1 31 36 65 73 18 100 48 90 1 71 2 83 6 81 36 0 
BBRBRBRRBBRRBRRRBBBBBBRRRBRR
