46
0 78 9 69 86 78 61 7 38 17 21 72 49 62 75 33 53 66 70 91 100 92 20 73 9 5 18 45 24 11 14 89 6 99 23 40 93 11 68 10 73 3 70 98 50 97 
78 0 48 68 75 24 28 38 12 32 84 2 79 27 49 51 72 11 43 35 72 60 29 0 11 34 52 72 34 16 46 10 44 7 91 9 36 33 6 4 76 76 66 49 11 34 
9 48 0 100 85 91 29 16 68 81 40 51 94 22 80 42 67 95 12 31 63 29 23 83 24 20 32 53 61 42 50 36 1 5 85 5 16 68 0 78 5 22 67 33 89 91 
69 68 100 0 35 33 31 45 28 71 66 84 48 7 45 65 62 54 41 38 8 19 48 34 85 14 61 49 5 33 8 6 54 61 50 88 31 97 100 74 7 89 20 25 64 59 
86 75 85 35 0 85 67 60 87 84 96 38 70 53 98 16 38 0 58 18 33 86 0 27 37 36 91 53 74 55 94 15 26 13 74 63 12 99 83 66 53 74 54 48 17 85 
78 24 91 33 85 0 89 58 84 82 40 51 19 7 39 40 75 88 63 39 100 40 22 90 42 59 73 31 54 94 19 84 67 78 36 15 31 16 92 25 35 77 7 1 49 68 
61 28 29 31 67 89 0 56 21 34 31 33 8 97 41 72 90 15 33 24 9 1 54 77 58 64 90 66 87 95 7 36 62 27 56 80 55 36 14 31 55 6 81 73 70 36 
7 38 16 45 60 58 56 0 100 71 49 79 78 6 19 82 87 81 52 18 71 22 4 73 87 3 60 38 6 8 52 41 45 12 6 64 39 13 46 21 52 39 78 54 20 25 
38 12 68 28 87 84 21 100 0 44 2 83 42 56 42 37 46 37 95 76 82 60 26 0 4 79 90 42 87 73 71 15 32 40 64 41 86 44 9 86 91 36 18 2 56 64 
17 32 81 71 84 82 34 71 44 0 66 48 61 44 11 55 29 89 70 23 22 6 2 91 62 97 25 86 47 71 63 5 36 26 10 13 48 93 49 60 63 26 66 55 27 13 
21 84 40 66 96 40 31 49 2 66 0 88 21 33 68 19 35 81 76 59 1 6 2 38 100 22 45 89 58 20 74 32 24 1 12 95 54 97 65 50 33 84 97 66 8 50 
72 2 51 84 38 51 33 79 83 48 88 0 65 69 64 98 44 38 61 23 46 90 83 2 89 29 10 26 87 73 6 76 64 70 24 70 31 82 75 63 98 7 26 38 29 77 
49 79 94 48 70 19 8 78 42 61 21 65 0 88 47 92 5 73 91 13 22 5 85 81 69 16 99 49 58 44 35 14 7 71 65 71 44 78 20 13 84 56 49 40 96 38 
62 27 22 7 53 7 97 6 56 44 33 69 88 0 83 6 48 17 61 21 46 27 81 22 51 4 57 12 72 93 27 20 50 12 36 49 59 45 16 82 64 48 82 19 1 55 
75 49 80 45 98 39 41 19 42 11 68 64 47 83 0 68 89 61 23 60 73 86 44 97 0 41 31 82 73 30 2 50 76 74 99 7 5 68 70 95 10 57 55 8 46 44 
33 51 42 65 16 40 72 82 37 55 19 98 92 6 68 0 91 60 36 44 90 38 65 24 26 96 63 12 35 4 63 85 54 43 59 38 86 20 89 18 88 67 37 13 55 4 
53 72 67 62 38 75 90 87 46 29 35 44 5 48 89 91 0 47 16 9 22 13 92 14 95 17 76 99 15 2 94 16 7 77 32 79 0 25 26 87 62 88 59 44 1 4 
66 11 95 54 0 88 15 81 37 89 81 38 73 17 61 60 47 0 92 48 43 94 47 7 15 100 62 38 95 100 92 78 79 19 32 35 35 83 5 38 65 35 11 36 17 8 
70 43 12 41 58 63 33 52 95 70 76 61 91 61 23 36 16 92 0 39 45 63 11 55 69 20 6 83 77 66 73 95 43 0 74 80 40 32 20 29 50 41 78 49 69 90 
91 35 31 38 18 39 24 18 76 23 59 23 13 21 60 44 9 48 39 0 21 66 9 43 19 18 11 37 56 60 18 65 90 88 3 63 51 60 55 12 50 52 51 91 9 29 
100 72 63 8 33 100 9 71 82 22 1 46 22 46 73 90 22 43 45 21 0 95 40 93 1 24 13 58 55 92 81 60 56 97 90 67 41 35 14 72 62 53 70 1 54 86 
92 60 29 19 86 40 1 22 60 6 6 90 5 27 86 38 13 94 63 66 95 0 32 63 66 25 96 40 54 70 20 31 44 68 96 89 3 23 63 14 11 70 22 79 14 59 
20 29 23 48 0 22 54 4 26 2 2 83 85 81 44 65 92 47 11 9 40 32 0 79 90 42 13 84 79 13 56 11 32 33 68 29 49 97 47 41 98 21 86 15 28 14 
73 0 83 34 27 90 77 73 0 91 38 2 81 22 97 24 14 7 55 43 93 63 79 0 48 96 86 47 82 43 69 84 50 94 61 65 96 97 73 22 36 63 21 78 90 61 
9 11 24 85 37 42 58 87 4 62 100 89 69 51 0 26 95 15 69 19 1 66 90 48 0 97 50 43 67 95 17 31 6 9 37 23 47 47 14 12 80 71 43 10 34 54 
5 34 20 14 36 59 64 3 79 97 22 29 16 4 41 96 17 100 20 18 24 25 42 96 97 0 97 83 26 52 73 29 27 36 6 49 45 80 61 36 41 94 72 11 40 33 
18 52 32 61 91 73 90 60 90 25 45 10 99 57 31 63 76 62 6 11 13 96 13 86 50 97 0 87 75 40 43 10 12 98 13 0 77 42 37 72 96 22 13 1 50 100 
45 72 53 49 53 31 66 38 42 86 89 26 49 12 82 12 99 38 83 37 58 40 84 47 43 83 87 0 25 99 52 68 33 70 44 62 8 67 80 31 35 14 22 25 25 94 
24 34 61 5 74 54 87 6 87 47 58 87 58 72 73 35 15 95 77 56 55 54 79 82 67 26 75 25 0 47 67 89 20 20 14 21 90 21 31 10 62 5 7 17 72 81 
11 16 42 33 55 94 95 8 73 71 20 73 44 93 30 4 2 100 66 60 92 70 13 43 95 52 40 99 47 0 87 81 1 90 92 14 96 65 0 78 26 60 46 28 17 31 
14 46 50 8 94 19 7 52 71 63 74 6 35 27 2 63 94 92 73 18 81 20 56 69 17 73 43 52 67 87 0 61 63 47 50 93 66 61 41 5 78 61 21 82 25 34 
89 10 36 6 15 84 36 41 15 5 32 76 14 20 50 85 16 78 95 65 60 31 11 84 31 29 10 68 89 81 61 0 3 74 54 50 64 67 41 55 53 50 60 100 75 7 
6 44 1 54 26 67 62 45 32 36 24 64 7 50 76 54 7 79 43 90 56 44 32 50 6 27 12 33 20 1 63 3 0 54 28 2 84 7 98 63 62 31 84 75 96 76 
99 7 5 61 13 78 27 12 40 26 1 70 71 12 74 43 77 19 0 88 97 68 33 94 9 36 98 70 20 90 47 74 54 0 81 56 43 53 12 68 4 70 3 24 7 40 
23 91 85 50 74 36 56 6 64 10 12 24 65 36 99 59 32 32 74 3 90 96 68 61 37 6 13 44 14 92 50 54 28 81 0 7 24 54 55 68 59 34 59 36 68 63 
40 9 5 88 63 15 80 64 41 13 95 70 71 49 7 38 79 35 80 63 67 89 29 65 23 49 0 62 21 14 93 50 2 56 7 0 30 22 68 44 100 40 48 83 69 98 
93 36 16 31 12 31 55 39 86 48 54 31 44 59 5 86 0 35 40 51 41 3 49 96 47 45 77 8 90 96 66 64 84 43 24 30 0 50 25 43 25 33 56 20 8 10 
11 33 68 97 99 16 36 13 44 93 97 82 78 45 68 20 25 83 32 60 35 23 97 97 47 80 42 67 21 65 61 67 7 53 54 22 50 0 42 30 91 24 8 51 98 76 
68 6 0 100 83 92 14 46 9 49 65 75 20 16 70 89 26 5 20 55 14 63 47 73 14 61 37 80 31 0 41 41 98 12 55 68 25 42 0 82 20 56 5 94 91 48 
10 4 78 74 66 25 31 21 86 60 50 63 13 82 95 18 87 38 29 12 72 14 41 22 12 36 72 31 10 78 5 55 63 68 68 44 43 30 82 0 72 79 3 90 55 67 
73 76 5 7 53 35 55 52 91 63 33 98 84 64 10 88 62 65 50 50 62 11 98 36 80 41 96 35 62 26 78 53 62 4 59 100 25 91 20 72 0 98 95 27 75 19 
3 76 22 89 74 77 6 39 36 26 84 7 56 48 57 67 88 35 41 52 53 70 21 63 71 94 22 14 5 60 61 50 31 70 34 40 33 24 56 79 98 0 94 93 61 0 
70 66 67 20 54 7 81 78 18 66 97 26 49 82 55 37 59 11 78 51 70 22 86 21 43 72 13 22 7 46 21 60 84 3 59 48 56 8 5 3 95 94 0 27 89 28 
98 49 33 25 48 1 73 54 2 55 66 38 40 19 8 13 44 36 49 91 1 79 15 78 10 11 1 25 17 28 82 100 75 24 36 83 20 51 94 90 27 93 27 0 95 60 
50 11 89 64 17 49 70 20 56 27 8 29 96 1 46 55 1 17 69 9 54 14 28 90 34 40 50 25 72 17 25 75 96 7 68 69 8 98 91 55 75 61 89 95 0 67 
97 34 91 59 85 68 36 25 64 13 50 77 38 55 44 4 4 8 90 29 86 59 14 61 54 33 100 94 81 31 34 7 76 40 63 98 10 76 48 67 19 0 28 60 67 0 
RRBRBRBBBBRBRBRBBRBBRRRRBRRRRBRRRRBBBBBRBRBBBR
