50
0 33 45 2 81 17 34 45 31 47 50 53 67 50 3 82 19 18 100 64 45 50 79 56 77 68 21 9 11 80 6 68 34 44 73 44 62 69 54 16 95 57 2 60 33 49 88 23 41 25 
33 0 82 87 16 56 44 54 92 98 89 39 1 41 89 54 46 23 38 100 83 40 34 23 95 16 43 18 88 97 44 92 65 95 14 85 60 15 39 6 83 37 15 23 46 6 13 76 5 63 
45 82 0 75 30 41 50 78 42 21 49 68 77 72 41 58 4 20 77 86 82 35 43 47 7 53 92 10 25 31 88 89 36 75 27 92 72 2 65 55 63 59 73 9 89 85 38 50 99 15 
2 87 75 0 63 66 76 82 62 34 39 49 48 14 32 25 16 65 42 6 19 64 26 76 41 100 58 72 76 95 49 37 86 27 82 77 100 37 20 58 4 28 70 82 87 73 42 17 72 78 
81 16 30 63 0 58 47 5 10 57 85 67 20 22 57 8 5 59 65 18 98 91 50 31 73 56 91 39 44 45 79 34 82 36 29 51 45 83 17 86 21 34 86 61 49 48 52 85 60 43 
17 56 41 66 58 0 25 37 24 94 40 18 89 29 48 30 51 43 56 56 99 72 43 81 59 99 2 29 80 34 38 44 46 67 54 66 85 49 99 86 59 81 92 82 49 47 58 26 50 36 
34 44 50 76 47 25 0 5 38 31 47 5 77 9 51 39 38 12 14 38 91 89 31 22 83 32 80 20 7 62 77 40 62 46 77 50 61 27 68 37 39 81 17 91 57 26 0 20 77 7 
45 54 78 82 5 37 5 0 8 50 70 57 54 27 39 3 1 19 89 53 83 68 51 24 17 97 52 22 91 23 77 85 13 66 83 16 36 16 68 92 82 69 36 83 77 14 22 90 32 42 
31 92 42 62 10 24 38 8 0 80 61 91 94 81 98 51 16 72 13 86 57 20 66 81 99 67 91 51 58 72 8 75 95 85 68 25 32 89 79 87 66 8 27 31 75 43 80 97 80 73 
47 98 21 34 57 94 31 50 80 0 25 67 93 69 67 44 56 52 94 23 43 51 75 24 83 43 35 54 43 42 38 77 45 19 5 10 8 95 13 35 90 76 89 18 39 49 23 31 25 85 
50 89 49 39 85 40 47 70 61 25 0 0 46 68 62 79 5 17 86 87 82 6 61 88 98 6 19 65 40 76 0 23 39 48 99 59 72 55 94 90 88 99 59 41 87 6 8 81 79 21 
53 39 68 49 67 18 5 57 91 67 0 0 75 0 57 31 77 90 1 29 23 39 6 64 91 3 79 13 42 78 24 50 8 89 9 54 51 70 8 15 38 51 57 84 58 65 6 42 74 94 
67 1 77 48 20 89 77 54 94 93 46 75 0 0 96 8 66 39 64 55 27 65 78 100 25 6 80 50 69 75 71 66 47 98 79 43 39 86 3 89 37 86 31 53 14 45 92 89 89 82 
50 41 72 14 22 29 9 27 81 69 68 0 0 0 18 66 21 50 100 16 74 18 80 75 32 8 81 82 38 69 72 55 57 17 68 34 47 47 2 29 77 49 35 51 92 5 27 88 78 93 
3 89 41 32 57 48 51 39 98 67 62 57 96 18 0 31 28 5 48 75 11 66 15 3 90 65 63 96 10 0 49 29 17 9 90 46 51 12 26 36 17 54 19 93 72 40 97 61 53 26 
82 54 58 25 8 30 39 3 51 44 79 31 8 66 31 0 89 27 16 18 92 36 69 18 15 90 81 39 58 54 41 54 71 62 0 48 58 38 6 2 79 60 85 41 88 75 60 48 85 48 
19 46 4 16 5 51 38 1 16 56 5 77 66 21 28 89 0 37 23 38 30 69 81 52 46 18 50 0 86 58 59 0 70 72 37 97 100 57 48 17 38 80 13 0 20 15 32 9 32 84 
18 23 20 65 59 43 12 19 72 52 17 90 39 50 5 27 37 0 35 82 74 48 35 98 62 26 86 37 13 7 45 54 81 60 90 87 0 23 62 14 13 60 22 2 46 52 98 39 75 4 
100 38 77 42 65 56 14 89 13 94 86 1 64 100 48 16 23 35 0 13 28 82 10 38 18 70 6 18 89 78 69 20 22 94 73 23 39 67 75 74 83 2 65 0 47 92 76 88 87 24 
64 100 86 6 18 56 38 53 86 23 87 29 55 16 75 18 38 82 13 0 53 31 20 34 79 69 40 85 33 93 41 94 34 27 28 5 3 76 32 100 34 52 56 82 22 88 77 48 54 88 
45 83 82 19 98 99 91 83 57 43 82 23 27 74 11 92 30 74 28 53 0 100 41 19 28 27 54 23 71 12 48 81 39 66 76 18 68 94 94 34 72 78 49 46 73 34 44 19 41 29 
50 40 35 64 91 72 89 68 20 51 6 39 65 18 66 36 69 48 82 31 100 0 87 83 36 50 62 79 63 47 14 72 44 68 19 17 32 76 14 91 14 76 9 34 27 12 62 46 95 72 
79 34 43 26 50 43 31 51 66 75 61 6 78 80 15 69 81 35 10 20 41 87 0 10 22 24 24 95 39 8 46 38 77 30 92 4 1 79 20 5 62 78 43 4 63 85 62 41 59 41 
56 23 47 76 31 81 22 24 81 24 88 64 100 75 3 18 52 98 38 34 19 83 10 0 2 14 10 53 27 58 52 77 3 73 33 33 57 44 39 44 75 100 4 22 19 80 35 76 66 29 
77 95 7 41 73 59 83 17 99 83 98 91 25 32 90 15 46 62 18 79 28 36 22 2 0 70 41 43 18 60 63 38 83 92 53 58 55 82 23 2 9 2 50 74 5 21 63 54 24 17 
68 16 53 100 56 99 32 97 67 43 6 3 6 8 65 90 18 26 70 69 27 50 24 14 70 0 79 61 48 57 41 69 0 83 14 32 1 86 46 70 53 82 29 63 83 55 31 70 61 85 
21 43 92 58 91 2 80 52 91 35 19 79 80 81 63 81 50 86 6 40 54 62 24 10 41 79 0 70 11 35 12 34 20 8 13 54 47 7 11 26 45 21 36 57 50 49 55 85 69 56 
9 18 10 72 39 29 20 22 51 54 65 13 50 82 96 39 0 37 18 85 23 79 95 53 43 61 70 0 89 97 83 7 72 18 10 32 53 80 65 41 39 37 2 9 61 59 31 64 76 10 
11 88 25 76 44 80 7 91 58 43 40 42 69 38 10 58 86 13 89 33 71 63 39 27 18 48 11 89 0 28 36 12 28 93 84 55 42 21 26 62 34 71 22 6 45 58 41 44 8 7 
80 97 31 95 45 34 62 23 72 42 76 78 75 69 0 54 58 7 78 93 12 47 8 58 60 57 35 97 28 0 1 81 54 63 57 78 98 16 22 41 39 49 8 50 67 4 84 49 88 21 
6 44 88 49 79 38 77 77 8 38 0 24 71 72 49 41 59 45 69 41 48 14 46 52 63 41 12 83 36 1 0 46 6 46 58 80 33 49 57 48 14 47 79 18 75 59 40 50 48 47 
68 92 89 37 34 44 40 85 75 77 23 50 66 55 29 54 0 54 20 94 81 72 38 77 38 69 34 7 12 81 46 0 19 0 38 58 18 71 9 100 62 90 40 64 60 0 92 34 100 54 
34 65 36 86 82 46 62 13 95 45 39 8 47 57 17 71 70 81 22 34 39 44 77 3 83 0 20 72 28 54 6 19 0 52 68 50 36 84 6 34 66 47 77 28 97 87 49 94 49 80 
44 95 75 27 36 67 46 66 85 19 48 89 98 17 9 62 72 60 94 27 66 68 30 73 92 83 8 18 93 63 46 0 52 0 44 57 67 11 59 56 74 14 12 72 93 87 21 0 82 11 
73 14 27 82 29 54 77 83 68 5 99 9 79 68 90 0 37 90 73 28 76 19 92 33 53 14 13 10 84 57 58 38 68 44 0 30 33 75 43 98 53 53 32 13 12 31 78 68 55 57 
44 85 92 77 51 66 50 16 25 10 59 54 43 34 46 48 97 87 23 5 18 17 4 33 58 32 54 32 55 78 80 58 50 57 30 0 99 43 58 36 33 64 26 69 21 84 59 38 78 81 
62 60 72 100 45 85 61 36 32 8 72 51 39 47 51 58 100 0 39 3 68 32 1 57 55 1 47 53 42 98 33 18 36 67 33 99 0 65 29 0 58 58 72 8 59 59 48 2 13 0 
69 15 2 37 83 49 27 16 89 95 55 70 86 47 12 38 57 23 67 76 94 76 79 44 82 86 7 80 21 16 49 71 84 11 75 43 65 0 24 87 18 93 94 89 20 8 11 99 81 32 
54 39 65 20 17 99 68 68 79 13 94 8 3 2 26 6 48 62 75 32 94 14 20 39 23 46 11 65 26 22 57 9 6 59 43 58 29 24 0 37 13 29 99 64 100 41 77 76 78 21 
16 6 55 58 86 86 37 92 87 35 90 15 89 29 36 2 17 14 74 100 34 91 5 44 2 70 26 41 62 41 48 100 34 56 98 36 0 87 37 0 87 65 19 39 92 42 4 1 18 91 
95 83 63 4 21 59 39 82 66 90 88 38 37 77 17 79 38 13 83 34 72 14 62 75 9 53 45 39 34 39 14 62 66 74 53 33 58 18 13 87 0 48 3 19 38 53 74 63 20 3 
57 37 59 28 34 81 81 69 8 76 99 51 86 49 54 60 80 60 2 52 78 76 78 100 2 82 21 37 71 49 47 90 47 14 53 64 58 93 29 65 48 0 33 12 60 63 87 28 70 23 
2 15 73 70 86 92 17 36 27 89 59 57 31 35 19 85 13 22 65 56 49 9 43 4 50 29 36 2 22 8 79 40 77 12 32 26 72 94 99 19 3 33 0 16 86 15 59 89 31 38 
60 23 9 82 61 82 91 83 31 18 41 84 53 51 93 41 0 2 0 82 46 34 4 22 74 63 57 9 6 50 18 64 28 72 13 69 8 89 64 39 19 12 16 0 9 75 35 31 85 74 
33 46 89 87 49 49 57 77 75 39 87 58 14 92 72 88 20 46 47 22 73 27 63 19 5 83 50 61 45 67 75 60 97 93 12 21 59 20 100 92 38 60 86 9 0 73 15 34 69 3 
49 6 85 73 48 47 26 14 43 49 6 65 45 5 40 75 15 52 92 88 34 12 85 80 21 55 49 59 58 4 59 0 87 87 31 84 59 8 41 42 53 63 15 75 73 0 14 80 83 54 
88 13 38 42 52 58 0 22 80 23 8 6 92 27 97 60 32 98 76 77 44 62 62 35 63 31 55 31 41 84 40 92 49 21 78 59 48 11 77 4 74 87 59 35 15 14 0 54 42 90 
23 76 50 17 85 26 20 90 97 31 81 42 89 88 61 48 9 39 88 48 19 46 41 76 54 70 85 64 44 49 50 34 94 0 68 38 2 99 76 1 63 28 89 31 34 80 54 0 79 52 
41 5 99 72 60 50 77 32 80 25 79 74 89 78 53 85 32 75 87 54 41 95 59 66 24 61 69 76 8 88 48 100 49 82 55 78 13 81 78 18 20 70 31 85 69 83 42 79 0 42 
25 63 15 78 43 36 7 42 73 85 21 94 82 93 26 48 84 4 24 88 29 72 41 29 17 85 56 10 7 21 47 54 80 11 57 81 0 32 21 91 3 23 38 74 3 54 90 52 42 0 
BRBBRBBBRBRRBBBRBRRRBRBRRRBRBBBRBBRRBRBRRRRRBRBBRB
