50
0 65 23 63 10 71 40 3 100 58 50 12 47 40 45 70 51 47 12 77 78 65 1 38 27 72 95 35 24 47 93 69 68 5 54 36 50 4 40 56 50 18 89 30 5 49 26 60 26 65 
65 0 12 49 76 53 21 11 29 82 90 0 75 3 58 38 72 57 45 72 9 30 72 20 89 52 15 16 35 18 73 3 31 73 75 35 70 56 14 36 19 26 39 92 27 96 43 82 87 13 
23 12 0 8 34 70 53 51 79 97 1 75 76 89 57 78 66 73 96 54 34 92 26 24 100 28 24 44 82 83 59 84 5 39 46 100 88 18 27 48 50 8 54 72 61 43 88 70 36 48 
63 49 8 0 53 97 9 67 24 44 81 95 23 89 46 83 43 57 85 75 90 92 91 6 44 46 69 49 40 23 58 88 86 98 59 41 47 95 67 99 94 9 79 65 31 15 88 58 75 52 
10 76 34 53 0 27 89 30 57 79 88 66 77 33 15 21 16 36 62 70 92 92 78 49 82 32 9 27 73 84 98 42 91 44 35 83 57 86 87 67 90 55 38 17 80 48 19 59 80 33 
71 53 70 97 27 0 92 29 11 73 2 41 60 59 73 29 79 64 31 99 54 61 37 28 50 95 19 50 76 77 27 24 60 43 17 60 95 53 10 97 21 36 36 3 70 62 67 39 38 60 
40 21 53 9 89 92 0 0 87 50 38 19 91 82 54 16 39 31 90 17 4 74 71 57 42 80 43 43 18 43 72 81 78 54 56 96 63 23 62 5 16 68 51 69 84 59 67 71 25 73 
3 11 51 67 30 29 0 0 98 20 40 19 29 53 88 14 18 19 77 71 22 15 99 53 9 78 16 27 24 1 20 8 23 19 97 93 67 96 87 39 30 14 10 78 87 63 83 33 61 67 
100 29 79 24 57 11 87 98 0 69 98 66 6 85 9 39 24 11 34 7 71 12 30 78 75 38 53 55 7 97 46 51 47 21 55 2 2 47 92 16 40 98 22 40 43 17 36 45 98 43 
58 82 97 44 79 73 50 20 69 0 16 56 33 14 16 17 28 49 53 89 14 10 56 30 68 84 39 13 34 42 36 99 64 13 17 61 53 64 89 92 92 2 9 54 84 13 58 74 59 29 
50 90 1 81 88 2 38 40 98 16 0 77 24 1 19 46 67 37 39 87 44 9 98 23 24 99 74 58 8 58 70 54 90 46 74 43 72 61 5 61 38 100 58 17 62 79 3 33 83 18 
12 0 75 95 66 41 19 19 66 56 77 0 52 20 34 92 36 21 20 73 19 63 78 72 42 4 68 13 66 84 76 76 4 8 51 33 21 23 86 1 51 93 93 65 99 58 26 54 92 50 
47 75 76 23 77 60 91 29 6 33 24 52 0 43 63 91 80 71 1 63 21 41 77 70 9 9 70 62 34 87 19 81 91 53 64 2 18 95 67 53 88 56 34 84 78 64 21 72 63 26 
40 3 89 89 33 59 82 53 85 14 1 20 43 0 11 9 32 96 82 39 39 9 43 13 50 50 37 37 25 90 94 48 76 80 28 16 57 65 87 28 86 27 94 99 68 61 1 3 73 52 
45 58 57 46 15 73 54 88 9 16 19 34 63 11 0 99 17 5 97 57 42 93 91 79 63 18 72 61 41 93 100 61 73 75 95 52 52 30 1 9 27 93 63 79 62 26 2 100 81 52 
70 38 78 83 21 29 16 14 39 17 46 92 91 9 99 0 12 38 36 48 75 4 74 23 0 29 11 32 98 32 29 52 94 20 98 4 5 11 62 64 19 8 6 39 9 46 75 29 14 46 
51 72 66 43 16 79 39 18 24 28 67 36 80 32 17 12 0 44 59 80 85 41 5 89 19 95 6 6 78 24 29 59 35 25 69 97 87 44 78 23 17 50 58 76 24 62 47 15 87 13 
47 57 73 57 36 64 31 19 11 49 37 21 71 96 5 38 44 0 28 91 98 55 80 74 37 86 35 7 2 29 29 51 87 83 62 97 3 26 72 69 41 69 59 37 20 11 28 26 41 40 
12 45 96 85 62 31 90 77 34 53 39 20 1 82 97 36 59 28 0 37 91 1 9 18 55 62 31 3 76 5 23 48 24 64 64 56 40 62 30 17 33 21 77 26 99 14 93 43 34 22 
77 72 54 75 70 99 17 71 7 89 87 73 63 39 57 48 80 91 37 0 34 32 15 52 79 11 11 59 33 13 4 65 50 12 17 19 82 32 67 65 24 63 58 14 94 40 86 33 25 71 
78 9 34 90 92 54 4 22 71 14 44 19 21 39 42 75 85 98 91 34 0 91 63 26 79 80 61 91 75 34 4 15 63 87 62 64 76 19 24 55 94 18 64 31 8 35 27 33 70 32 
65 30 92 92 92 61 74 15 12 10 9 63 41 9 93 4 41 55 1 32 91 0 85 17 88 71 43 93 4 41 38 99 61 54 49 82 66 58 89 51 36 75 46 95 79 0 25 58 37 45 
1 72 26 91 78 37 71 99 30 56 98 78 77 43 91 74 5 80 9 15 63 85 0 24 14 23 98 61 47 73 47 28 96 30 81 70 64 44 69 29 96 64 95 95 12 71 53 29 25 94 
38 20 24 6 49 28 57 53 78 30 23 72 70 13 79 23 89 74 18 52 26 17 24 0 90 87 52 7 24 29 61 77 90 56 40 34 79 29 79 96 26 61 95 32 57 83 87 9 75 9 
27 89 100 44 82 50 42 9 75 68 24 42 9 50 63 0 19 37 55 79 79 88 14 90 0 42 3 48 9 70 9 44 20 3 92 39 19 43 31 66 27 85 55 77 41 25 11 90 61 2 
72 52 28 46 32 95 80 78 38 84 99 4 9 50 18 29 95 86 62 11 80 71 23 87 42 0 38 85 77 6 0 45 5 63 32 57 36 57 19 60 15 14 59 32 45 1 62 71 87 30 
95 15 24 69 9 19 43 16 53 39 74 68 70 37 72 11 6 35 31 11 61 43 98 52 3 38 0 22 70 27 74 25 62 75 31 26 65 63 86 64 44 66 88 53 55 22 5 0 19 52 
35 16 44 49 27 50 43 27 55 13 58 13 62 37 61 32 6 7 3 59 91 93 61 7 48 85 22 0 24 23 85 66 66 60 84 95 47 56 65 23 0 72 8 94 41 77 19 61 21 78 
24 35 82 40 73 76 18 24 7 34 8 66 34 25 41 98 78 2 76 33 75 4 47 24 9 77 70 24 0 80 70 66 6 72 2 48 52 14 19 9 76 70 62 60 88 11 12 72 61 95 
47 18 83 23 84 77 43 1 97 42 58 84 87 90 93 32 24 29 5 13 34 41 73 29 70 6 27 23 80 0 22 98 75 91 60 24 1 8 59 43 95 30 73 0 60 15 39 24 52 81 
93 73 59 58 98 27 72 20 46 36 70 76 19 94 100 29 29 29 23 4 4 38 47 61 9 0 74 85 70 22 0 81 64 13 56 29 98 67 95 55 37 25 26 3 50 23 80 50 37 83 
69 3 84 88 42 24 81 8 51 99 54 76 81 48 61 52 59 51 48 65 15 99 28 77 44 45 25 66 66 98 81 0 43 97 31 68 73 41 9 39 10 19 78 37 9 16 41 25 81 35 
68 31 5 86 91 60 78 23 47 64 90 4 91 76 73 94 35 87 24 50 63 61 96 90 20 5 62 66 6 75 64 43 0 21 25 75 73 45 12 81 65 97 74 82 61 72 24 23 48 96 
5 73 39 98 44 43 54 19 21 13 46 8 53 80 75 20 25 83 64 12 87 54 30 56 3 63 75 60 72 91 13 97 21 0 87 55 24 77 93 65 68 54 23 81 65 96 56 4 16 19 
54 75 46 59 35 17 56 97 55 17 74 51 64 28 95 98 69 62 64 17 62 49 81 40 92 32 31 84 2 60 56 31 25 87 0 3 67 5 23 71 43 45 49 29 41 91 14 15 46 32 
36 35 100 41 83 60 96 93 2 61 43 33 2 16 52 4 97 97 56 19 64 82 70 34 39 57 26 95 48 24 29 68 75 55 3 0 47 64 45 32 92 71 1 10 8 63 79 52 20 68 
50 70 88 47 57 95 63 67 2 53 72 21 18 57 52 5 87 3 40 82 76 66 64 79 19 36 65 47 52 1 98 73 73 24 67 47 0 65 43 45 69 70 71 100 50 3 62 32 8 47 
4 56 18 95 86 53 23 96 47 64 61 23 95 65 30 11 44 26 62 32 19 58 44 29 43 57 63 56 14 8 67 41 45 77 5 64 65 0 38 5 39 72 90 10 56 80 3 3 68 98 
40 14 27 67 87 10 62 87 92 89 5 86 67 87 1 62 78 72 30 67 24 89 69 79 31 19 86 65 19 59 95 9 12 93 23 45 43 38 0 2 18 78 20 35 89 84 10 33 9 9 
56 36 48 99 67 97 5 39 16 92 61 1 53 28 9 64 23 69 17 65 55 51 29 96 66 60 64 23 9 43 55 39 81 65 71 32 45 5 2 0 51 8 76 31 21 18 86 18 58 27 
50 19 50 94 90 21 16 30 40 92 38 51 88 86 27 19 17 41 33 24 94 36 96 26 27 15 44 0 76 95 37 10 65 68 43 92 69 39 18 51 0 98 9 94 88 65 90 9 98 96 
18 26 8 9 55 36 68 14 98 2 100 93 56 27 93 8 50 69 21 63 18 75 64 61 85 14 66 72 70 30 25 19 97 54 45 71 70 72 78 8 98 0 61 29 61 80 84 30 62 23 
89 39 54 79 38 36 51 10 22 9 58 93 34 94 63 6 58 59 77 58 64 46 95 95 55 59 88 8 62 73 26 78 74 23 49 1 71 90 20 76 9 61 0 54 64 73 75 60 90 28 
30 92 72 65 17 3 69 78 40 54 17 65 84 99 79 39 76 37 26 14 31 95 95 32 77 32 53 94 60 0 3 37 82 81 29 10 100 10 35 31 94 29 54 0 16 93 4 33 70 38 
5 27 61 31 80 70 84 87 43 84 62 99 78 68 62 9 24 20 99 94 8 79 12 57 41 45 55 41 88 60 50 9 61 65 41 8 50 56 89 21 88 61 64 16 0 44 46 74 17 56 
49 96 43 15 48 62 59 63 17 13 79 58 64 61 26 46 62 11 14 40 35 0 71 83 25 1 22 77 11 15 23 16 72 96 91 63 3 80 84 18 65 80 73 93 44 0 43 69 77 97 
26 43 88 88 19 67 67 83 36 58 3 26 21 1 2 75 47 28 93 86 27 25 53 87 11 62 5 19 12 39 80 41 24 56 14 79 62 3 10 86 90 84 75 4 46 43 0 73 63 91 
60 82 70 58 59 39 71 33 45 74 33 54 72 3 100 29 15 26 43 33 33 58 29 9 90 71 0 61 72 24 50 25 23 4 15 52 32 3 33 18 9 30 60 33 74 69 73 0 49 22 
26 87 36 75 80 38 25 61 98 59 83 92 63 73 81 14 87 41 34 25 70 37 25 75 61 87 19 21 61 52 37 81 48 16 46 20 8 68 9 58 98 62 90 70 17 77 63 49 0 14 
65 13 48 52 33 60 73 67 43 29 18 50 26 52 52 46 13 40 22 71 32 45 94 9 2 30 52 78 95 81 83 35 96 19 32 68 47 98 9 27 96 23 28 38 56 97 91 22 14 0 
RRBRBRRBBRRRBRBBBBBBRRBRBRBBRBRBBRRRBRRRBBRBBRRBRB
