44
0 30 81 82 60 69 72 66 19 73 64 86 28 60 11 7 65 12 48 26 25 26 54 36 12 99 92 37 79 79 98 35 99 98 76 17 98 95 6 62 22 90 49 25 
30 0 89 6 85 2 83 79 29 30 85 11 8 48 12 4 57 54 0 77 44 3 67 93 7 41 67 10 79 43 97 19 84 89 80 58 32 90 76 67 96 37 45 87 
81 89 0 38 50 64 81 82 92 65 26 48 40 91 69 94 91 71 3 57 89 75 7 79 63 62 68 99 16 22 9 37 18 45 44 61 52 22 22 29 33 67 71 27 
82 6 38 0 71 0 60 75 88 70 88 28 88 13 36 99 42 44 3 74 73 35 91 61 29 2 99 1 55 32 2 62 67 64 55 58 92 90 30 33 47 98 53 34 
60 85 50 71 0 26 42 1 19 96 40 75 79 2 67 99 76 85 59 14 47 86 24 51 98 33 27 0 69 75 68 22 98 23 77 39 37 90 64 54 79 52 37 2 
69 2 64 0 26 0 81 3 7 92 20 40 46 93 53 69 33 67 6 81 22 45 50 40 2 8 49 74 85 53 46 41 86 26 21 72 14 87 74 59 94 68 84 44 
72 83 81 60 42 81 0 30 99 88 75 39 48 8 89 8 50 95 55 13 23 56 27 63 58 100 73 98 0 29 72 65 17 55 11 24 74 99 93 52 92 65 93 51 
66 79 82 75 1 3 30 0 7 22 8 78 97 43 51 53 73 98 82 27 26 37 76 66 54 1 46 93 27 60 99 57 12 78 87 7 55 79 5 83 72 25 54 74 
19 29 92 88 19 7 99 7 0 41 49 33 58 45 10 18 28 42 1 100 44 87 99 76 91 44 82 45 36 93 54 70 33 15 44 47 46 97 32 48 28 8 44 50 
73 30 65 70 96 92 88 22 41 0 79 97 43 58 56 44 1 39 81 76 8 95 55 68 55 37 27 69 3 31 40 82 41 86 56 38 31 64 74 55 39 6 90 17 
64 85 26 88 40 20 75 8 49 79 0 66 94 94 30 62 25 64 95 13 52 46 15 71 59 87 48 83 27 44 18 96 61 86 42 63 89 20 44 71 97 64 50 94 
86 11 48 28 75 40 39 78 33 97 66 0 51 48 79 78 85 40 63 25 56 27 64 5 60 5 14 21 86 15 53 37 60 70 80 36 26 82 92 65 90 6 52 93 
28 8 40 88 79 46 48 97 58 43 94 51 0 1 52 64 75 99 41 22 84 34 3 83 53 33 92 42 47 54 24 20 50 71 8 100 53 0 66 25 89 90 26 81 
60 48 91 13 2 93 8 43 45 58 94 48 1 0 43 19 46 35 14 43 42 56 92 79 39 3 21 11 18 71 62 82 55 45 30 3 70 24 25 17 25 83 70 68 
11 12 69 36 67 53 89 51 10 56 30 79 52 43 0 68 49 100 53 12 30 37 27 79 68 18 48 37 40 50 23 70 27 97 90 94 6 23 49 95 9 58 98 85 
7 4 94 99 99 69 8 53 18 44 62 78 64 19 68 0 85 89 35 71 71 96 65 95 50 15 3 71 81 40 75 34 20 51 23 20 64 96 94 27 31 95 14 38 
65 57 91 42 76 33 50 73 28 1 25 85 75 46 49 85 0 26 26 31 57 52 34 21 44 14 24 1 17 66 43 33 86 6 13 85 16 3 81 27 78 35 17 12 
12 54 71 44 85 67 95 98 42 39 64 40 99 35 100 89 26 0 99 0 52 41 22 83 31 50 17 95 85 63 57 76 23 50 22 15 62 15 34 74 54 81 61 64 
48 0 3 3 59 6 55 82 1 81 95 63 41 14 53 35 26 99 0 68 49 46 8 87 54 21 49 89 69 65 82 94 93 45 60 29 59 23 84 87 100 1 49 44 
26 77 57 74 14 81 13 27 100 76 13 25 22 43 12 71 31 0 68 0 64 34 60 68 74 47 40 12 100 72 28 100 62 23 73 15 69 7 79 72 20 36 99 71 
25 44 89 73 47 22 23 26 44 8 52 56 84 42 30 71 57 52 49 64 0 87 10 90 70 26 92 4 40 73 85 88 76 83 9 72 20 72 53 13 17 29 99 100 
26 3 75 35 86 45 56 37 87 95 46 27 34 56 37 96 52 41 46 34 87 0 86 50 0 2 5 63 29 86 92 6 85 18 1 0 23 52 99 1 92 95 14 44 
54 67 7 91 24 50 27 76 99 55 15 64 3 92 27 65 34 22 8 60 10 86 0 75 66 69 62 7 86 61 29 57 97 23 18 5 100 60 43 91 8 60 77 28 
36 93 79 61 51 40 63 66 76 68 71 5 83 79 79 95 21 83 87 68 90 50 75 0 34 52 3 84 52 46 39 61 2 88 54 31 92 42 32 76 21 57 70 23 
12 7 63 29 98 2 58 54 91 55 59 60 53 39 68 50 44 31 54 74 70 0 66 34 0 25 73 36 61 28 40 95 13 78 77 37 92 28 88 24 17 53 8 21 
99 41 62 2 33 8 100 1 44 37 87 5 33 3 18 15 14 50 21 47 26 2 69 52 25 0 60 5 23 54 95 82 71 44 32 73 22 67 33 69 84 34 43 2 
92 67 68 99 27 49 73 46 82 27 48 14 92 21 48 3 24 17 49 40 92 5 62 3 73 60 0 69 32 42 73 28 100 63 52 18 43 85 8 62 34 24 51 64 
37 10 99 1 0 74 98 93 45 69 83 21 42 11 37 71 1 95 89 12 4 63 7 84 36 5 69 0 71 47 35 29 80 79 58 94 47 68 90 28 66 74 64 91 
79 79 16 55 69 85 0 27 36 3 27 86 47 18 40 81 17 85 69 100 40 29 86 52 61 23 32 71 0 28 6 45 91 23 79 55 8 86 0 62 93 95 51 15 
79 43 22 32 75 53 29 60 93 31 44 15 54 71 50 40 66 63 65 72 73 86 61 46 28 54 42 47 28 0 17 12 90 38 46 27 14 12 85 86 48 75 80 74 
98 97 9 2 68 46 72 99 54 40 18 53 24 62 23 75 43 57 82 28 85 92 29 39 40 95 73 35 6 17 0 6 100 97 77 9 69 19 19 15 91 89 89 19 
35 19 37 62 22 41 65 57 70 82 96 37 20 82 70 34 33 76 94 100 88 6 57 61 95 82 28 29 45 12 6 0 71 87 70 72 35 36 46 58 72 68 20 81 
99 84 18 67 98 86 17 12 33 41 61 60 50 55 27 20 86 23 93 62 76 85 97 2 13 71 100 80 91 90 100 71 0 100 61 4 66 35 37 83 11 97 93 67 
98 89 45 64 23 26 55 78 15 86 86 70 71 45 97 51 6 50 45 23 83 18 23 88 78 44 63 79 23 38 97 87 100 0 48 9 38 77 100 10 98 92 48 78 
76 80 44 55 77 21 11 87 44 56 42 80 8 30 90 23 13 22 60 73 9 1 18 54 77 32 52 58 79 46 77 70 61 48 0 77 90 32 28 62 98 94 7 45 
17 58 61 58 39 72 24 7 47 38 63 36 100 3 94 20 85 15 29 15 72 0 5 31 37 73 18 94 55 27 9 72 4 9 77 0 60 92 29 84 37 73 25 32 
98 32 52 92 37 14 74 55 46 31 89 26 53 70 6 64 16 62 59 69 20 23 100 92 92 22 43 47 8 14 69 35 66 38 90 60 0 60 3 94 70 24 86 75 
95 90 22 90 90 87 99 79 97 64 20 82 0 24 23 96 3 15 23 7 72 52 60 42 28 67 85 68 86 12 19 36 35 77 32 92 60 0 29 94 49 94 54 85 
6 76 22 30 64 74 93 5 32 74 44 92 66 25 49 94 81 34 84 79 53 99 43 32 88 33 8 90 0 85 19 46 37 100 28 29 3 29 0 96 83 13 13 38 
62 67 29 33 54 59 52 83 48 55 71 65 25 17 95 27 27 74 87 72 13 1 91 76 24 69 62 28 62 86 15 58 83 10 62 84 94 94 96 0 11 94 20 32 
22 96 33 47 79 94 92 72 28 39 97 90 89 25 9 31 78 54 100 20 17 92 8 21 17 84 34 66 93 48 91 72 11 98 98 37 70 49 83 11 0 59 50 64 
90 37 67 98 52 68 65 25 8 6 64 6 90 83 58 95 35 81 1 36 29 95 60 57 53 34 24 74 95 75 89 68 97 92 94 73 24 94 13 94 59 0 11 67 
49 45 71 53 37 84 93 54 44 90 50 52 26 70 98 14 17 61 49 99 99 14 77 70 8 43 51 64 51 80 89 20 93 48 7 25 86 54 13 20 50 11 0 16 
25 87 27 34 2 44 51 74 50 17 94 93 81 68 85 38 12 64 44 71 100 44 28 23 21 2 64 91 15 74 19 81 67 78 45 32 75 85 38 32 64 67 16 0 
RBBBRRRRBRRRRRBBRRBBBBRBBRBBRBRBRRRBRBBBRRBB
