34
0 33 91 36 18 94 18 22 45 75 73 9 20 25 36 90 17 86 71 17 32 57 0 81 95 69 62 29 95 40 43 2 69 5 
33 0 70 89 94 48 62 3 41 55 5 55 29 23 86 61 80 87 86 18 30 93 3 2 92 45 21 29 100 61 19 90 76 3 
91 70 0 58 95 25 37 94 58 19 44 59 73 78 68 18 45 29 30 45 12 44 23 98 0 49 86 18 75 87 22 70 69 47 
36 89 58 0 89 10 32 89 77 56 63 45 33 6 21 98 27 34 70 70 68 82 42 50 21 36 22 97 69 93 35 8 28 2 
18 94 95 89 0 81 36 80 85 95 93 61 72 7 31 13 57 7 15 96 31 73 3 94 58 55 80 17 67 73 89 88 79 40 
94 48 25 10 81 0 99 59 38 26 3 47 44 65 15 55 29 81 13 14 54 21 15 50 70 39 84 6 27 71 4 96 69 53 
18 62 37 32 36 99 0 46 79 9 79 80 33 90 54 6 97 66 31 20 46 75 74 45 60 79 90 6 18 98 55 18 19 21 
22 3 94 89 80 59 46 0 28 14 99 30 59 22 48 85 86 13 91 5 95 21 85 19 20 25 96 70 28 48 22 43 27 70 
45 41 58 77 85 38 79 28 0 22 27 41 73 44 71 39 82 42 96 66 36 80 79 7 9 45 1 68 58 21 9 77 59 28 
75 55 19 56 95 26 9 14 22 0 26 37 74 22 26 69 82 71 9 74 68 88 19 86 37 98 85 16 78 33 36 65 7 24 
73 5 44 63 93 3 79 99 27 26 0 54 88 91 75 66 71 14 74 30 83 50 6 89 22 14 59 20 25 79 55 2 31 36 
9 55 59 45 61 47 80 30 41 37 54 0 61 9 10 12 44 79 69 86 36 9 30 7 19 0 78 65 85 76 65 22 94 1 
20 29 73 33 72 44 33 59 73 74 88 61 0 92 51 20 21 26 5 78 69 21 67 35 13 72 47 44 11 98 54 51 47 5 
25 23 78 6 7 65 90 22 44 22 91 9 92 0 81 60 17 5 29 83 13 14 57 99 29 96 77 84 77 94 50 0 33 17 
36 86 68 21 31 15 54 48 71 26 75 10 51 81 0 47 30 4 95 32 56 28 88 55 38 5 78 64 67 35 6 43 75 27 
90 61 18 98 13 55 6 85 39 69 66 12 20 60 47 0 34 98 18 16 11 89 58 89 73 79 73 55 0 98 4 88 92 69 
17 80 45 27 57 29 97 86 82 82 71 44 21 17 30 34 0 99 12 30 69 57 7 35 43 87 87 82 91 84 96 50 17 85 
86 87 29 34 7 81 66 13 42 71 14 79 26 5 4 98 99 0 60 81 93 6 36 57 29 88 95 37 94 97 3 53 53 58 
71 86 30 70 15 13 31 91 96 9 74 69 5 29 95 18 12 60 0 36 39 15 40 90 47 55 70 84 77 9 70 67 27 89 
17 18 45 70 96 14 20 5 66 74 30 86 78 83 32 16 30 81 36 0 7 81 92 2 89 85 31 90 89 22 84 53 56 6 
32 30 12 68 31 54 46 95 36 68 83 36 69 13 56 11 69 93 39 7 0 54 12 16 54 10 8 18 25 86 0 100 30 33 
57 93 44 82 73 21 75 21 80 88 50 9 21 14 28 89 57 6 15 81 54 0 66 43 0 43 67 81 24 96 67 70 59 40 
0 3 23 42 3 15 74 85 79 19 6 30 67 57 88 58 7 36 40 92 12 66 0 20 52 5 39 69 85 39 55 49 66 4 
81 2 98 50 94 50 45 19 7 86 89 7 35 99 55 89 35 57 90 2 16 43 20 0 43 25 41 19 96 28 54 2 50 76 
95 92 0 21 58 70 60 20 9 37 22 19 13 29 38 73 43 29 47 89 54 0 52 43 0 97 64 92 75 90 48 7 76 66 
69 45 49 36 55 39 79 25 45 98 14 0 72 96 5 79 87 88 55 85 10 43 5 25 97 0 59 12 66 85 64 63 100 81 
62 21 86 22 80 84 90 96 1 85 59 78 47 77 78 73 87 95 70 31 8 67 39 41 64 59 0 62 50 65 43 97 17 68 
29 29 18 97 17 6 6 70 68 16 20 65 44 84 64 55 82 37 84 90 18 81 69 19 92 12 62 0 22 84 12 10 52 7 
95 100 75 69 67 27 18 28 58 78 25 85 11 77 67 0 91 94 77 89 25 24 85 96 75 66 50 22 0 12 79 70 14 34 
40 61 87 93 73 71 98 48 21 33 79 76 98 94 35 98 84 97 9 22 86 96 39 28 90 85 65 84 12 0 26 62 32 100 
43 19 22 35 89 4 55 22 9 36 55 65 54 50 6 4 96 3 70 84 0 67 55 54 48 64 43 12 79 26 0 78 58 22 
2 90 70 8 88 96 18 43 77 65 2 22 51 0 43 88 50 53 67 53 100 70 49 2 7 63 97 10 70 62 78 0 82 39 
69 76 69 28 79 69 19 27 59 7 31 94 47 33 75 92 17 53 27 56 30 59 66 50 76 100 17 52 14 32 58 82 0 39 
5 3 47 2 40 53 21 70 28 24 36 1 5 17 27 69 85 58 89 6 33 40 4 76 66 81 68 7 34 100 22 39 39 0 
RRRRRRBBRBBRRBBBBBRBRBRRBBBBRRRRBB
