48
0 86 19 15 24 70 21 26 97 90 11 91 92 82 41 64 97 11 5 93 10 85 63 98 57 81 72 85 2 19 88 21 51 58 96 56 5 93 42 60 91 7 76 6 80 52 52 51 
86 0 50 76 55 38 31 4 76 90 38 82 66 18 3 82 50 74 63 29 4 84 84 5 17 46 18 82 51 32 38 98 12 54 85 29 6 53 77 49 83 67 85 14 8 70 26 2 
19 50 0 25 92 50 4 93 86 78 55 43 30 46 7 35 33 91 12 89 68 53 43 61 53 29 29 85 71 47 77 97 75 47 21 15 91 56 76 15 70 40 88 34 75 58 32 3 
15 76 25 0 99 32 61 25 52 40 14 91 81 12 33 56 88 58 86 57 80 14 92 61 7 14 81 31 46 82 73 92 53 71 65 1 73 5 66 28 6 14 83 51 84 91 46 30 
24 55 92 99 0 88 26 16 39 36 77 88 19 100 44 85 81 88 75 67 98 92 63 91 56 42 11 31 32 57 33 51 77 35 51 14 29 84 50 24 26 23 18 19 78 18 10 35 
70 38 50 32 88 0 50 53 80 24 75 90 83 43 84 24 96 68 71 12 47 24 67 29 42 32 67 30 66 33 76 90 85 42 7 98 52 55 87 72 4 52 92 14 21 90 18 40 
21 31 4 61 26 50 0 46 56 49 67 34 53 98 35 25 1 0 74 12 66 79 96 38 25 48 82 76 4 54 92 93 63 53 11 26 79 56 79 59 59 87 4 0 47 49 0 93 
26 4 93 25 16 53 46 0 43 72 6 45 5 89 65 9 81 23 51 21 68 38 19 58 96 50 14 34 46 88 5 0 11 4 56 4 79 68 81 22 20 6 99 55 94 44 23 87 
97 76 86 52 39 80 56 43 0 22 22 75 36 19 8 82 3 13 54 17 82 84 70 40 61 80 32 0 24 70 64 48 40 41 33 21 73 60 61 15 97 94 80 14 41 25 28 10 
90 90 78 40 36 24 49 72 22 0 69 87 12 66 90 56 75 25 3 18 87 17 26 59 66 16 92 40 26 81 39 46 59 42 45 30 9 19 35 37 39 64 75 68 13 43 16 64 
11 38 55 14 77 75 67 6 22 69 0 63 9 46 52 67 40 30 7 15 54 21 46 26 96 56 70 38 66 27 17 94 30 50 21 51 42 48 4 82 66 95 99 34 60 46 98 17 
91 82 43 91 88 90 34 45 75 87 63 0 64 46 38 100 82 11 68 26 48 51 62 70 80 78 0 62 91 24 24 6 50 74 74 89 3 31 67 91 72 43 93 98 67 10 11 9 
92 66 30 81 19 83 53 5 36 12 9 64 0 33 40 68 86 28 57 74 31 82 86 42 19 60 8 24 5 60 88 3 29 9 9 86 5 6 24 32 57 39 29 28 93 32 22 21 
82 18 46 12 100 43 98 89 19 66 46 46 33 0 44 14 18 88 69 94 58 90 63 12 82 34 26 3 29 100 71 70 47 4 99 62 51 74 14 96 2 84 55 16 36 7 6 23 
41 3 7 33 44 84 35 65 8 90 52 38 40 44 0 67 84 6 27 49 40 38 64 9 38 82 68 91 73 36 18 76 95 96 70 12 29 53 64 10 24 43 87 45 70 0 83 58 
64 82 35 56 85 24 25 9 82 56 67 100 68 14 67 0 10 88 29 41 74 52 24 50 91 95 91 67 91 93 29 88 94 27 81 29 29 100 41 63 32 18 13 54 62 44 56 89 
97 50 33 88 81 96 1 81 3 75 40 82 86 18 84 10 0 56 71 94 69 27 87 14 57 81 13 10 57 16 25 49 26 41 78 41 46 12 61 41 93 73 95 89 10 52 84 22 
11 74 91 58 88 68 0 23 13 25 30 11 28 88 6 88 56 0 70 46 54 0 81 36 40 53 100 22 51 12 28 87 46 58 6 90 92 12 26 40 35 73 89 62 34 35 42 60 
5 63 12 86 75 71 74 51 54 3 7 68 57 69 27 29 71 70 0 49 8 79 43 51 59 96 54 70 3 56 24 75 28 24 87 87 96 1 96 64 22 33 94 57 80 37 4 58 
93 29 89 57 67 12 12 21 17 18 15 26 74 94 49 41 94 46 49 0 65 93 32 88 82 89 92 91 79 48 32 51 54 5 10 68 58 62 5 85 89 0 38 93 90 14 84 40 
10 4 68 80 98 47 66 68 82 87 54 48 31 58 40 74 69 54 8 65 0 10 52 86 9 36 51 52 86 25 84 26 92 10 37 78 82 32 23 11 10 12 84 48 83 90 2 0 
85 84 53 14 92 24 79 38 84 17 21 51 82 90 38 52 27 0 79 93 10 0 100 83 48 57 8 45 90 9 2 2 87 4 18 25 19 36 25 35 86 98 86 66 66 16 41 40 
63 84 43 92 63 67 96 19 70 26 46 62 86 63 64 24 87 81 43 32 52 100 0 8 5 72 33 58 82 15 94 98 95 39 99 1 43 40 28 15 98 76 15 30 57 48 13 45 
98 5 61 61 91 29 38 58 40 59 26 70 42 12 9 50 14 36 51 88 86 83 8 0 44 25 92 27 64 16 25 75 56 38 57 81 82 55 73 6 56 56 100 68 93 44 57 60 
57 17 53 7 56 42 25 96 61 66 96 80 19 82 38 91 57 40 59 82 9 48 5 44 0 3 34 5 78 16 76 80 22 44 79 9 90 74 94 94 60 44 81 55 94 78 39 78 
81 46 29 14 42 32 48 50 80 16 56 78 60 34 82 95 81 53 96 89 36 57 72 25 3 0 45 5 32 32 4 91 4 77 42 84 85 35 62 98 49 59 20 58 74 19 77 0 
72 18 29 81 11 67 82 14 32 92 70 0 8 26 68 91 13 100 54 92 51 8 33 92 34 45 0 51 5 44 62 91 24 12 89 66 32 28 57 16 71 63 20 46 35 19 8 82 
85 82 85 31 31 30 76 34 0 40 38 62 24 3 91 67 10 22 70 91 52 45 58 27 5 5 51 0 75 22 43 90 99 80 32 67 99 37 7 60 36 23 4 22 35 90 1 83 
2 51 71 46 32 66 4 46 24 26 66 91 5 29 73 91 57 51 3 79 86 90 82 64 78 32 5 75 0 86 53 7 35 17 75 80 31 12 97 95 84 8 45 36 6 93 16 61 
19 32 47 82 57 33 54 88 70 81 27 24 60 100 36 93 16 12 56 48 25 9 15 16 16 32 44 22 86 0 4 31 60 51 85 56 72 21 39 63 3 82 47 54 91 36 82 43 
88 38 77 73 33 76 92 5 64 39 17 24 88 71 18 29 25 28 24 32 84 2 94 25 76 4 62 43 53 4 0 49 15 84 43 1 71 77 90 69 100 51 27 29 80 72 15 24 
21 98 97 92 51 90 93 0 48 46 94 6 3 70 76 88 49 87 75 51 26 2 98 75 80 91 91 90 7 31 49 0 58 39 78 98 75 67 36 53 19 40 69 91 51 10 40 4 
51 12 75 53 77 85 63 11 40 59 30 50 29 47 95 94 26 46 28 54 92 87 95 56 22 4 24 99 35 60 15 58 0 2 22 49 2 27 7 77 41 65 95 37 52 8 37 75 
58 54 47 71 35 42 53 4 41 42 50 74 9 4 96 27 41 58 24 5 10 4 39 38 44 77 12 80 17 51 84 39 2 0 99 35 39 96 77 21 21 33 42 38 9 12 89 42 
96 85 21 65 51 7 11 56 33 45 21 74 9 99 70 81 78 6 87 10 37 18 99 57 79 42 89 32 75 85 43 78 22 99 0 61 37 23 33 88 42 96 28 81 81 66 88 83 
56 29 15 1 14 98 26 4 21 30 51 89 86 62 12 29 41 90 87 68 78 25 1 81 9 84 66 67 80 56 1 98 49 35 61 0 1 54 50 34 11 85 82 2 11 38 3 74 
5 6 91 73 29 52 79 79 73 9 42 3 5 51 29 29 46 92 96 58 82 19 43 82 90 85 32 99 31 72 71 75 2 39 37 1 0 55 25 38 78 23 100 64 28 68 20 47 
93 53 56 5 84 55 56 68 60 19 48 31 6 74 53 100 12 12 1 62 32 36 40 55 74 35 28 37 12 21 77 67 27 96 23 54 55 0 36 50 84 98 56 68 69 81 55 17 
42 77 76 66 50 87 79 81 61 35 4 67 24 14 64 41 61 26 96 5 23 25 28 73 94 62 57 7 97 39 90 36 7 77 33 50 25 36 0 44 71 75 81 97 8 35 56 77 
60 49 15 28 24 72 59 22 15 37 82 91 32 96 10 63 41 40 64 85 11 35 15 6 94 98 16 60 95 63 69 53 77 21 88 34 38 50 44 0 90 1 40 8 30 41 39 91 
91 83 70 6 26 4 59 20 97 39 66 72 57 2 24 32 93 35 22 89 10 86 98 56 60 49 71 36 84 3 100 19 41 21 42 11 78 84 71 90 0 34 16 14 57 78 49 6 
7 67 40 14 23 52 87 6 94 64 95 43 39 84 43 18 73 73 33 0 12 98 76 56 44 59 63 23 8 82 51 40 65 33 96 85 23 98 75 1 34 0 39 14 8 25 80 53 
76 85 88 83 18 92 4 99 80 75 99 93 29 55 87 13 95 89 94 38 84 86 15 100 81 20 20 4 45 47 27 69 95 42 28 82 100 56 81 40 16 39 0 12 57 49 17 2 
6 14 34 51 19 14 0 55 14 68 34 98 28 16 45 54 89 62 57 93 48 66 30 68 55 58 46 22 36 54 29 91 37 38 81 2 64 68 97 8 14 14 12 0 6 12 93 34 
80 8 75 84 78 21 47 94 41 13 60 67 93 36 70 62 10 34 80 90 83 66 57 93 94 74 35 35 6 91 80 51 52 9 81 11 28 69 8 30 57 8 57 6 0 19 19 5 
52 70 58 91 18 90 49 44 25 43 46 10 32 7 0 44 52 35 37 14 90 16 48 44 78 19 19 90 93 36 72 10 8 12 66 38 68 81 35 41 78 25 49 12 19 0 45 67 
52 26 32 46 10 18 0 23 28 16 98 11 22 6 83 56 84 42 4 84 2 41 13 57 39 77 8 1 16 82 15 40 37 89 88 3 20 55 56 39 49 80 17 93 19 45 0 21 
51 2 3 30 35 40 93 87 10 64 17 9 21 23 58 89 22 60 58 40 0 40 45 60 78 0 82 83 61 43 24 4 75 42 83 74 47 17 77 91 6 53 2 34 5 67 21 0 
RRBRBBBBRRRBBBRRBRRBRBBRRBBRBRRBRRRRBRRRBBRBBBBB
