46
0 91 86 82 61 18 47 54 73 90 52 19 68 28 46 0 18 16 70 80 71 79 22 14 72 83 65 25 85 15 16 96 64 85 80 11 52 82 98 90 35 88 94 10 31 20 
91 0 57 79 92 56 44 88 93 88 82 62 88 100 46 7 34 88 66 62 92 26 10 52 85 85 47 90 86 9 4 0 14 18 60 18 52 72 95 36 51 78 36 89 46 76 
86 57 0 67 58 79 94 34 93 65 5 84 26 6 19 58 94 44 80 53 51 54 3 39 41 41 78 85 72 0 45 19 16 87 52 10 76 38 18 43 21 79 15 84 56 48 
82 79 67 0 39 66 47 49 26 92 16 20 73 12 63 21 30 94 77 62 1 16 67 78 91 98 20 10 76 50 28 40 4 39 92 13 74 43 43 16 73 74 45 91 75 73 
61 92 58 39 0 61 100 89 43 18 99 45 15 24 89 14 42 36 85 92 63 88 10 7 26 100 35 49 95 24 54 65 70 53 78 96 39 87 1 67 43 51 51 55 41 41 
18 56 79 66 61 0 9 49 17 48 46 2 92 29 88 9 15 21 91 49 94 22 83 86 28 81 8 66 6 22 32 45 92 66 6 37 67 16 97 58 64 65 41 44 35 13 
47 44 94 47 100 9 0 55 41 78 53 0 25 64 47 25 18 60 65 43 60 63 3 8 80 63 44 57 25 91 5 9 92 5 65 15 14 81 95 91 53 47 29 29 46 80 
54 88 34 49 89 49 55 0 45 31 50 49 78 32 53 63 26 77 64 98 28 17 8 62 25 40 19 0 93 0 62 13 58 63 24 34 49 55 4 50 52 9 96 7 31 29 
73 93 93 26 43 17 41 45 0 9 93 43 43 52 32 57 47 77 71 9 58 33 26 91 55 70 100 23 91 37 56 53 4 79 37 48 56 60 47 29 26 21 6 2 42 12 
90 88 65 92 18 48 78 31 9 0 53 85 82 84 75 63 99 2 17 20 68 85 40 4 43 59 87 76 19 50 80 52 88 89 7 90 20 69 98 71 81 33 67 60 45 35 
52 82 5 16 99 46 53 50 93 53 0 83 21 36 69 65 56 16 32 3 3 53 7 71 6 28 34 32 22 91 82 73 44 66 90 4 10 2 90 56 1 99 54 94 21 44 
19 62 84 20 45 2 0 49 43 85 83 0 98 48 17 91 71 41 5 8 31 37 80 54 56 89 53 71 62 86 5 27 0 85 34 100 29 42 37 15 49 90 48 57 41 55 
68 88 26 73 15 92 25 78 43 82 21 98 0 59 6 67 80 93 39 23 55 8 53 34 24 8 29 69 71 30 46 60 83 52 5 31 12 12 34 92 24 90 18 43 98 72 
28 100 6 12 24 29 64 32 52 84 36 48 59 0 12 21 37 40 12 50 27 60 54 19 25 53 7 40 99 7 84 46 6 32 68 17 31 11 92 16 25 8 26 3 48 92 
46 46 19 63 89 88 47 53 32 75 69 17 6 12 0 66 14 9 21 23 58 71 29 76 92 95 53 23 33 47 75 90 65 57 60 1 67 69 97 59 17 6 40 89 22 22 
0 7 58 21 14 9 25 63 57 63 65 91 67 21 66 0 59 87 71 46 68 4 59 99 78 16 15 63 99 38 45 73 95 66 88 22 47 63 28 10 59 90 62 23 16 15 
18 34 94 30 42 15 18 26 47 99 56 71 80 37 14 59 0 59 29 54 8 80 77 51 47 16 82 22 31 14 99 81 40 81 8 61 56 33 6 29 29 26 40 89 79 1 
16 88 44 94 36 21 60 77 77 2 16 41 93 40 9 87 59 0 79 75 76 66 29 82 61 68 80 32 93 12 91 35 15 99 38 36 51 31 61 58 100 77 80 26 94 55 
70 66 80 77 85 91 65 64 71 17 32 5 39 12 21 71 29 79 0 31 62 41 61 8 48 88 34 1 6 59 19 4 91 37 20 47 30 16 78 4 81 67 74 18 15 94 
80 62 53 62 92 49 43 98 9 20 3 8 23 50 23 46 54 75 31 0 42 2 42 98 11 2 43 74 93 9 75 7 14 100 43 51 60 20 24 55 41 90 70 83 31 59 
71 92 51 1 63 94 60 28 58 68 3 31 55 27 58 68 8 76 62 42 0 41 4 56 6 57 69 42 37 53 83 50 65 21 66 42 75 46 14 67 29 20 78 1 81 13 
79 26 54 16 88 22 63 17 33 85 53 37 8 60 71 4 80 66 41 2 41 0 88 56 34 63 66 7 18 41 19 84 5 86 99 88 55 14 70 32 8 5 83 76 20 30 
22 10 3 67 10 83 3 8 26 40 7 80 53 54 29 59 77 29 61 42 4 88 0 99 94 10 45 41 72 27 31 34 8 15 33 14 24 21 76 84 4 91 4 97 76 53 
14 52 39 78 7 86 8 62 91 4 71 54 34 19 76 99 51 82 8 98 56 56 99 0 76 54 44 29 34 98 86 30 40 61 50 74 32 11 1 66 35 35 71 50 53 86 
72 85 41 91 26 28 80 25 55 43 6 56 24 25 92 78 47 61 48 11 6 34 94 76 0 67 52 97 46 24 43 41 63 28 82 45 42 59 31 95 52 83 47 51 21 35 
83 85 41 98 100 81 63 40 70 59 28 89 8 53 95 16 16 68 88 2 57 63 10 54 67 0 43 43 79 82 31 41 64 85 41 32 61 31 13 15 14 4 8 46 100 37 
65 47 78 20 35 8 44 19 100 87 34 53 29 7 53 15 82 80 34 43 69 66 45 44 52 43 0 61 65 51 41 82 20 21 35 22 76 22 35 69 71 3 89 27 80 38 
25 90 85 10 49 66 57 0 23 76 32 71 69 40 23 63 22 32 1 74 42 7 41 29 97 43 61 0 38 17 51 45 26 56 59 44 66 57 59 52 77 42 39 3 56 16 
85 86 72 76 95 6 25 93 91 19 22 62 71 99 33 99 31 93 6 93 37 18 72 34 46 79 65 38 0 46 74 49 94 78 50 36 82 28 58 72 53 96 40 6 68 59 
15 9 0 50 24 22 91 0 37 50 91 86 30 7 47 38 14 12 59 9 53 41 27 98 24 82 51 17 46 0 88 71 49 97 48 71 3 98 35 81 54 54 60 100 5 72 
16 4 45 28 54 32 5 62 56 80 82 5 46 84 75 45 99 91 19 75 83 19 31 86 43 31 41 51 74 88 0 37 1 89 12 75 54 48 17 41 31 47 75 51 95 24 
96 0 19 40 65 45 9 13 53 52 73 27 60 46 90 73 81 35 4 7 50 84 34 30 41 41 82 45 49 71 37 0 78 88 59 68 7 64 62 100 35 15 89 65 26 27 
64 14 16 4 70 92 92 58 4 88 44 0 83 6 65 95 40 15 91 14 65 5 8 40 63 64 20 26 94 49 1 78 0 28 55 77 0 46 61 22 90 77 50 59 51 11 
85 18 87 39 53 66 5 63 79 89 66 85 52 32 57 66 81 99 37 100 21 86 15 61 28 85 21 56 78 97 89 88 28 0 11 92 86 77 93 23 47 68 70 3 30 17 
80 60 52 92 78 6 65 24 37 7 90 34 5 68 60 88 8 38 20 43 66 99 33 50 82 41 35 59 50 48 12 59 55 11 0 46 39 51 35 87 29 73 9 8 39 94 
11 18 10 13 96 37 15 34 48 90 4 100 31 17 1 22 61 36 47 51 42 88 14 74 45 32 22 44 36 71 75 68 77 92 46 0 91 56 57 100 32 1 74 15 98 76 
52 52 76 74 39 67 14 49 56 20 10 29 12 31 67 47 56 51 30 60 75 55 24 32 42 61 76 66 82 3 54 7 0 86 39 91 0 85 26 53 88 91 82 36 60 50 
82 72 38 43 87 16 81 55 60 69 2 42 12 11 69 63 33 31 16 20 46 14 21 11 59 31 22 57 28 98 48 64 46 77 51 56 85 0 10 51 93 38 93 24 48 24 
98 95 18 43 1 97 95 4 47 98 90 37 34 92 97 28 6 61 78 24 14 70 76 1 31 13 35 59 58 35 17 62 61 93 35 57 26 10 0 83 17 22 34 67 31 54 
90 36 43 16 67 58 91 50 29 71 56 15 92 16 59 10 29 58 4 55 67 32 84 66 95 15 69 52 72 81 41 100 22 23 87 100 53 51 83 0 79 52 46 1 0 72 
35 51 21 73 43 64 53 52 26 81 1 49 24 25 17 59 29 100 81 41 29 8 4 35 52 14 71 77 53 54 31 35 90 47 29 32 88 93 17 79 0 39 20 37 85 52 
88 78 79 74 51 65 47 9 21 33 99 90 90 8 6 90 26 77 67 90 20 5 91 35 83 4 3 42 96 54 47 15 77 68 73 1 91 38 22 52 39 0 63 18 91 50 
94 36 15 45 51 41 29 96 6 67 54 48 18 26 40 62 40 80 74 70 78 83 4 71 47 8 89 39 40 60 75 89 50 70 9 74 82 93 34 46 20 63 0 76 100 79 
10 89 84 91 55 44 29 7 2 60 94 57 43 3 89 23 89 26 18 83 1 76 97 50 51 46 27 3 6 100 51 65 59 3 8 15 36 24 67 1 37 18 76 0 65 6 
31 46 56 75 41 35 46 31 42 45 21 41 98 48 22 16 79 94 15 31 81 20 76 53 21 100 80 56 68 5 95 26 51 30 39 98 60 48 31 0 85 91 100 65 0 50 
20 76 48 73 41 13 80 29 12 35 44 55 72 92 22 15 1 55 94 59 13 30 53 86 35 37 38 16 59 72 24 27 11 17 94 76 50 24 54 72 52 50 79 6 50 0 
RBRBBRBRRRBBBRRRRBBRBBBBBBRRRRBBRBRBRBRRRBRBRB
