44
0 58 70 7 42 97 52 93 95 10 40 16 37 39 16 47 53 42 29 4 89 53 56 60 60 19 62 0 36 46 79 97 7 5 0 49 52 35 52 26 16 36 11 67 
58 0 34 64 24 64 21 76 43 60 1 50 76 84 77 39 68 52 37 91 85 9 13 28 0 20 51 71 96 90 25 11 32 23 41 56 7 24 67 70 63 58 81 34 
70 34 0 31 7 82 53 2 2 49 9 6 77 24 60 26 78 44 89 37 45 93 42 8 85 86 53 57 63 56 49 74 39 84 50 24 85 0 44 6 25 3 83 51 
7 64 31 0 91 77 12 63 34 6 27 95 57 96 17 94 100 29 32 91 5 50 57 53 41 32 17 1 25 71 28 95 11 13 15 62 10 21 79 0 30 2 87 34 
42 24 7 91 0 29 89 62 59 52 78 43 65 4 32 57 39 35 90 65 54 70 32 15 8 11 98 31 49 57 76 7 71 86 52 81 48 48 90 69 13 54 1 63 
97 64 82 77 29 0 49 36 6 69 79 90 11 53 47 17 8 85 14 17 15 75 84 85 81 100 36 9 6 98 30 99 85 76 9 1 64 76 53 53 53 97 78 79 
52 21 53 12 89 49 0 92 6 11 81 0 71 5 58 59 29 31 17 33 70 40 93 35 87 18 68 32 53 87 99 29 93 96 99 35 99 97 49 52 48 64 20 40 
93 76 2 63 62 36 92 0 50 3 54 93 21 25 14 12 88 45 46 10 38 63 75 67 79 70 48 76 31 38 81 6 39 17 8 75 27 58 73 27 64 28 16 66 
95 43 2 34 59 6 6 50 0 83 36 69 59 11 5 38 54 0 67 7 34 75 7 66 24 87 22 42 94 21 4 74 11 26 57 64 97 94 44 37 16 1 20 50 
10 60 49 6 52 69 11 3 83 0 36 52 0 75 67 34 62 75 3 31 12 56 54 15 79 65 64 4 85 29 79 39 90 60 78 71 39 29 93 57 36 79 42 59 
40 1 9 27 78 79 81 54 36 36 0 16 88 88 1 5 72 41 66 50 9 79 31 42 49 4 84 37 41 54 26 47 100 49 31 98 24 48 42 26 89 36 72 61 
16 50 6 95 43 90 0 93 69 52 16 0 78 34 96 96 95 20 53 85 44 69 6 10 37 56 36 53 66 54 73 62 82 8 48 35 76 70 88 63 99 70 95 59 
37 76 77 57 65 11 71 21 59 0 88 78 0 15 48 100 92 11 4 20 11 46 29 14 8 9 56 1 72 15 2 62 56 54 91 83 14 72 23 35 96 58 54 58 
39 84 24 96 4 53 5 25 11 75 88 34 15 0 97 27 23 58 67 99 99 12 73 26 67 63 90 3 69 52 69 15 47 96 27 8 78 11 23 46 93 17 8 48 
16 77 60 17 32 47 58 14 5 67 1 96 48 97 0 40 61 77 1 34 98 30 18 58 84 55 72 92 67 12 70 99 84 25 65 17 39 85 29 33 10 92 4 82 
47 39 26 94 57 17 59 12 38 34 5 96 100 27 40 0 12 36 68 11 2 28 59 34 51 76 73 29 67 57 14 95 92 42 32 27 29 34 2 98 20 54 9 73 
53 68 78 100 39 8 29 88 54 62 72 95 92 23 61 12 0 14 85 13 72 77 50 94 11 40 90 25 26 67 78 30 70 38 67 51 48 5 77 66 33 84 11 88 
42 52 44 29 35 85 31 45 0 75 41 20 11 58 77 36 14 0 80 47 0 39 7 83 5 10 17 43 42 66 80 68 36 65 24 59 65 93 18 74 30 62 67 84 
29 37 89 32 90 14 17 46 67 3 66 53 4 67 1 68 85 80 0 60 17 33 48 100 68 36 6 26 60 62 66 24 11 10 77 10 26 86 88 11 14 16 76 71 
4 91 37 91 65 17 33 10 7 31 50 85 20 99 34 11 13 47 60 0 75 79 36 33 16 21 54 39 76 52 55 49 28 5 63 66 28 72 12 39 54 70 59 13 
89 85 45 5 54 15 70 38 34 12 9 44 11 99 98 2 72 0 17 75 0 46 77 25 49 40 16 67 30 10 72 48 11 39 47 11 61 4 44 57 51 36 68 75 
53 9 93 50 70 75 40 63 75 56 79 69 46 12 30 28 77 39 33 79 46 0 6 90 58 29 61 55 51 80 79 83 88 96 11 22 25 94 78 55 65 86 28 83 
56 13 42 57 32 84 93 75 7 54 31 6 29 73 18 59 50 7 48 36 77 6 0 2 12 8 3 65 21 49 100 59 56 38 61 6 32 44 51 20 93 85 41 4 
60 28 8 53 15 85 35 67 66 15 42 10 14 26 58 34 94 83 100 33 25 90 2 0 46 69 95 49 83 4 38 85 78 47 83 21 11 17 40 44 70 17 98 36 
60 0 85 41 8 81 87 79 24 79 49 37 8 67 84 51 11 5 68 16 49 58 12 46 0 21 45 50 2 67 57 96 71 99 93 22 80 23 23 35 63 9 10 8 
19 20 86 32 11 100 18 70 87 65 4 56 9 63 55 76 40 10 36 21 40 29 8 69 21 0 65 18 38 99 53 13 48 55 22 99 7 37 35 29 13 76 83 40 
62 51 53 17 98 36 68 48 22 64 84 36 56 90 72 73 90 17 6 54 16 61 3 95 45 65 0 92 9 28 48 52 28 23 23 43 100 34 67 96 100 6 31 2 
0 71 57 1 31 9 32 76 42 4 37 53 1 3 92 29 25 43 26 39 67 55 65 49 50 18 92 0 45 51 54 48 33 89 7 98 80 64 72 56 42 85 45 74 
36 96 63 25 49 6 53 31 94 85 41 66 72 69 67 67 26 42 60 76 30 51 21 83 2 38 9 45 0 85 58 42 42 19 65 15 11 69 94 60 51 62 97 56 
46 90 56 71 57 98 87 38 21 29 54 54 15 52 12 57 67 66 62 52 10 80 49 4 67 99 28 51 85 0 79 82 93 7 38 82 80 15 5 37 74 79 89 29 
79 25 49 28 76 30 99 81 4 79 26 73 2 69 70 14 78 80 66 55 72 79 100 38 57 53 48 54 58 79 0 20 20 45 93 57 9 48 51 77 82 92 84 66 
97 11 74 95 7 99 29 6 74 39 47 62 62 15 99 95 30 68 24 49 48 83 59 85 96 13 52 48 42 82 20 0 68 78 96 67 1 30 85 54 1 44 42 80 
7 32 39 11 71 85 93 39 11 90 100 82 56 47 84 92 70 36 11 28 11 88 56 78 71 48 28 33 42 93 20 68 0 90 88 34 31 29 73 53 95 79 53 11 
5 23 84 13 86 76 96 17 26 60 49 8 54 96 25 42 38 65 10 5 39 96 38 47 99 55 23 89 19 7 45 78 90 0 64 29 18 37 15 54 20 69 16 14 
0 41 50 15 52 9 99 8 57 78 31 48 91 27 65 32 67 24 77 63 47 11 61 83 93 22 23 7 65 38 93 96 88 64 0 19 51 30 28 47 0 43 27 40 
49 56 24 62 81 1 35 75 64 71 98 35 83 8 17 27 51 59 10 66 11 22 6 21 22 99 43 98 15 82 57 67 34 29 19 0 69 18 28 92 41 57 61 32 
52 7 85 10 48 64 99 27 97 39 24 76 14 78 39 29 48 65 26 28 61 25 32 11 80 7 100 80 11 80 9 1 31 18 51 69 0 7 76 92 54 46 55 85 
35 24 0 21 48 76 97 58 94 29 48 70 72 11 85 34 5 93 86 72 4 94 44 17 23 37 34 64 69 15 48 30 29 37 30 18 7 0 22 95 63 50 41 84 
52 67 44 79 90 53 49 73 44 93 42 88 23 23 29 2 77 18 88 12 44 78 51 40 23 35 67 72 94 5 51 85 73 15 28 28 76 22 0 52 4 71 58 55 
26 70 6 0 69 53 52 27 37 57 26 63 35 46 33 98 66 74 11 39 57 55 20 44 35 29 96 56 60 37 77 54 53 54 47 92 92 95 52 0 17 60 27 4 
16 63 25 30 13 53 48 64 16 36 89 99 96 93 10 20 33 30 14 54 51 65 93 70 63 13 100 42 51 74 82 1 95 20 0 41 54 63 4 17 0 17 93 19 
36 58 3 2 54 97 64 28 1 79 36 70 58 17 92 54 84 62 16 70 36 86 85 17 9 76 6 85 62 79 92 44 79 69 43 57 46 50 71 60 17 0 30 44 
11 81 83 87 1 78 20 16 20 42 72 95 54 8 4 9 11 67 76 59 68 28 41 98 10 83 31 45 97 89 84 42 53 16 27 61 55 41 58 27 93 30 0 87 
67 34 51 34 63 79 40 66 50 59 61 59 58 48 82 73 88 84 71 13 75 83 4 36 8 40 2 74 56 29 66 80 11 14 40 32 85 84 55 4 19 44 87 0 
BRRBBRRBBRRBBBBRBBBRRBBRRRRRRRRBBRRRBBBRBRBB
