44
0 16 59 39 46 63 38 13 6 65 37 23 54 25 24 95 34 16 41 22 26 14 67 81 55 53 65 44 19 72 90 97 87 68 43 41 45 52 59 34 93 37 24 99 
16 0 34 72 32 45 75 49 38 31 13 78 11 17 45 73 96 55 4 36 40 77 71 88 94 1 63 11 5 45 98 33 21 10 60 67 46 15 64 46 64 46 66 33 
59 34 0 78 64 89 26 85 14 9 24 72 94 29 25 81 32 96 78 27 51 94 7 80 4 83 97 27 76 93 42 75 73 15 68 96 87 61 69 33 6 90 20 72 
39 72 78 0 59 12 96 2 10 62 57 54 99 65 35 81 50 9 27 59 16 35 26 35 80 26 52 67 49 8 67 25 43 64 100 44 21 82 52 4 77 99 96 91 
46 32 64 59 0 57 19 32 23 99 68 34 33 43 19 64 51 31 9 7 42 92 29 53 27 56 45 21 75 91 52 7 4 21 78 17 69 91 61 68 42 42 4 30 
63 45 89 12 57 0 23 17 75 87 17 70 5 74 67 43 7 73 72 94 86 36 21 56 47 1 22 98 3 37 47 62 33 60 45 52 48 26 91 90 47 93 14 60 
38 75 26 96 19 23 0 79 11 33 59 43 83 45 5 15 7 36 90 13 39 36 26 36 66 98 18 100 48 76 40 99 9 7 34 34 79 100 23 11 55 92 66 59 
13 49 85 2 32 17 79 0 99 53 98 20 43 84 28 4 92 97 3 44 91 84 15 65 59 51 87 27 86 55 29 75 42 68 6 53 36 19 98 26 86 43 96 92 
6 38 14 10 23 75 11 99 0 93 81 6 57 16 23 76 93 45 23 81 57 99 62 32 23 30 18 22 81 54 23 40 9 76 97 76 50 87 30 21 63 7 38 30 
65 31 9 62 99 87 33 53 93 0 76 15 58 4 71 20 64 69 58 100 62 52 2 45 24 73 69 1 22 76 28 0 13 90 21 52 44 20 24 53 8 62 27 98 
37 13 24 57 68 17 59 98 81 76 0 12 86 90 87 42 17 9 42 16 77 41 23 68 3 70 72 54 45 24 93 29 56 42 23 59 43 11 24 93 96 39 37 86 
23 78 72 54 34 70 43 20 6 15 12 0 50 17 28 84 65 11 54 64 78 67 85 72 99 18 47 13 69 98 19 32 96 91 55 14 54 5 1 91 10 62 76 9 
54 11 94 99 33 5 83 43 57 58 86 50 0 60 55 87 20 22 72 9 69 10 80 42 84 56 1 90 30 93 87 26 62 16 40 93 100 31 49 89 61 97 64 75 
25 17 29 65 43 74 45 84 16 4 90 17 60 0 4 52 38 14 79 39 10 6 38 46 55 34 77 14 9 33 75 58 58 5 6 3 28 59 48 51 53 1 91 18 
24 45 25 35 19 67 5 28 23 71 87 28 55 4 0 9 64 79 62 11 23 62 39 73 41 16 24 45 52 3 69 53 78 37 45 76 73 12 23 37 33 60 25 0 
95 73 81 81 64 43 15 4 76 20 42 84 87 52 9 0 73 28 17 31 80 11 88 16 87 30 34 17 58 52 6 26 99 94 31 90 65 69 44 75 61 65 86 40 
34 96 32 50 51 7 7 92 93 64 17 65 20 38 64 73 0 16 17 82 18 0 27 73 6 88 57 20 12 61 37 86 97 23 59 87 26 77 37 47 46 29 98 7 
16 55 96 9 31 73 36 97 45 69 9 11 22 14 79 28 16 0 33 15 67 8 92 62 60 37 23 49 13 65 2 84 18 16 73 31 30 36 68 92 38 88 44 22 
41 4 78 27 9 72 90 3 23 58 42 54 72 79 62 17 17 33 0 89 85 21 0 42 98 15 49 63 25 41 79 6 30 35 60 54 46 37 92 28 44 75 62 89 
22 36 27 59 7 94 13 44 81 100 16 64 9 39 11 31 82 15 89 0 19 69 93 55 59 7 14 72 59 33 3 4 59 96 83 90 50 29 42 14 28 44 89 27 
26 40 51 16 42 86 39 91 57 62 77 78 69 10 23 80 18 67 85 19 0 60 50 29 44 37 37 28 19 66 43 27 18 7 74 80 33 89 45 25 31 91 91 58 
14 77 94 35 92 36 36 84 99 52 41 67 10 6 62 11 0 8 21 69 60 0 41 84 21 19 64 8 60 65 85 84 89 66 67 15 85 22 60 68 38 15 16 71 
67 71 7 26 29 21 26 15 62 2 23 85 80 38 39 88 27 92 0 93 50 41 0 77 8 2 6 27 24 44 53 59 84 15 4 8 69 39 71 33 39 85 54 97 
81 88 80 35 53 56 36 65 32 45 68 72 42 46 73 16 73 62 42 55 29 84 77 0 39 96 43 30 46 10 96 98 51 56 15 56 64 58 71 2 50 58 50 76 
55 94 4 80 27 47 66 59 23 24 3 99 84 55 41 87 6 60 98 59 44 21 8 39 0 86 93 42 32 62 28 30 91 44 0 16 27 66 4 20 79 88 12 92 
53 1 83 26 56 1 98 51 30 73 70 18 56 34 16 30 88 37 15 7 37 19 2 96 86 0 55 68 76 30 94 64 19 91 12 55 95 70 5 1 2 33 69 19 
65 63 97 52 45 22 18 87 18 69 72 47 1 77 24 34 57 23 49 14 37 64 6 43 93 55 0 39 62 58 37 79 3 62 50 22 54 96 57 79 49 11 54 66 
44 11 27 67 21 98 100 27 22 1 54 13 90 14 45 17 20 49 63 72 28 8 27 30 42 68 39 0 49 21 68 53 82 95 30 80 24 30 70 6 77 61 71 15 
19 5 76 49 75 3 48 86 81 22 45 69 30 9 52 58 12 13 25 59 19 60 24 46 32 76 62 49 0 85 20 75 43 44 19 56 59 44 39 64 54 58 53 39 
72 45 93 8 91 37 76 55 54 76 24 98 93 33 3 52 61 65 41 33 66 65 44 10 62 30 58 21 85 0 91 93 47 13 99 88 65 23 7 61 68 21 13 10 
90 98 42 67 52 47 40 29 23 28 93 19 87 75 69 6 37 2 79 3 43 85 53 96 28 94 37 68 20 91 0 46 73 39 67 15 72 55 58 73 39 37 27 87 
97 33 75 25 7 62 99 75 40 0 29 32 26 58 53 26 86 84 6 4 27 84 59 98 30 64 79 53 75 93 46 0 53 35 32 53 87 66 56 21 34 46 44 1 
87 21 73 43 4 33 9 42 9 13 56 96 62 58 78 99 97 18 30 59 18 89 84 51 91 19 3 82 43 47 73 53 0 90 62 30 75 5 74 64 40 35 6 16 
68 10 15 64 21 60 7 68 76 90 42 91 16 5 37 94 23 16 35 96 7 66 15 56 44 91 62 95 44 13 39 35 90 0 65 60 74 75 32 90 52 16 75 66 
43 60 68 100 78 45 34 6 97 21 23 55 40 6 45 31 59 73 60 83 74 67 4 15 0 12 50 30 19 99 67 32 62 65 0 12 65 35 55 87 20 16 22 91 
41 67 96 44 17 52 34 53 76 52 59 14 93 3 76 90 87 31 54 90 80 15 8 56 16 55 22 80 56 88 15 53 30 60 12 0 67 40 59 14 24 5 29 37 
45 46 87 21 69 48 79 36 50 44 43 54 100 28 73 65 26 30 46 50 33 85 69 64 27 95 54 24 59 65 72 87 75 74 65 67 0 73 96 24 57 61 84 93 
52 15 61 82 91 26 100 19 87 20 11 5 31 59 12 69 77 36 37 29 89 22 39 58 66 70 96 30 44 23 55 66 5 75 35 40 73 0 58 13 90 76 43 78 
59 64 69 52 61 91 23 98 30 24 24 1 49 48 23 44 37 68 92 42 45 60 71 71 4 5 57 70 39 7 58 56 74 32 55 59 96 58 0 64 24 37 44 11 
34 46 33 4 68 90 11 26 21 53 93 91 89 51 37 75 47 92 28 14 25 68 33 2 20 1 79 6 64 61 73 21 64 90 87 14 24 13 64 0 0 26 46 25 
93 64 6 77 42 47 55 86 63 8 96 10 61 53 33 61 46 38 44 28 31 38 39 50 79 2 49 77 54 68 39 34 40 52 20 24 57 90 24 0 0 72 4 1 
37 46 90 99 42 93 92 43 7 62 39 62 97 1 60 65 29 88 75 44 91 15 85 58 88 33 11 61 58 21 37 46 35 16 16 5 61 76 37 26 72 0 63 14 
24 66 20 96 4 14 66 96 38 27 37 76 64 91 25 86 98 44 62 89 91 16 54 50 12 69 54 71 53 13 27 44 6 75 22 29 84 43 44 46 4 63 0 16 
99 33 72 91 30 60 59 92 30 98 86 9 75 18 0 40 7 22 89 27 58 71 97 76 92 19 66 15 39 10 87 1 16 66 91 37 93 78 11 25 1 14 16 0 
BRRBBBRBRRRBRRBRBBRRRBBRRRRRRBBBBRBBBBRBRBRB
