32
0 48 44 62 36 67 53 18 39 71 4 21 94 67 90 39 65 88 67 14 86 86 85 27 25 83 37 80 83 1 23 43 
48 0 8 53 98 0 95 54 95 50 12 44 86 87 42 44 67 39 7 81 86 79 9 49 17 93 18 74 95 98 29 31 
44 8 0 36 81 87 7 33 76 68 1 55 99 65 24 65 75 2 11 10 47 63 20 56 81 73 38 48 56 60 92 37 
62 53 36 0 88 69 45 99 69 78 4 54 88 95 61 28 87 57 98 55 10 66 83 89 20 65 86 47 63 91 0 44 
36 98 81 88 0 71 27 24 3 32 92 73 16 97 16 58 95 51 83 8 62 2 59 59 89 97 18 41 1 44 57 62 
67 0 87 69 71 0 61 13 60 49 14 86 3 41 43 70 100 15 70 79 81 43 46 40 89 46 4 38 56 20 87 71 
53 95 7 45 27 61 0 1 88 80 9 74 79 37 57 7 5 9 13 18 49 87 18 1 36 13 3 75 77 27 91 37 
18 54 33 99 24 13 1 0 68 58 59 97 77 97 4 30 73 7 83 91 31 42 38 23 87 82 44 72 22 83 42 82 
39 95 76 69 3 60 88 68 0 69 81 48 25 28 90 0 10 55 7 31 70 61 36 75 51 64 9 56 67 6 44 63 
71 50 68 78 32 49 80 58 69 0 96 66 52 99 97 68 43 15 30 79 13 17 42 46 50 80 24 36 28 100 61 93 
4 12 1 4 92 14 9 59 81 96 0 70 41 40 84 4 91 67 69 67 79 27 97 53 100 11 61 23 64 88 66 3 
21 44 55 54 73 86 74 97 48 66 70 0 64 53 97 35 36 39 37 36 3 63 68 4 33 34 29 71 21 37 59 63 
94 86 99 88 16 3 79 77 25 52 41 64 0 36 68 23 37 31 27 15 11 36 51 83 48 0 48 31 46 73 24 93 
67 87 65 95 97 41 37 97 28 99 40 53 36 0 97 67 36 13 92 74 50 93 2 19 76 97 97 56 76 58 71 70 
90 42 24 61 16 43 57 4 90 97 84 97 68 97 0 38 61 92 35 96 91 58 70 5 98 78 45 97 84 54 42 38 
39 44 65 28 58 70 7 30 0 68 4 35 23 67 38 0 75 36 74 48 6 8 68 68 13 23 65 71 22 54 62 38 
65 67 75 87 95 100 5 73 10 43 91 36 37 36 61 75 0 94 0 26 53 32 50 77 55 62 38 67 43 83 1 62 
88 39 2 57 51 15 9 7 55 15 67 39 31 13 92 36 94 0 100 70 90 14 17 37 28 93 81 73 15 10 85 79 
67 7 11 98 83 70 13 83 7 30 69 37 27 92 35 74 0 100 0 28 22 81 48 17 73 14 41 86 29 39 37 52 
14 81 10 55 8 79 18 91 31 79 67 36 15 74 96 48 26 70 28 0 15 66 30 57 12 28 64 96 19 59 27 81 
86 86 47 10 62 81 49 31 70 13 79 3 11 50 91 6 53 90 22 15 0 39 30 23 16 20 75 58 92 78 93 74 
86 79 63 66 2 43 87 42 61 17 27 63 36 93 58 8 32 14 81 66 39 0 69 90 7 8 17 10 99 61 72 19 
85 9 20 83 59 46 18 38 36 42 97 68 51 2 70 68 50 17 48 30 30 69 0 78 3 94 18 45 56 9 88 91 
27 49 56 89 59 40 1 23 75 46 53 4 83 19 5 68 77 37 17 57 23 90 78 0 50 39 84 98 99 45 3 42 
25 17 81 20 89 89 36 87 51 50 100 33 48 76 98 13 55 28 73 12 16 7 3 50 0 29 28 91 39 35 11 55 
83 93 73 65 97 46 13 82 64 80 11 34 0 97 78 23 62 93 14 28 20 8 94 39 29 0 87 34 42 26 77 33 
37 18 38 86 18 4 3 44 9 24 61 29 48 97 45 65 38 81 41 64 75 17 18 84 28 87 0 80 87 32 29 8 
80 74 48 47 41 38 75 72 56 36 23 71 31 56 97 71 67 73 86 96 58 10 45 98 91 34 80 0 36 38 78 46 
83 95 56 63 1 56 77 22 67 28 64 21 46 76 84 22 43 15 29 19 92 99 56 99 39 42 87 36 0 94 43 6 
1 98 60 91 44 20 27 83 6 100 88 37 73 58 54 54 83 10 39 59 78 61 9 45 35 26 32 38 94 0 26 94 
23 29 92 0 57 87 91 42 44 61 66 59 24 71 42 62 1 85 37 27 93 72 88 3 11 77 29 78 43 26 0 83 
43 31 37 44 62 71 37 82 63 93 3 63 93 70 38 38 62 79 52 81 74 19 91 42 55 33 8 46 6 94 83 0 
RBBBRRRRBRBRRRBBRBBRBRBRRBRBRBBB
