50
0 42 54 42 68 27 79 100 95 31 45 38 32 35 22 94 65 63 38 5 33 21 83 93 7 62 47 41 98 28 58 14 71 0 76 80 43 4 0 62 75 48 73 19 69 59 7 38 94 72 
42 0 1 81 14 78 67 26 97 100 69 80 3 99 48 52 13 98 38 38 97 60 32 11 78 46 29 7 74 25 20 23 25 24 76 72 7 13 35 87 2 74 48 76 19 80 11 17 46 40 
54 1 0 90 88 7 6 74 43 31 41 99 99 99 99 3 88 77 10 81 59 80 62 39 94 27 93 52 44 66 27 53 17 28 69 31 92 91 81 93 28 88 48 71 40 31 36 80 90 3 
42 81 90 0 56 34 58 4 0 95 47 63 86 30 55 6 18 34 91 75 50 38 64 7 36 55 90 25 87 9 26 71 35 0 95 68 50 87 23 82 56 67 68 48 34 95 65 52 51 54 
68 14 88 56 0 45 45 87 1 46 82 51 73 67 92 59 1 67 36 74 72 38 98 29 73 21 36 45 21 16 33 88 78 66 67 88 12 58 55 3 2 64 88 16 12 91 41 84 93 77 
27 78 7 34 45 0 93 76 90 13 72 78 78 4 4 33 69 15 77 35 1 98 50 61 13 83 53 66 22 89 26 49 22 80 11 63 90 59 9 86 99 8 37 4 70 24 70 55 32 66 
79 67 6 58 45 93 0 94 12 85 1 1 70 19 64 100 10 12 73 3 99 85 100 90 6 40 12 57 34 12 84 93 31 78 51 28 93 85 41 25 20 55 50 98 76 66 1 85 70 9 
100 26 74 4 87 76 94 0 43 19 11 30 23 0 96 100 69 65 18 62 68 76 65 70 80 57 86 89 41 84 10 37 21 97 55 97 29 35 2 4 56 96 18 23 54 64 62 50 9 64 
95 97 43 0 1 90 12 43 0 22 20 34 66 70 59 21 29 94 84 10 18 63 18 56 100 76 97 65 47 6 68 32 15 13 55 31 90 93 2 76 95 19 71 92 100 92 32 32 29 76 
31 100 31 95 46 13 85 19 22 0 84 68 20 21 43 64 6 0 100 42 48 14 45 82 43 55 46 37 87 88 45 47 49 22 95 20 87 50 7 32 77 13 59 82 2 50 4 66 96 18 
45 69 41 47 82 72 1 11 20 84 0 11 34 41 56 49 38 49 76 93 98 18 80 85 5 73 25 86 52 45 38 43 89 14 91 42 16 57 97 51 62 42 39 70 58 27 5 31 91 49 
38 80 99 63 51 78 1 30 34 68 11 0 77 9 39 4 82 41 34 30 15 8 56 69 2 17 56 83 6 23 51 100 37 81 7 71 5 47 10 17 26 48 2 14 89 45 48 96 21 82 
32 3 99 86 73 78 70 23 66 20 34 77 0 21 95 85 35 54 69 96 45 76 71 13 4 74 84 43 58 81 33 49 17 67 6 97 59 54 89 85 66 15 70 96 71 48 67 21 32 59 
35 99 99 30 67 4 19 0 70 21 41 9 21 0 81 95 63 45 87 70 10 73 48 20 2 74 58 51 32 93 40 73 32 81 10 15 64 71 38 57 46 65 98 43 16 70 96 41 13 53 
22 48 99 55 92 4 64 96 59 43 56 39 95 81 0 27 15 43 22 86 83 8 56 5 42 23 58 22 3 67 62 54 72 33 80 72 65 35 13 50 14 71 26 22 21 84 63 34 39 64 
94 52 3 6 59 33 100 100 21 64 49 4 85 95 27 0 34 49 36 16 55 89 40 16 8 26 51 97 87 56 27 38 18 63 75 44 49 100 67 80 43 43 7 32 44 85 99 64 9 84 
65 13 88 18 1 69 10 69 29 6 38 82 35 63 15 34 0 90 34 9 41 65 25 49 86 96 66 84 1 2 39 33 9 48 72 18 36 89 56 12 8 54 78 30 72 56 2 57 51 81 
63 98 77 34 67 15 12 65 94 0 49 41 54 45 43 49 90 0 60 8 17 9 13 51 34 50 78 27 87 36 47 52 8 5 35 96 80 17 70 48 13 68 76 85 77 6 24 65 29 94 
38 38 10 91 36 77 73 18 84 100 76 34 69 87 22 36 34 60 0 35 43 15 52 84 100 67 99 9 92 42 59 91 17 6 51 6 20 66 99 79 60 43 99 39 51 41 76 21 71 38 
5 38 81 75 74 35 3 62 10 42 93 30 96 70 86 16 9 8 35 0 38 84 65 42 62 48 1 53 67 29 20 33 18 26 40 44 52 56 100 67 46 27 1 71 100 70 53 82 95 5 
33 97 59 50 72 1 99 68 18 48 98 15 45 10 83 55 41 17 43 38 0 71 76 36 19 85 97 85 20 41 31 54 59 0 94 2 64 99 83 5 18 97 86 31 52 99 29 35 79 90 
21 60 80 38 38 98 85 76 63 14 18 8 76 73 8 89 65 9 15 84 71 0 41 8 24 72 37 76 15 73 57 68 7 29 18 80 4 4 71 28 10 44 46 80 34 46 39 37 29 26 
83 32 62 64 98 50 100 65 18 45 80 56 71 48 56 40 25 13 52 65 76 41 0 14 35 69 43 15 94 94 93 21 78 52 36 9 94 98 95 88 80 36 76 95 55 28 44 20 31 99 
93 11 39 7 29 61 90 70 56 82 85 69 13 20 5 16 49 51 84 42 36 8 14 0 90 34 77 58 87 2 12 4 85 80 37 91 20 68 61 73 55 10 41 3 99 40 97 17 86 31 
7 78 94 36 73 13 6 80 100 43 5 2 4 2 42 8 86 34 100 62 19 24 35 90 0 14 26 50 100 66 8 8 34 12 51 64 2 85 71 25 90 15 70 26 75 4 39 77 80 42 
62 46 27 55 21 83 40 57 76 55 73 17 74 74 23 26 96 50 67 48 85 72 69 34 14 0 64 56 71 22 18 92 18 6 82 10 91 11 54 87 17 22 97 2 30 14 3 71 56 40 
47 29 93 90 36 53 12 86 97 46 25 56 84 58 58 51 66 78 99 1 97 37 43 77 26 64 0 51 2 48 8 81 92 12 18 77 23 67 59 12 3 60 46 23 18 83 8 42 56 37 
41 7 52 25 45 66 57 89 65 37 86 83 43 51 22 97 84 27 9 53 85 76 15 58 50 56 51 0 83 61 94 53 31 63 47 62 56 40 13 98 41 50 40 34 55 60 92 74 2 40 
98 74 44 87 21 22 34 41 47 87 52 6 58 32 3 87 1 87 92 67 20 15 94 87 100 71 2 83 0 16 17 1 55 48 73 84 66 33 32 93 65 80 1 36 59 75 54 36 67 66 
28 25 66 9 16 89 12 84 6 88 45 23 81 93 67 56 2 36 42 29 41 73 94 2 66 22 48 61 16 0 41 0 83 2 43 82 63 78 94 63 49 52 74 19 89 9 1 83 11 59 
58 20 27 26 33 26 84 10 68 45 38 51 33 40 62 27 39 47 59 20 31 57 93 12 8 18 8 94 17 41 0 4 64 27 63 85 75 72 18 2 24 83 23 40 54 86 46 15 75 57 
14 23 53 71 88 49 93 37 32 47 43 100 49 73 54 38 33 52 91 33 54 68 21 4 8 92 81 53 1 0 4 0 93 9 56 47 3 10 84 63 8 5 50 7 82 11 17 93 38 91 
71 25 17 35 78 22 31 21 15 49 89 37 17 32 72 18 9 8 17 18 59 7 78 85 34 18 92 31 55 83 64 93 0 40 89 36 84 89 86 76 77 96 75 95 45 28 36 64 42 47 
0 24 28 0 66 80 78 97 13 22 14 81 67 81 33 63 48 5 6 26 0 29 52 80 12 6 12 63 48 2 27 9 40 0 43 96 26 1 55 57 6 99 66 61 100 52 74 30 48 44 
76 76 69 95 67 11 51 55 55 95 91 7 6 10 80 75 72 35 51 40 94 18 36 37 51 82 18 47 73 43 63 56 89 43 0 52 6 45 67 7 44 24 9 57 21 44 71 1 65 80 
80 72 31 68 88 63 28 97 31 20 42 71 97 15 72 44 18 96 6 44 2 80 9 91 64 10 77 62 84 82 85 47 36 96 52 0 88 70 2 31 9 30 49 5 51 94 11 16 79 55 
43 7 92 50 12 90 93 29 90 87 16 5 59 64 65 49 36 80 20 52 64 4 94 20 2 91 23 56 66 63 75 3 84 26 6 88 0 45 53 26 92 67 33 24 14 63 42 40 40 61 
4 13 91 87 58 59 85 35 93 50 57 47 54 71 35 100 89 17 66 56 99 4 98 68 85 11 67 40 33 78 72 10 89 1 45 70 45 0 36 88 36 79 26 88 22 9 39 62 22 47 
0 35 81 23 55 9 41 2 2 7 97 10 89 38 13 67 56 70 99 100 83 71 95 61 71 54 59 13 32 94 18 84 86 55 67 2 53 36 0 27 100 87 53 48 29 30 14 31 22 14 
62 87 93 82 3 86 25 4 76 32 51 17 85 57 50 80 12 48 79 67 5 28 88 73 25 87 12 98 93 63 2 63 76 57 7 31 26 88 27 0 99 51 8 9 42 6 37 18 59 1 
75 2 28 56 2 99 20 56 95 77 62 26 66 46 14 43 8 13 60 46 18 10 80 55 90 17 3 41 65 49 24 8 77 6 44 9 92 36 100 99 0 34 50 68 36 2 81 62 59 57 
48 74 88 67 64 8 55 96 19 13 42 48 15 65 71 43 54 68 43 27 97 44 36 10 15 22 60 50 80 52 83 5 96 99 24 30 67 79 87 51 34 0 67 11 69 36 21 35 69 30 
73 48 48 68 88 37 50 18 71 59 39 2 70 98 26 7 78 76 99 1 86 46 76 41 70 97 46 40 1 74 23 50 75 66 9 49 33 26 53 8 50 67 0 52 32 32 70 4 38 23 
19 76 71 48 16 4 98 23 92 82 70 14 96 43 22 32 30 85 39 71 31 80 95 3 26 2 23 34 36 19 40 7 95 61 57 5 24 88 48 9 68 11 52 0 81 56 93 35 26 94 
69 19 40 34 12 70 76 54 100 2 58 89 71 16 21 44 72 77 51 100 52 34 55 99 75 30 18 55 59 89 54 82 45 100 21 51 14 22 29 42 36 69 32 81 0 16 82 25 30 50 
59 80 31 95 91 24 66 64 92 50 27 45 48 70 84 85 56 6 41 70 99 46 28 40 4 14 83 60 75 9 86 11 28 52 44 94 63 9 30 6 2 36 32 56 16 0 94 99 52 54 
7 11 36 65 41 70 1 62 32 4 5 48 67 96 63 99 2 24 76 53 29 39 44 97 39 3 8 92 54 1 46 17 36 74 71 11 42 39 14 37 81 21 70 93 82 94 0 85 94 42 
38 17 80 52 84 55 85 50 32 66 31 96 21 41 34 64 57 65 21 82 35 37 20 17 77 71 42 74 36 83 15 93 64 30 1 16 40 62 31 18 62 35 4 35 25 99 85 0 21 64 
94 46 90 51 93 32 70 9 29 96 91 21 32 13 39 9 51 29 71 95 79 29 31 86 80 56 56 2 67 11 75 38 42 48 65 79 40 22 22 59 59 69 38 26 30 52 94 21 0 77 
72 40 3 54 77 66 9 64 76 18 49 82 59 53 64 84 81 94 38 5 90 26 99 31 42 40 37 40 66 59 57 91 47 44 80 55 61 47 14 1 57 30 23 94 50 54 42 64 77 0 
RRRBBRRRBBRRBRBBBRRRBBBRBBBBRRRBBBRBRBBRRBRBRRRBBR
